~o
<STREAMINFO> 1 8
<VECSIZE> 8<NULLD><USER><DIAGC>
~h "_"
<BEGINHMM>
<NUMSTATES> 6
<STATE> 2
<MEAN> 8
 -7.267496e+00 -9.805525e+00 -8.387262e+00 -9.949142e+00 -8.059159e+00 -9.890875e+00 -8.771918e+00 -9.739843e+00
<VARIANCE> 8
 5.947884e+01 7.802913e+01 6.430790e+01 7.477628e+01 6.126310e+01 7.474745e+01 6.118547e+01 6.753012e+01
<GCONST> 4.837968e+01
<STATE> 3
<MEAN> 8
 -4.559101e+00 -7.423872e+00 -5.504551e+00 -7.218262e+00 -7.111793e+00 -6.964897e+00 -5.822278e+00 -7.337470e+00
<VARIANCE> 8
 3.428312e+01 2.743562e+01 2.491274e+01 4.352732e+01 3.393755e+01 2.478691e+01 3.285612e+01 2.099702e+01
<GCONST> 4.180964e+01
<STATE> 4
<MEAN> 8
 -4.298967e+00 -8.476306e+00 -1.212038e+01 -7.629286e+00 -4.706282e+00 -9.357857e+00 -4.993546e+00 -9.214535e+00
<VARIANCE> 8
 9.998521e+00 1.203531e+02 4.152847e+01 2.181867e+01 5.510283e+01 2.288094e+01 1.476539e+01 1.356571e+02
<GCONST> 4.334695e+01
<STATE> 5
<MEAN> 8
 -6.950338e+00 -8.444742e+00 -6.807600e+00 -8.701883e+00 -7.431060e+00 -8.634037e+00 -8.104788e+00 -8.298067e+00
<VARIANCE> 8
 5.048573e+01 3.663096e+01 4.324434e+01 4.633233e+01 4.211486e+01 6.319640e+01 4.979692e+01 4.403475e+01
<GCONST> 4.540789e+01
<TRANSP> 6
 0.000000e+00 1.000000e+00 0.000000e+00 0.000000e+00 0.000000e+00 0.000000e+00
 0.000000e+00 6.112430e-01 3.887570e-01 0.000000e+00 0.000000e+00 0.000000e+00
 0.000000e+00 0.000000e+00 7.345074e-01 2.654926e-01 0.000000e+00 0.000000e+00
 0.000000e+00 0.000000e+00 0.000000e+00 0.000000e+00 1.000000e+00 0.000000e+00
 0.000000e+00 0.000000e+00 0.000000e+00 0.000000e+00 7.417945e-01 2.582055e-01
 0.000000e+00 0.000000e+00 0.000000e+00 0.000000e+00 0.000000e+00 0.000000e+00
<ENDHMM>
