~o
<STREAMINFO> 1 8
<VECSIZE> 8<NULLD><USER><DIAGC>
~h "c"
<BEGINHMM>
<NUMSTATES> 6
<STATE> 2
<MEAN> 8
 -6.804194e+00 -9.353615e+00 -9.064955e+00 -9.285512e+00 -8.665272e+00 -9.188417e+00 -8.509705e+00 -9.323274e+00
<VARIANCE> 8
 6.041445e+01 8.193401e+01 6.966022e+01 6.672515e+01 7.077643e+01 7.373570e+01 6.922684e+01 8.755598e+01
<GCONST> 4.892405e+01
<STATE> 3
<MEAN> 8
 -5.306262e+00 -6.599000e+00 -6.606119e+00 -6.279872e+00 -5.843469e+00 -6.858440e+00 -7.290686e+00 -6.219349e+00
<VARIANCE> 8
 3.894319e+01 2.434829e+01 3.040201e+01 2.882016e+01 2.328118e+01 5.217761e+01 3.203219e+01 2.915948e+01
<GCONST> 4.227498e+01
<STATE> 4
<MEAN> 8
 -7.033990e+00 -9.391847e+00 -3.605106e+00 -8.903163e+00 -1.315797e+01 -7.974709e+00 -5.413436e+00 -1.048305e+01
<VARIANCE> 8
 5.359991e+01 2.055876e+01 9.462488e+00 1.246890e+02 4.787768e+01 2.421980e+01 7.594841e+01 1.884121e+01
<GCONST> 4.310293e+01
<STATE> 5
<MEAN> 8
 -5.995003e+00 -8.068096e+00 -8.842797e+00 -8.461239e+00 -7.230714e+00 -8.210605e+00 -8.051512e+00 -7.971369e+00
<VARIANCE> 8
 4.477739e+01 6.351915e+01 5.541566e+01 4.137857e+01 4.528017e+01 4.306725e+01 4.132338e+01 5.345378e+01
<GCONST> 4.566956e+01
<TRANSP> 6
 0.000000e+00 1.000000e+00 0.000000e+00 0.000000e+00 0.000000e+00 0.000000e+00
 0.000000e+00 6.113129e-01 3.886871e-01 0.000000e+00 0.000000e+00 0.000000e+00
 0.000000e+00 0.000000e+00 7.406510e-01 2.593490e-01 0.000000e+00 0.000000e+00
 0.000000e+00 0.000000e+00 0.000000e+00 0.000000e+00 1.000000e+00 0.000000e+00
 0.000000e+00 0.000000e+00 0.000000e+00 0.000000e+00 7.415459e-01 2.584541e-01
 0.000000e+00 0.000000e+00 0.000000e+00 0.000000e+00 0.000000e+00 0.000000e+00
<ENDHMM>
