~o
<STREAMINFO> 1 8
<VECSIZE> 8<NULLD><USER><DIAGC>
~h "d"
<BEGINHMM>
<NUMSTATES> 6
<STATE> 2
<MEAN> 8
 -6.641921e+00 -9.290036e+00 -8.609355e+00 -9.428787e+00 -7.955268e+00 -9.728215e+00 -8.343584e+00 -9.447082e+00
<VARIANCE> 8
 5.286805e+01 8.611483e+01 6.491461e+01 8.098487e+01 6.705996e+01 8.419907e+01 6.387507e+01 7.752099e+01
<GCONST> 4.884008e+01
<STATE> 3
<MEAN> 8
 -5.000606e+00 -8.012269e+00 -5.151168e+00 -7.887369e+00 -7.118545e+00 -7.472438e+00 -5.786198e+00 -8.069354e+00
<VARIANCE> 8
 3.146484e+01 2.607312e+01 2.440427e+01 4.428249e+01 3.614863e+01 2.337303e+01 3.395681e+01 2.025529e+01
<GCONST> 4.167086e+01
<STATE> 4
<MEAN> 8
 -4.260573e+00 -8.004533e+00 -1.272939e+01 -8.096147e+00 -3.318371e+00 -9.629171e+00 -5.289207e+00 -7.593489e+00
<VARIANCE> 8
 1.121877e+01 1.162087e+02 4.969147e+01 2.323693e+01 5.217963e+01 1.851134e+01 1.382606e+01 1.260692e+02
<GCONST> 4.326403e+01
<STATE> 5
<MEAN> 8
 -6.898370e+00 -8.371282e+00 -6.291020e+00 -8.463565e+00 -7.314909e+00 -8.213978e+00 -7.848400e+00 -8.319203e+00
<VARIANCE> 8
 5.248374e+01 3.490984e+01 3.919559e+01 4.274139e+01 3.100232e+01 6.105242e+01 4.498262e+01 4.258382e+01
<GCONST> 4.474356e+01
<TRANSP> 6
 0.000000e+00 1.000000e+00 0.000000e+00 0.000000e+00 0.000000e+00 0.000000e+00
 0.000000e+00 6.110020e-01 3.889980e-01 0.000000e+00 0.000000e+00 0.000000e+00
 0.000000e+00 0.000000e+00 7.259516e-01 2.740484e-01 0.000000e+00 0.000000e+00
 0.000000e+00 0.000000e+00 0.000000e+00 0.000000e+00 1.000000e+00 0.000000e+00
 0.000000e+00 0.000000e+00 0.000000e+00 0.000000e+00 7.474490e-01 2.525510e-01
 0.000000e+00 0.000000e+00 0.000000e+00 0.000000e+00 0.000000e+00 0.000000e+00
<ENDHMM>
