~o
<STREAMINFO> 1 8
<VECSIZE> 8<NULLD><USER><DIAGC>
~h "f"
<BEGINHMM>
<NUMSTATES> 6
<STATE> 2
<MEAN> 8
 -6.045660e+00 -8.907734e+00 -8.373595e+00 -8.729089e+00 -7.127996e+00 -9.762349e+00 -6.591719e+00 -8.238422e+00
<VARIANCE> 8
 3.591023e+01 4.832031e+01 5.573729e+01 4.114120e+01 5.822466e+01 4.004576e+01 3.685190e+01 6.371362e+01
<GCONST> 4.541519e+01
<STATE> 3
<MEAN> 8
 -1.092886e+01 -7.038145e+00 -2.769660e+00 -1.005831e+01 -4.588781e+00 -5.666040e+00 -1.123027e+01 -7.339796e+00
<VARIANCE> 8
 6.944953e+01 1.715287e+01 5.385938e+01 3.095642e+01 9.756133e+00 1.288326e+02 3.535064e+01 1.399012e+01
<GCONST> 4.254482e+01
<STATE> 4
<MEAN> 8
 -5.387077e+00 -1.035531e+01 -6.579805e+00 -9.491354e+00 -9.860905e+00 -8.415576e+00 -7.334464e+00 -1.089640e+01
<VARIANCE> 8
 7.072680e+01 7.381750e+01 3.956806e+01 1.028756e+02 4.193276e+01 5.373622e+01 8.489926e+01 5.530490e+01
<GCONST> 4.774947e+01
<STATE> 5
<MEAN> 8
 -5.116687e+00 -6.996517e+00 -6.713576e+00 -6.718719e+00 -6.025301e+00 -7.160408e+00 -6.331938e+00 -6.706907e+00
<VARIANCE> 8
 3.618597e+01 3.755478e+01 3.372428e+01 3.420680e+01 3.799036e+01 3.239801e+01 3.233799e+01 3.253832e+01
<GCONST> 4.304222e+01
<TRANSP> 6
 0.000000e+00 1.000000e+00 0.000000e+00 0.000000e+00 0.000000e+00 0.000000e+00
 0.000000e+00 7.327960e-01 2.672040e-01 0.000000e+00 0.000000e+00 0.000000e+00
 0.000000e+00 0.000000e+00 0.000000e+00 1.000000e+00 0.000000e+00 0.000000e+00
 0.000000e+00 0.000000e+00 0.000000e+00 4.994193e-01 5.005807e-01 0.000000e+00
 0.000000e+00 0.000000e+00 0.000000e+00 0.000000e+00 7.751696e-01 2.248305e-01
 0.000000e+00 0.000000e+00 0.000000e+00 0.000000e+00 0.000000e+00 0.000000e+00
<ENDHMM>
