~o
<STREAMINFO> 1 8
<VECSIZE> 8<NULLD><USER><DIAGC>
~h "g"
<BEGINHMM>
<NUMSTATES> 6
<STATE> 2
<MEAN> 8
 -6.778708e+00 -9.954198e+00 -8.781174e+00 -9.534649e+00 -8.163251e+00 -9.929245e+00 -7.913299e+00 -9.791672e+00
<VARIANCE> 8
 5.607944e+01 7.449561e+01 5.685130e+01 6.018450e+01 5.913801e+01 6.295520e+01 5.632202e+01 8.129661e+01
<GCONST> 4.782987e+01
<STATE> 3
<MEAN> 8
 -8.306830e+00 -7.302986e+00 -5.698164e+00 -9.973660e+00 -4.946373e+00 -9.117242e+00 -1.172562e+01 -7.437147e+00
<VARIANCE> 8
 5.069997e+01 2.270357e+01 5.262860e+01 3.861438e+01 1.308449e+01 1.033018e+02 4.759179e+01 2.206374e+01
<GCONST> 4.353403e+01
<STATE> 4
<MEAN> 8
 -4.602319e+00 -1.132255e+01 -5.239739e+00 -9.163480e+00 -1.225239e+01 -7.849176e+00 -5.099621e+00 -1.170200e+01
<VARIANCE> 8
 4.206746e+01 4.166775e+01 1.655063e+01 9.655049e+01 5.687468e+01 2.641841e+01 6.990582e+01 4.678846e+01
<GCONST> 4.495621e+01
<STATE> 5
<MEAN> 8
 -5.447403e+00 -7.484130e+00 -6.953126e+00 -7.698166e+00 -6.177217e+00 -7.903143e+00 -6.646738e+00 -7.361851e+00
<VARIANCE> 8
 3.453320e+01 3.905646e+01 4.322866e+01 3.548726e+01 3.625934e+01 4.184704e+01 2.990674e+01 3.602292e+01
<GCONST> 4.355258e+01
<TRANSP> 6
 0.000000e+00 1.000000e+00 0.000000e+00 0.000000e+00 0.000000e+00 0.000000e+00
 0.000000e+00 7.442730e-01 2.557270e-01 0.000000e+00 0.000000e+00 0.000000e+00
 0.000000e+00 0.000000e+00 0.000000e+00 1.000000e+00 0.000000e+00 0.000000e+00
 0.000000e+00 0.000000e+00 0.000000e+00 1.263538e-02 9.873646e-01 0.000000e+00
 0.000000e+00 0.000000e+00 0.000000e+00 0.000000e+00 8.124143e-01 1.875857e-01
 0.000000e+00 0.000000e+00 0.000000e+00 0.000000e+00 0.000000e+00 0.000000e+00
<ENDHMM>
