~o
<STREAMINFO> 1 8
<VECSIZE> 8<NULLD><USER><DIAGC>
~h "j"
<BEGINHMM>
<NUMSTATES> 6
<STATE> 2
<MEAN> 8
 -6.796429e+00 -8.518440e+00 -7.183054e+00 -9.853941e+00 -7.896978e+00 -8.839190e+00 -7.134813e+00 -9.441566e+00
<VARIANCE> 8
 2.558870e+01 4.946658e+01 6.066782e+01 4.509566e+01 5.999843e+01 3.600208e+01 3.470242e+01 2.992213e+01
<GCONST> 4.438396e+01
<STATE> 3
<MEAN> 8
 -7.274278e+00 -1.026428e+01 -1.215634e+01 -5.697010e+00 -3.198132e+00 -1.447217e+01 -5.902456e+00 -7.177015e+00
<VARIANCE> 8
 9.022419e+01 6.377992e+01 3.481014e+01 2.803330e+01 2.568098e+01 4.360701e+01 1.547651e+01 1.020975e+02
<GCONST> 4.463027e+01
<STATE> 4
<MEAN> 8
 -9.437434e+00 -1.055201e+01 -2.785100e+00 -1.608026e+01 -6.899800e+00 -9.457481e+00 -1.040303e+01 -1.075112e+01
<VARIANCE> 8
 4.051936e+01 4.867654e+01 5.086120e+01 4.689512e+01 2.212644e+01 4.958166e+01 4.160530e+01 3.772832e+01
<GCONST> 4.442604e+01
<STATE> 5
<MEAN> 8
 -4.631145e+00 -9.983451e+00 -6.998304e+00 -7.986614e+00 -7.954868e+00 -8.420322e+00 -6.686103e+00 -8.971312e+00
<VARIANCE> 8
 4.225333e+01 4.761307e+01 2.452805e+01 2.820949e+01 3.074247e+01 4.528498e+01 4.386589e+01 4.785698e+01
<GCONST> 4.373726e+01
<TRANSP> 6
 0.000000e+00 1.000000e+00 0.000000e+00 0.000000e+00 0.000000e+00 0.000000e+00
 0.000000e+00 7.218045e-01 2.781955e-01 0.000000e+00 0.000000e+00 0.000000e+00
 0.000000e+00 0.000000e+00 2.448980e-01 7.551020e-01 0.000000e+00 0.000000e+00
 0.000000e+00 0.000000e+00 0.000000e+00 5.000000e-01 5.000000e-01 0.000000e+00
 0.000000e+00 0.000000e+00 0.000000e+00 0.000000e+00 7.612903e-01 2.387097e-01
 0.000000e+00 0.000000e+00 0.000000e+00 0.000000e+00 0.000000e+00 0.000000e+00
<ENDHMM>
