~o
<STREAMINFO> 1 8
<VECSIZE> 8<NULLD><USER><DIAGC>
~h "k"
<BEGINHMM>
<NUMSTATES> 6
<STATE> 2
<MEAN> 8
 -6.548649e+00 -1.007557e+01 -7.921731e+00 -9.780666e+00 -8.637464e+00 -9.706634e+00 -8.149252e+00 -1.015867e+01
<VARIANCE> 8
 6.175415e+01 5.342236e+01 5.398782e+01 5.187602e+01 5.480944e+01 6.252914e+01 6.774950e+01 6.069873e+01
<GCONST> 4.720325e+01
<STATE> 3
<MEAN> 8
 -5.197131e+00 -7.473650e+00 -5.834758e+00 -7.624120e+00 -5.038203e+00 -7.846691e+00 -6.218265e+00 -7.083499e+00
<VARIANCE> 8
 2.811716e+01 2.230134e+01 3.538417e+01 2.481255e+01 3.000922e+01 3.885152e+01 2.587635e+01 2.394584e+01
<GCONST> 4.141203e+01
<STATE> 4
<MEAN> 8
 -7.189592e+00 -9.646288e+00 -4.721717e+00 -9.608910e+00 -1.161067e+01 -9.220152e+00 -6.662137e+00 -1.053025e+01
<VARIANCE> 8
 6.496960e+01 2.299236e+01 2.036806e+01 1.212634e+02 5.062881e+01 3.243746e+01 8.889802e+01 1.790942e+01
<GCONST> 4.460068e+01
<STATE> 5
<MEAN> 8
 -5.826171e+00 -8.401471e+00 -8.951420e+00 -8.404665e+00 -7.365811e+00 -8.471074e+00 -7.753550e+00 -8.386786e+00
<VARIANCE> 8
 4.077381e+01 8.217231e+01 5.101868e+01 4.962611e+01 4.283463e+01 5.228945e+01 3.584855e+01 7.322713e+01
<GCONST> 4.624360e+01
<TRANSP> 6
 0.000000e+00 1.000000e+00 0.000000e+00 0.000000e+00 0.000000e+00 0.000000e+00
 0.000000e+00 6.576704e-01 3.423295e-01 0.000000e+00 0.000000e+00 0.000000e+00
 0.000000e+00 0.000000e+00 7.535787e-01 2.464213e-01 0.000000e+00 0.000000e+00
 0.000000e+00 0.000000e+00 0.000000e+00 5.490196e-02 9.450980e-01 0.000000e+00
 0.000000e+00 0.000000e+00 0.000000e+00 0.000000e+00 6.933842e-01 3.066158e-01
 0.000000e+00 0.000000e+00 0.000000e+00 0.000000e+00 0.000000e+00 0.000000e+00
<ENDHMM>
