~o
<STREAMINFO> 1 8
<VECSIZE> 8<NULLD><USER><DIAGC>
~h "m"
<BEGINHMM>
<NUMSTATES> 6
<STATE> 2
<MEAN> 8
 -6.210956e+00 -7.909296e+00 -7.616138e+00 -8.533538e+00 -6.731305e+00 -8.191512e+00 -8.598394e+00 -7.781828e+00
<VARIANCE> 8
 5.391058e+01 4.339680e+01 4.191779e+01 4.383395e+01 3.698399e+01 6.430981e+01 4.954582e+01 5.244823e+01
<GCONST> 4.561377e+01
<STATE> 3
<MEAN> 8
 -4.530845e+00 -1.210467e+01 -4.570142e+00 -5.983992e+00 -1.282162e+01 -8.086155e+00 -1.871100e+00 -1.116394e+01
<VARIANCE> 8
 3.249926e+01 1.986140e+01 1.467413e+01 1.008168e+02 4.351927e+01 2.166588e+01 4.245499e+01 1.525405e+01
<GCONST> 4.179464e+01
<STATE> 4
<MEAN> 8
 -5.590503e+00 -5.538208e+00 -7.082033e+00 -7.063702e+00 -5.179847e+00 -6.820777e+00 -6.684715e+00 -5.781832e+00
<VARIANCE> 8
 2.459114e+01 3.649789e+01 4.142580e+01 2.525955e+01 3.501024e+01 2.883814e+01 1.738986e+01 3.555206e+01
<GCONST> 4.179999e+01
<STATE> 5
<MEAN> 8
 -6.874644e+00 -1.028591e+01 -7.468334e+00 -9.717716e+00 -8.333242e+00 -9.591141e+00 -8.125709e+00 -1.005121e+01
<VARIANCE> 8
 6.192881e+01 6.976017e+01 6.183312e+01 6.913744e+01 5.062467e+01 6.631895e+01 5.594044e+01 6.296031e+01
<GCONST> 4.772031e+01
<TRANSP> 6
 0.000000e+00 1.000000e+00 0.000000e+00 0.000000e+00 0.000000e+00 0.000000e+00
 0.000000e+00 7.310317e-01 2.689683e-01 0.000000e+00 0.000000e+00 0.000000e+00
 0.000000e+00 0.000000e+00 0.000000e+00 1.000000e+00 0.000000e+00 0.000000e+00
 0.000000e+00 0.000000e+00 0.000000e+00 7.290740e-01 2.709260e-01 0.000000e+00
 0.000000e+00 0.000000e+00 0.000000e+00 0.000000e+00 6.581632e-01 3.418367e-01
 0.000000e+00 0.000000e+00 0.000000e+00 0.000000e+00 0.000000e+00 0.000000e+00
<ENDHMM>
