~o
<STREAMINFO> 1 8
<VECSIZE> 8<NULLD><USER><DIAGC>
~h "n"
<BEGINHMM>
<NUMSTATES> 6
<STATE> 2
<MEAN> 8
 -6.356445e+00 -9.708691e+00 -8.773685e+00 -9.113867e+00 -8.192069e+00 -9.809873e+00 -7.513586e+00 -9.389473e+00
<VARIANCE> 8
 4.757960e+01 7.034115e+01 6.202967e+01 6.534520e+01 6.437812e+01 6.051740e+01 5.303926e+01 7.549805e+01
<GCONST> 4.768892e+01
<STATE> 3
<MEAN> 8
 -9.529400e+00 -6.888490e+00 -4.932609e+00 -1.080992e+01 -5.000303e+00 -6.914342e+00 -1.120761e+01 -7.138775e+00
<VARIANCE> 8
 6.872186e+01 2.513319e+01 6.173682e+01 2.391018e+01 1.456914e+01 9.898172e+01 3.169109e+01 2.312210e+01
<GCONST> 4.332513e+01
<STATE> 4
<MEAN> 8
 -4.006573e+00 -1.027681e+01 -5.395222e+00 -8.116523e+00 -9.573297e+00 -8.017137e+00 -5.123096e+00 -1.038044e+01
<VARIANCE> 8
 4.465958e+01 2.384475e+01 1.432546e+01 8.239379e+01 3.042471e+01 2.226833e+01 7.784625e+01 2.146325e+01
<GCONST> 4.268670e+01
<STATE> 5
<MEAN> 8
 -5.880471e+00 -6.967568e+00 -7.415519e+00 -7.168808e+00 -6.513513e+00 -7.551844e+00 -7.118322e+00 -7.015816e+00
<VARIANCE> 8
 3.787489e+01 4.622558e+01 3.767732e+01 3.686015e+01 4.036196e+01 4.250856e+01 3.127656e+01 4.532007e+01
<GCONST> 4.411124e+01
<TRANSP> 6
 0.000000e+00 1.000000e+00 0.000000e+00 0.000000e+00 0.000000e+00 0.000000e+00
 0.000000e+00 7.196140e-01 2.803860e-01 0.000000e+00 0.000000e+00 0.000000e+00
 0.000000e+00 0.000000e+00 0.000000e+00 1.000000e+00 0.000000e+00 0.000000e+00
 0.000000e+00 0.000000e+00 0.000000e+00 3.364076e-01 6.635925e-01 0.000000e+00
 0.000000e+00 0.000000e+00 0.000000e+00 0.000000e+00 8.066291e-01 1.933709e-01
 0.000000e+00 0.000000e+00 0.000000e+00 0.000000e+00 0.000000e+00 0.000000e+00
<ENDHMM>
