~o
<STREAMINFO> 1 8
<VECSIZE> 8<NULLD><USER><DIAGC>
~h "q"
<BEGINHMM>
<NUMSTATES> 6
<STATE> 2
<MEAN> 8
 -6.519121e+00 -9.648923e+00 -8.787925e+00 -9.889894e+00 -8.531006e+00 -1.008027e+01 -9.717340e+00 -9.674554e+00
<VARIANCE> 8
 4.655403e+01 7.334573e+01 4.426583e+01 4.057768e+01 3.692307e+01 5.434021e+01 4.437093e+01 7.134888e+01
<GCONST> 4.599651e+01
<STATE> 3
<MEAN> 8
 -4.225943e+00 -8.514380e+00 -6.132238e+00 -6.139618e+00 -8.421152e+00 -6.485238e+00 -5.366832e+00 -7.649583e+00
<VARIANCE> 8
 3.361673e+01 1.865260e+01 1.765484e+01 4.144992e+01 2.627923e+01 2.898127e+01 4.306297e+01 1.733422e+01
<GCONST> 4.099030e+01
<STATE> 4
<MEAN> 8
 -5.883206e+00 -4.542930e+00 -7.905874e+00 -6.506024e+00 -5.381896e+00 -5.609155e+00 -7.239656e+00 -5.423971e+00
<VARIANCE> 8
 2.059034e+01 3.070917e+01 3.158428e+01 1.833158e+01 3.860989e+01 2.497323e+01 1.558690e+01 4.978847e+01
<GCONST> 4.103922e+01
<STATE> 5
<MEAN> 8
 -5.793336e+00 -9.572764e+00 -6.626216e+00 -9.604444e+00 -7.032197e+00 -9.901246e+00 -7.175919e+00 -9.158072e+00
<VARIANCE> 8
 4.135093e+01 4.143634e+01 4.182587e+01 5.218489e+01 4.408555e+01 4.129035e+01 4.184404e+01 2.766806e+01
<GCONST> 4.439856e+01
<TRANSP> 6
 0.000000e+00 1.000000e+00 0.000000e+00 0.000000e+00 0.000000e+00 0.000000e+00
 0.000000e+00 5.862069e-01 4.137931e-01 0.000000e+00 0.000000e+00 0.000000e+00
 0.000000e+00 0.000000e+00 6.734694e-01 3.265306e-01 0.000000e+00 0.000000e+00
 0.000000e+00 0.000000e+00 0.000000e+00 6.546763e-01 3.453237e-01 0.000000e+00
 0.000000e+00 0.000000e+00 0.000000e+00 0.000000e+00 6.571429e-01 3.428572e-01
 0.000000e+00 0.000000e+00 0.000000e+00 0.000000e+00 0.000000e+00 0.000000e+00
<ENDHMM>
