~o
<STREAMINFO> 1 8
<VECSIZE> 8<NULLD><USER><DIAGC>
~h "s"
<BEGINHMM>
<NUMSTATES> 6
<STATE> 2
<MEAN> 8
 -6.488854e+00 -9.546674e+00 -8.616459e+00 -9.065214e+00 -8.163879e+00 -9.682574e+00 -7.618701e+00 -9.475002e+00
<VARIANCE> 8
 5.220397e+01 6.778967e+01 5.767962e+01 6.495900e+01 6.288217e+01 6.230600e+01 5.567691e+01 6.694939e+01
<GCONST> 4.760007e+01
<STATE> 3
<MEAN> 8
 -8.032538e+00 -6.634398e+00 -5.846714e+00 -1.113844e+01 -5.032029e+00 -7.512001e+00 -1.162004e+01 -6.720279e+00
<VARIANCE> 8
 5.853409e+01 2.060185e+01 7.804771e+01 3.115808e+01 1.431236e+01 8.689184e+01 3.733379e+01 2.040983e+01
<GCONST> 4.335611e+01
<STATE> 4
<MEAN> 8
 -3.924419e+00 -1.136687e+01 -5.168440e+00 -7.786280e+00 -1.135057e+01 -7.115652e+00 -4.978792e+00 -1.165296e+01
<VARIANCE> 8
 3.561765e+01 4.749628e+01 1.618731e+01 1.020581e+02 3.498304e+01 2.170244e+01 7.115298e+01 3.960042e+01
<GCONST> 4.412224e+01
<STATE> 5
<MEAN> 8
 -5.613823e+00 -7.087798e+00 -7.180472e+00 -7.257754e+00 -6.492764e+00 -7.587414e+00 -6.863261e+00 -7.063091e+00
<VARIANCE> 8
 3.743259e+01 4.197368e+01 3.727510e+01 3.526728e+01 3.729580e+01 3.994669e+01 3.225974e+01 4.215273e+01
<GCONST> 4.376543e+01
<TRANSP> 6
 0.000000e+00 1.000000e+00 0.000000e+00 0.000000e+00 0.000000e+00 0.000000e+00
 0.000000e+00 7.401601e-01 2.598399e-01 0.000000e+00 0.000000e+00 0.000000e+00
 0.000000e+00 0.000000e+00 0.000000e+00 1.000000e+00 0.000000e+00 0.000000e+00
 0.000000e+00 0.000000e+00 0.000000e+00 1.079365e-02 9.892064e-01 0.000000e+00
 0.000000e+00 0.000000e+00 0.000000e+00 0.000000e+00 8.167059e-01 1.832941e-01
 0.000000e+00 0.000000e+00 0.000000e+00 0.000000e+00 0.000000e+00 0.000000e+00
<ENDHMM>
