~o
<STREAMINFO> 1 8
<VECSIZE> 8<NULLD><USER><DIAGC>
~h "u"
<BEGINHMM>
<NUMSTATES> 6
<STATE> 2
<MEAN> 8
 -6.814350e+00 -9.259274e+00 -8.687268e+00 -9.013700e+00 -8.450428e+00 -9.216930e+00 -8.423391e+00 -9.119233e+00
<VARIANCE> 8
 6.103050e+01 7.968155e+01 7.211745e+01 7.244108e+01 6.987787e+01 7.592617e+01 6.481960e+01 8.032050e+01
<GCONST> 4.888764e+01
<STATE> 3
<MEAN> 8
 -5.603307e+00 -7.107732e+00 -6.040881e+00 -7.262371e+00 -5.677074e+00 -7.154352e+00 -7.056184e+00 -6.820527e+00
<VARIANCE> 8
 3.694587e+01 2.514549e+01 2.899574e+01 2.711224e+01 2.272156e+01 4.303141e+01 3.412254e+01 2.771197e+01
<GCONST> 4.194135e+01
<STATE> 4
<MEAN> 8
 -4.422094e+00 -9.928269e+00 -4.221365e+00 -8.281013e+00 -1.230508e+01 -7.663025e+00 -3.997524e+00 -1.077816e+01
<VARIANCE> 8
 4.257185e+01 2.082974e+01 8.299371e+00 1.243062e+02 4.710192e+01 2.188637e+01 7.505398e+01 1.760868e+01
<GCONST> 4.255430e+01
<STATE> 5
<MEAN> 8
 -6.587735e+00 -8.562041e+00 -8.596395e+00 -9.049668e+00 -6.749946e+00 -9.297395e+00 -7.594052e+00 -8.776004e+00
<VARIANCE> 8
 4.539352e+01 6.726740e+01 5.495645e+01 4.007081e+01 4.731248e+01 4.749393e+01 3.798547e+01 5.880904e+01
<GCONST> 4.585312e+01
<TRANSP> 6
 0.000000e+00 1.000000e+00 0.000000e+00 0.000000e+00 0.000000e+00 0.000000e+00
 0.000000e+00 6.017748e-01 3.982252e-01 0.000000e+00 0.000000e+00 0.000000e+00
 0.000000e+00 0.000000e+00 7.663521e-01 2.336479e-01 0.000000e+00 0.000000e+00
 0.000000e+00 0.000000e+00 0.000000e+00 2.777778e-03 9.972222e-01 0.000000e+00
 0.000000e+00 0.000000e+00 0.000000e+00 0.000000e+00 7.019510e-01 2.980490e-01
 0.000000e+00 0.000000e+00 0.000000e+00 0.000000e+00 0.000000e+00 0.000000e+00
<ENDHMM>
