~o
<STREAMINFO> 1 8
<VECSIZE> 8<NULLD><USER><DIAGC>
~h "w"
<BEGINHMM>
<NUMSTATES> 6
<STATE> 2
<MEAN> 8
 -5.613173e+00 -6.904853e+00 -7.594223e+00 -7.358511e+00 -7.065245e+00 -7.365804e+00 -7.763016e+00 -6.943328e+00
<VARIANCE> 8
 4.267993e+01 3.888488e+01 3.806639e+01 4.784499e+01 4.283302e+01 4.757909e+01 3.962717e+01 3.357809e+01
<GCONST> 4.443774e+01
<STATE> 3
<MEAN> 8
 -6.398052e+00 -1.215589e+01 -7.228230e+00 -1.014304e+01 -1.146263e+01 -9.531300e+00 -7.395404e+00 -1.257866e+01
<VARIANCE> 8
 5.616627e+01 7.611512e+01 5.615910e+01 9.897012e+01 6.493898e+01 6.917847e+01 8.242239e+01 5.868589e+01
<GCONST> 4.858078e+01
<STATE> 4
<MEAN> 8
 -4.565552e+00 -6.726005e+00 -1.272494e+01 -8.056761e+00 -1.856851e+00 -1.098264e+01 -5.744869e+00 -4.715848e+00
<VARIANCE> 8
 1.238779e+01 8.987482e+01 4.854571e+01 2.325708e+01 5.051622e+01 1.899352e+01 1.359434e+01 9.160011e+01
<GCONST> 4.274074e+01
<STATE> 5
<MEAN> 8
 -6.145590e+00 -8.635464e+00 -5.579377e+00 -8.682602e+00 -6.727576e+00 -8.184807e+00 -6.934186e+00 -8.647581e+00
<VARIANCE> 8
 4.766809e+01 3.291159e+01 4.363436e+01 3.950481e+01 2.859739e+01 4.962746e+01 4.012502e+01 3.888348e+01
<GCONST> 4.412380e+01
<TRANSP> 6
 0.000000e+00 1.000000e+00 0.000000e+00 0.000000e+00 0.000000e+00 0.000000e+00
 0.000000e+00 7.426729e-01 2.573271e-01 0.000000e+00 0.000000e+00 0.000000e+00
 0.000000e+00 0.000000e+00 4.786223e-01 5.213777e-01 0.000000e+00 0.000000e+00
 0.000000e+00 0.000000e+00 0.000000e+00 0.000000e+00 1.000000e+00 0.000000e+00
 0.000000e+00 0.000000e+00 0.000000e+00 0.000000e+00 7.744091e-01 2.255910e-01
 0.000000e+00 0.000000e+00 0.000000e+00 0.000000e+00 0.000000e+00 0.000000e+00
<ENDHMM>
