~o
<STREAMINFO> 1 20
<VECSIZE> 20<NULLD><USER><DIAGC>
~h "g"
<BEGINHMM>
<NUMSTATES> 8
<STATE> 2
<MEAN> 20
 -6.647847e+00 -2.861028e+00 -1.681896e+01 -1.215326e+01 -7.585281e+00 -1.232062e+01 -1.892680e+01 -1.402181e+01 -3.809273e+00 -1.170634e+01 -1.297849e+01 -1.046233e+01 -3.720975e-01 -1.022752e+01 -8.577525e+00 -6.352642e+00 2.773693e+00 -8.204595e+00 -5.172400e+00 -7.211365e+00
<VARIANCE> 20
 1.030757e+01 2.753978e+00 8.604388e+01 1.703856e+01 3.633321e+01 6.902451e+00 1.156376e+02 3.139178e+01 2.875106e+01 1.024187e+01 6.507397e+01 4.073126e+01 3.161009e+01 1.615602e+01 3.917522e+01 1.652694e+01 5.138751e+01 2.245461e+01 5.293226e+01 4.186923e+01
<GCONST> 1.021463e+02
<STATE> 3
<NUMMIXES> 4
<MIXTURE> 1 2.500000e-01
<MEAN> 20
 -6.647847e+00 -2.861028e+00 -1.681896e+01 -1.215326e+01 -7.585281e+00 -1.232062e+01 -1.892680e+01 -1.402181e+01 -3.809273e+00 -1.170634e+01 -1.297849e+01 -1.046233e+01 -3.720975e-01 -1.022752e+01 -8.577525e+00 -6.352642e+00 2.773693e+00 -8.204595e+00 -5.172400e+00 -7.211365e+00
<VARIANCE> 20
 1.030757e+01 2.753978e+00 8.604388e+01 1.703856e+01 3.633321e+01 6.902451e+00 1.156376e+02 3.139178e+01 2.875106e+01 1.024187e+01 6.507397e+01 4.073126e+01 3.161009e+01 1.615602e+01 3.917522e+01 1.652694e+01 5.138751e+01 2.245461e+01 5.293226e+01 4.186923e+01
<GCONST> 1.021463e+02
<MIXTURE> 2 2.500000e-01
<MEAN> 20
 -6.647847e+00 -2.861028e+00 -1.681896e+01 -1.215326e+01 -7.585281e+00 -1.232062e+01 -1.892680e+01 -1.402181e+01 -3.809273e+00 -1.170634e+01 -1.297849e+01 -1.046233e+01 -3.720975e-01 -1.022752e+01 -8.577525e+00 -6.352642e+00 2.773693e+00 -8.204595e+00 -5.172400e+00 -7.211365e+00
<VARIANCE> 20
 1.030757e+01 2.753978e+00 8.604388e+01 1.703856e+01 3.633321e+01 6.902451e+00 1.156376e+02 3.139178e+01 2.875106e+01 1.024187e+01 6.507397e+01 4.073126e+01 3.161009e+01 1.615602e+01 3.917522e+01 1.652694e+01 5.138751e+01 2.245461e+01 5.293226e+01 4.186923e+01
<GCONST> 1.021463e+02
<MIXTURE> 3 2.500000e-01
<MEAN> 20
 -6.647847e+00 -2.861028e+00 -1.681896e+01 -1.215326e+01 -7.585281e+00 -1.232062e+01 -1.892680e+01 -1.402181e+01 -3.809273e+00 -1.170634e+01 -1.297849e+01 -1.046233e+01 -3.720975e-01 -1.022752e+01 -8.577525e+00 -6.352642e+00 2.773693e+00 -8.204595e+00 -5.172400e+00 -7.211365e+00
<VARIANCE> 20
 1.030757e+01 2.753978e+00 8.604388e+01 1.703856e+01 3.633321e+01 6.902451e+00 1.156376e+02 3.139178e+01 2.875106e+01 1.024187e+01 6.507397e+01 4.073126e+01 3.161009e+01 1.615602e+01 3.917522e+01 1.652694e+01 5.138751e+01 2.245461e+01 5.293226e+01 4.186923e+01
<GCONST> 1.021463e+02
<MIXTURE> 4 2.500000e-01
<MEAN> 20
 -6.647847e+00 -2.861028e+00 -1.681896e+01 -1.215326e+01 -7.585281e+00 -1.232062e+01 -1.892680e+01 -1.402181e+01 -3.809273e+00 -1.170634e+01 -1.297849e+01 -1.046233e+01 -3.720975e-01 -1.022752e+01 -8.577525e+00 -6.352642e+00 2.773693e+00 -8.204595e+00 -5.172400e+00 -7.211365e+00
<VARIANCE> 20
 1.030757e+01 2.753978e+00 8.604388e+01 1.703856e+01 3.633321e+01 6.902451e+00 1.156376e+02 3.139178e+01 2.875106e+01 1.024187e+01 6.507397e+01 4.073126e+01 3.161009e+01 1.615602e+01 3.917522e+01 1.652694e+01 5.138751e+01 2.245461e+01 5.293226e+01 4.186923e+01
<GCONST> 1.021463e+02
<STATE> 4
<NUMMIXES> 4
<MIXTURE> 1 2.500000e-01
<MEAN> 20
 -6.647847e+00 -2.861028e+00 -1.681896e+01 -1.215326e+01 -7.585281e+00 -1.232062e+01 -1.892680e+01 -1.402181e+01 -3.809273e+00 -1.170634e+01 -1.297849e+01 -1.046233e+01 -3.720975e-01 -1.022752e+01 -8.577525e+00 -6.352642e+00 2.773693e+00 -8.204595e+00 -5.172400e+00 -7.211365e+00
<VARIANCE> 20
 1.030757e+01 2.753978e+00 8.604388e+01 1.703856e+01 3.633321e+01 6.902451e+00 1.156376e+02 3.139178e+01 2.875106e+01 1.024187e+01 6.507397e+01 4.073126e+01 3.161009e+01 1.615602e+01 3.917522e+01 1.652694e+01 5.138751e+01 2.245461e+01 5.293226e+01 4.186923e+01
<GCONST> 1.021463e+02
<MIXTURE> 2 2.500000e-01
<MEAN> 20
 -6.647847e+00 -2.861028e+00 -1.681896e+01 -1.215326e+01 -7.585281e+00 -1.232062e+01 -1.892680e+01 -1.402181e+01 -3.809273e+00 -1.170634e+01 -1.297849e+01 -1.046233e+01 -3.720975e-01 -1.022752e+01 -8.577525e+00 -6.352642e+00 2.773693e+00 -8.204595e+00 -5.172400e+00 -7.211365e+00
<VARIANCE> 20
 1.030757e+01 2.753978e+00 8.604388e+01 1.703856e+01 3.633321e+01 6.902451e+00 1.156376e+02 3.139178e+01 2.875106e+01 1.024187e+01 6.507397e+01 4.073126e+01 3.161009e+01 1.615602e+01 3.917522e+01 1.652694e+01 5.138751e+01 2.245461e+01 5.293226e+01 4.186923e+01
<GCONST> 1.021463e+02
<MIXTURE> 3 2.500000e-01
<MEAN> 20
 -6.647847e+00 -2.861028e+00 -1.681896e+01 -1.215326e+01 -7.585281e+00 -1.232062e+01 -1.892680e+01 -1.402181e+01 -3.809273e+00 -1.170634e+01 -1.297849e+01 -1.046233e+01 -3.720975e-01 -1.022752e+01 -8.577525e+00 -6.352642e+00 2.773693e+00 -8.204595e+00 -5.172400e+00 -7.211365e+00
<VARIANCE> 20
 1.030757e+01 2.753978e+00 8.604388e+01 1.703856e+01 3.633321e+01 6.902451e+00 1.156376e+02 3.139178e+01 2.875106e+01 1.024187e+01 6.507397e+01 4.073126e+01 3.161009e+01 1.615602e+01 3.917522e+01 1.652694e+01 5.138751e+01 2.245461e+01 5.293226e+01 4.186923e+01
<GCONST> 1.021463e+02
<MIXTURE> 4 2.500000e-01
<MEAN> 20
 -6.647847e+00 -2.861028e+00 -1.681896e+01 -1.215326e+01 -7.585281e+00 -1.232062e+01 -1.892680e+01 -1.402181e+01 -3.809273e+00 -1.170634e+01 -1.297849e+01 -1.046233e+01 -3.720975e-01 -1.022752e+01 -8.577525e+00 -6.352642e+00 2.773693e+00 -8.204595e+00 -5.172400e+00 -7.211365e+00
<VARIANCE> 20
 1.030757e+01 2.753978e+00 8.604388e+01 1.703856e+01 3.633321e+01 6.902451e+00 1.156376e+02 3.139178e+01 2.875106e+01 1.024187e+01 6.507397e+01 4.073126e+01 3.161009e+01 1.615602e+01 3.917522e+01 1.652694e+01 5.138751e+01 2.245461e+01 5.293226e+01 4.186923e+01
<GCONST> 1.021463e+02
<STATE> 5
<NUMMIXES> 4
<MIXTURE> 1 2.500000e-01
<MEAN> 20
 -6.647847e+00 -2.861028e+00 -1.681896e+01 -1.215326e+01 -7.585281e+00 -1.232062e+01 -1.892680e+01 -1.402181e+01 -3.809273e+00 -1.170634e+01 -1.297849e+01 -1.046233e+01 -3.720975e-01 -1.022752e+01 -8.577525e+00 -6.352642e+00 2.773693e+00 -8.204595e+00 -5.172400e+00 -7.211365e+00
<VARIANCE> 20
 1.030757e+01 2.753978e+00 8.604388e+01 1.703856e+01 3.633321e+01 6.902451e+00 1.156376e+02 3.139178e+01 2.875106e+01 1.024187e+01 6.507397e+01 4.073126e+01 3.161009e+01 1.615602e+01 3.917522e+01 1.652694e+01 5.138751e+01 2.245461e+01 5.293226e+01 4.186923e+01
<GCONST> 1.021463e+02
<MIXTURE> 2 2.500000e-01
<MEAN> 20
 -6.647847e+00 -2.861028e+00 -1.681896e+01 -1.215326e+01 -7.585281e+00 -1.232062e+01 -1.892680e+01 -1.402181e+01 -3.809273e+00 -1.170634e+01 -1.297849e+01 -1.046233e+01 -3.720975e-01 -1.022752e+01 -8.577525e+00 -6.352642e+00 2.773693e+00 -8.204595e+00 -5.172400e+00 -7.211365e+00
<VARIANCE> 20
 1.030757e+01 2.753978e+00 8.604388e+01 1.703856e+01 3.633321e+01 6.902451e+00 1.156376e+02 3.139178e+01 2.875106e+01 1.024187e+01 6.507397e+01 4.073126e+01 3.161009e+01 1.615602e+01 3.917522e+01 1.652694e+01 5.138751e+01 2.245461e+01 5.293226e+01 4.186923e+01
<GCONST> 1.021463e+02
<MIXTURE> 3 2.500000e-01
<MEAN> 20
 -6.647847e+00 -2.861028e+00 -1.681896e+01 -1.215326e+01 -7.585281e+00 -1.232062e+01 -1.892680e+01 -1.402181e+01 -3.809273e+00 -1.170634e+01 -1.297849e+01 -1.046233e+01 -3.720975e-01 -1.022752e+01 -8.577525e+00 -6.352642e+00 2.773693e+00 -8.204595e+00 -5.172400e+00 -7.211365e+00
<VARIANCE> 20
 1.030757e+01 2.753978e+00 8.604388e+01 1.703856e+01 3.633321e+01 6.902451e+00 1.156376e+02 3.139178e+01 2.875106e+01 1.024187e+01 6.507397e+01 4.073126e+01 3.161009e+01 1.615602e+01 3.917522e+01 1.652694e+01 5.138751e+01 2.245461e+01 5.293226e+01 4.186923e+01
<GCONST> 1.021463e+02
<MIXTURE> 4 2.500000e-01
<MEAN> 20
 -6.647847e+00 -2.861028e+00 -1.681896e+01 -1.215326e+01 -7.585281e+00 -1.232062e+01 -1.892680e+01 -1.402181e+01 -3.809273e+00 -1.170634e+01 -1.297849e+01 -1.046233e+01 -3.720975e-01 -1.022752e+01 -8.577525e+00 -6.352642e+00 2.773693e+00 -8.204595e+00 -5.172400e+00 -7.211365e+00
<VARIANCE> 20
 1.030757e+01 2.753978e+00 8.604388e+01 1.703856e+01 3.633321e+01 6.902451e+00 1.156376e+02 3.139178e+01 2.875106e+01 1.024187e+01 6.507397e+01 4.073126e+01 3.161009e+01 1.615602e+01 3.917522e+01 1.652694e+01 5.138751e+01 2.245461e+01 5.293226e+01 4.186923e+01
<GCONST> 1.021463e+02
<STATE> 6
<NUMMIXES> 4
<MIXTURE> 1 2.500000e-01
<MEAN> 20
 -6.647847e+00 -2.861028e+00 -1.681896e+01 -1.215326e+01 -7.585281e+00 -1.232062e+01 -1.892680e+01 -1.402181e+01 -3.809273e+00 -1.170634e+01 -1.297849e+01 -1.046233e+01 -3.720975e-01 -1.022752e+01 -8.577525e+00 -6.352642e+00 2.773693e+00 -8.204595e+00 -5.172400e+00 -7.211365e+00
<VARIANCE> 20
 1.030757e+01 2.753978e+00 8.604388e+01 1.703856e+01 3.633321e+01 6.902451e+00 1.156376e+02 3.139178e+01 2.875106e+01 1.024187e+01 6.507397e+01 4.073126e+01 3.161009e+01 1.615602e+01 3.917522e+01 1.652694e+01 5.138751e+01 2.245461e+01 5.293226e+01 4.186923e+01
<GCONST> 1.021463e+02
<MIXTURE> 2 2.500000e-01
<MEAN> 20
 -6.647847e+00 -2.861028e+00 -1.681896e+01 -1.215326e+01 -7.585281e+00 -1.232062e+01 -1.892680e+01 -1.402181e+01 -3.809273e+00 -1.170634e+01 -1.297849e+01 -1.046233e+01 -3.720975e-01 -1.022752e+01 -8.577525e+00 -6.352642e+00 2.773693e+00 -8.204595e+00 -5.172400e+00 -7.211365e+00
<VARIANCE> 20
 1.030757e+01 2.753978e+00 8.604388e+01 1.703856e+01 3.633321e+01 6.902451e+00 1.156376e+02 3.139178e+01 2.875106e+01 1.024187e+01 6.507397e+01 4.073126e+01 3.161009e+01 1.615602e+01 3.917522e+01 1.652694e+01 5.138751e+01 2.245461e+01 5.293226e+01 4.186923e+01
<GCONST> 1.021463e+02
<MIXTURE> 3 2.500000e-01
<MEAN> 20
 -6.647847e+00 -2.861028e+00 -1.681896e+01 -1.215326e+01 -7.585281e+00 -1.232062e+01 -1.892680e+01 -1.402181e+01 -3.809273e+00 -1.170634e+01 -1.297849e+01 -1.046233e+01 -3.720975e-01 -1.022752e+01 -8.577525e+00 -6.352642e+00 2.773693e+00 -8.204595e+00 -5.172400e+00 -7.211365e+00
<VARIANCE> 20
 1.030757e+01 2.753978e+00 8.604388e+01 1.703856e+01 3.633321e+01 6.902451e+00 1.156376e+02 3.139178e+01 2.875106e+01 1.024187e+01 6.507397e+01 4.073126e+01 3.161009e+01 1.615602e+01 3.917522e+01 1.652694e+01 5.138751e+01 2.245461e+01 5.293226e+01 4.186923e+01
<GCONST> 1.021463e+02
<MIXTURE> 4 2.500000e-01
<MEAN> 20
 -6.647847e+00 -2.861028e+00 -1.681896e+01 -1.215326e+01 -7.585281e+00 -1.232062e+01 -1.892680e+01 -1.402181e+01 -3.809273e+00 -1.170634e+01 -1.297849e+01 -1.046233e+01 -3.720975e-01 -1.022752e+01 -8.577525e+00 -6.352642e+00 2.773693e+00 -8.204595e+00 -5.172400e+00 -7.211365e+00
<VARIANCE> 20
 1.030757e+01 2.753978e+00 8.604388e+01 1.703856e+01 3.633321e+01 6.902451e+00 1.156376e+02 3.139178e+01 2.875106e+01 1.024187e+01 6.507397e+01 4.073126e+01 3.161009e+01 1.615602e+01 3.917522e+01 1.652694e+01 5.138751e+01 2.245461e+01 5.293226e+01 4.186923e+01
<GCONST> 1.021463e+02
<STATE> 7
<MEAN> 20
 -6.647847e+00 -2.861028e+00 -1.681896e+01 -1.215326e+01 -7.585281e+00 -1.232062e+01 -1.892680e+01 -1.402181e+01 -3.809273e+00 -1.170634e+01 -1.297849e+01 -1.046233e+01 -3.720975e-01 -1.022752e+01 -8.577525e+00 -6.352642e+00 2.773693e+00 -8.204595e+00 -5.172400e+00 -7.211365e+00
<VARIANCE> 20
 1.030757e+01 2.753978e+00 8.604388e+01 1.703856e+01 3.633321e+01 6.902451e+00 1.156376e+02 3.139178e+01 2.875106e+01 1.024187e+01 6.507397e+01 4.073126e+01 3.161009e+01 1.615602e+01 3.917522e+01 1.652694e+01 5.138751e+01 2.245461e+01 5.293226e+01 4.186923e+01
<GCONST> 1.021463e+02
<TRANSP> 8
 0.000000e+00 1.000000e+00 0.000000e+00 0.000000e+00 0.000000e+00 0.000000e+00 0.000000e+00 0.000000e+00
 0.000000e+00 5.000000e-01 5.000000e-01 0.000000e+00 0.000000e+00 0.000000e+00 0.000000e+00 0.000000e+00
 0.000000e+00 0.000000e+00 5.000000e-01 5.000000e-01 0.000000e+00 0.000000e+00 0.000000e+00 0.000000e+00
 0.000000e+00 0.000000e+00 0.000000e+00 5.000000e-01 5.000000e-01 0.000000e+00 0.000000e+00 0.000000e+00
 0.000000e+00 0.000000e+00 0.000000e+00 0.000000e+00 5.000000e-01 5.000000e-01 0.000000e+00 0.000000e+00
 0.000000e+00 0.000000e+00 0.000000e+00 0.000000e+00 0.000000e+00 5.000000e-01 5.000000e-01 0.000000e+00
 0.000000e+00 0.000000e+00 0.000000e+00 0.000000e+00 0.000000e+00 0.000000e+00 5.000000e-01 5.000000e-01
 0.000000e+00 0.000000e+00 0.000000e+00 0.000000e+00 0.000000e+00 0.000000e+00 0.000000e+00 0.000000e+00
<ENDHMM>
