~o
<STREAMINFO> 1 20
<VECSIZE> 20<NULLD><USER><DIAGC>
~h "i"
<BEGINHMM>
<NUMSTATES> 5
<STATE> 2
<NUMMIXES> 4
<MIXTURE> 1 2.500000e-01
<MEAN> 20
 -7.428161e+00 -2.037829e+00 -1.622086e+01 -1.113719e+01 -9.219394e+00 -1.203837e+01 -1.556640e+01 -1.390969e+01 -4.540609e+00 -1.218563e+01 -1.139345e+01 -1.127882e+01 1.444474e-01 -1.148688e+01 -6.770414e+00 -8.499872e+00 4.808816e+00 -1.011367e+01 -1.430926e+00 -1.150537e+01
<VARIANCE> 20
 7.387351e+00 1.461704e+00 7.537496e+01 1.369571e+01 2.477768e+01 6.414632e+00 6.600158e+01 3.976240e+01 1.768703e+01 7.214447e+00 6.109620e+01 4.819120e+01 1.632530e+01 8.364264e+00 3.340693e+01 2.924064e+01 2.298746e+01 1.003317e+01 4.329430e+01 5.541027e+01
<GCONST> 9.687878e+01
<MIXTURE> 2 2.500000e-01
<MEAN> 20
 -7.428161e+00 -2.037829e+00 -1.622086e+01 -1.113719e+01 -9.219394e+00 -1.203837e+01 -1.556640e+01 -1.390969e+01 -4.540609e+00 -1.218563e+01 -1.139345e+01 -1.127882e+01 1.444474e-01 -1.148688e+01 -6.770414e+00 -8.499872e+00 4.808816e+00 -1.011367e+01 -1.430926e+00 -1.150537e+01
<VARIANCE> 20
 7.387351e+00 1.461704e+00 7.537496e+01 1.369571e+01 2.477768e+01 6.414632e+00 6.600158e+01 3.976240e+01 1.768703e+01 7.214447e+00 6.109620e+01 4.819120e+01 1.632530e+01 8.364264e+00 3.340693e+01 2.924064e+01 2.298746e+01 1.003317e+01 4.329430e+01 5.541027e+01
<GCONST> 9.687878e+01
<MIXTURE> 3 2.500000e-01
<MEAN> 20
 -7.428161e+00 -2.037829e+00 -1.622086e+01 -1.113719e+01 -9.219394e+00 -1.203837e+01 -1.556640e+01 -1.390969e+01 -4.540609e+00 -1.218563e+01 -1.139345e+01 -1.127882e+01 1.444474e-01 -1.148688e+01 -6.770414e+00 -8.499872e+00 4.808816e+00 -1.011367e+01 -1.430926e+00 -1.150537e+01
<VARIANCE> 20
 7.387351e+00 1.461704e+00 7.537496e+01 1.369571e+01 2.477768e+01 6.414632e+00 6.600158e+01 3.976240e+01 1.768703e+01 7.214447e+00 6.109620e+01 4.819120e+01 1.632530e+01 8.364264e+00 3.340693e+01 2.924064e+01 2.298746e+01 1.003317e+01 4.329430e+01 5.541027e+01
<GCONST> 9.687878e+01
<MIXTURE> 4 2.500000e-01
<MEAN> 20
 -7.428161e+00 -2.037829e+00 -1.622086e+01 -1.113719e+01 -9.219394e+00 -1.203837e+01 -1.556640e+01 -1.390969e+01 -4.540609e+00 -1.218563e+01 -1.139345e+01 -1.127882e+01 1.444474e-01 -1.148688e+01 -6.770414e+00 -8.499872e+00 4.808816e+00 -1.011367e+01 -1.430926e+00 -1.150537e+01
<VARIANCE> 20
 7.387351e+00 1.461704e+00 7.537496e+01 1.369571e+01 2.477768e+01 6.414632e+00 6.600158e+01 3.976240e+01 1.768703e+01 7.214447e+00 6.109620e+01 4.819120e+01 1.632530e+01 8.364264e+00 3.340693e+01 2.924064e+01 2.298746e+01 1.003317e+01 4.329430e+01 5.541027e+01
<GCONST> 9.687878e+01
<STATE> 3
<NUMMIXES> 4
<MIXTURE> 1 2.500000e-01
<MEAN> 20
 -7.428161e+00 -2.037829e+00 -1.622086e+01 -1.113719e+01 -9.219394e+00 -1.203837e+01 -1.556640e+01 -1.390969e+01 -4.540609e+00 -1.218563e+01 -1.139345e+01 -1.127882e+01 1.444474e-01 -1.148688e+01 -6.770414e+00 -8.499872e+00 4.808816e+00 -1.011367e+01 -1.430926e+00 -1.150537e+01
<VARIANCE> 20
 7.387351e+00 1.461704e+00 7.537496e+01 1.369571e+01 2.477768e+01 6.414632e+00 6.600158e+01 3.976240e+01 1.768703e+01 7.214447e+00 6.109620e+01 4.819120e+01 1.632530e+01 8.364264e+00 3.340693e+01 2.924064e+01 2.298746e+01 1.003317e+01 4.329430e+01 5.541027e+01
<GCONST> 9.687878e+01
<MIXTURE> 2 2.500000e-01
<MEAN> 20
 -7.428161e+00 -2.037829e+00 -1.622086e+01 -1.113719e+01 -9.219394e+00 -1.203837e+01 -1.556640e+01 -1.390969e+01 -4.540609e+00 -1.218563e+01 -1.139345e+01 -1.127882e+01 1.444474e-01 -1.148688e+01 -6.770414e+00 -8.499872e+00 4.808816e+00 -1.011367e+01 -1.430926e+00 -1.150537e+01
<VARIANCE> 20
 7.387351e+00 1.461704e+00 7.537496e+01 1.369571e+01 2.477768e+01 6.414632e+00 6.600158e+01 3.976240e+01 1.768703e+01 7.214447e+00 6.109620e+01 4.819120e+01 1.632530e+01 8.364264e+00 3.340693e+01 2.924064e+01 2.298746e+01 1.003317e+01 4.329430e+01 5.541027e+01
<GCONST> 9.687878e+01
<MIXTURE> 3 2.500000e-01
<MEAN> 20
 -7.428161e+00 -2.037829e+00 -1.622086e+01 -1.113719e+01 -9.219394e+00 -1.203837e+01 -1.556640e+01 -1.390969e+01 -4.540609e+00 -1.218563e+01 -1.139345e+01 -1.127882e+01 1.444474e-01 -1.148688e+01 -6.770414e+00 -8.499872e+00 4.808816e+00 -1.011367e+01 -1.430926e+00 -1.150537e+01
<VARIANCE> 20
 7.387351e+00 1.461704e+00 7.537496e+01 1.369571e+01 2.477768e+01 6.414632e+00 6.600158e+01 3.976240e+01 1.768703e+01 7.214447e+00 6.109620e+01 4.819120e+01 1.632530e+01 8.364264e+00 3.340693e+01 2.924064e+01 2.298746e+01 1.003317e+01 4.329430e+01 5.541027e+01
<GCONST> 9.687878e+01
<MIXTURE> 4 2.500000e-01
<MEAN> 20
 -7.428161e+00 -2.037829e+00 -1.622086e+01 -1.113719e+01 -9.219394e+00 -1.203837e+01 -1.556640e+01 -1.390969e+01 -4.540609e+00 -1.218563e+01 -1.139345e+01 -1.127882e+01 1.444474e-01 -1.148688e+01 -6.770414e+00 -8.499872e+00 4.808816e+00 -1.011367e+01 -1.430926e+00 -1.150537e+01
<VARIANCE> 20
 7.387351e+00 1.461704e+00 7.537496e+01 1.369571e+01 2.477768e+01 6.414632e+00 6.600158e+01 3.976240e+01 1.768703e+01 7.214447e+00 6.109620e+01 4.819120e+01 1.632530e+01 8.364264e+00 3.340693e+01 2.924064e+01 2.298746e+01 1.003317e+01 4.329430e+01 5.541027e+01
<GCONST> 9.687878e+01
<STATE> 4
<NUMMIXES> 4
<MIXTURE> 1 2.500000e-01
<MEAN> 20
 -7.428161e+00 -2.037829e+00 -1.622086e+01 -1.113719e+01 -9.219394e+00 -1.203837e+01 -1.556640e+01 -1.390969e+01 -4.540609e+00 -1.218563e+01 -1.139345e+01 -1.127882e+01 1.444474e-01 -1.148688e+01 -6.770414e+00 -8.499872e+00 4.808816e+00 -1.011367e+01 -1.430926e+00 -1.150537e+01
<VARIANCE> 20
 7.387351e+00 1.461704e+00 7.537496e+01 1.369571e+01 2.477768e+01 6.414632e+00 6.600158e+01 3.976240e+01 1.768703e+01 7.214447e+00 6.109620e+01 4.819120e+01 1.632530e+01 8.364264e+00 3.340693e+01 2.924064e+01 2.298746e+01 1.003317e+01 4.329430e+01 5.541027e+01
<GCONST> 9.687878e+01
<MIXTURE> 2 2.500000e-01
<MEAN> 20
 -7.428161e+00 -2.037829e+00 -1.622086e+01 -1.113719e+01 -9.219394e+00 -1.203837e+01 -1.556640e+01 -1.390969e+01 -4.540609e+00 -1.218563e+01 -1.139345e+01 -1.127882e+01 1.444474e-01 -1.148688e+01 -6.770414e+00 -8.499872e+00 4.808816e+00 -1.011367e+01 -1.430926e+00 -1.150537e+01
<VARIANCE> 20
 7.387351e+00 1.461704e+00 7.537496e+01 1.369571e+01 2.477768e+01 6.414632e+00 6.600158e+01 3.976240e+01 1.768703e+01 7.214447e+00 6.109620e+01 4.819120e+01 1.632530e+01 8.364264e+00 3.340693e+01 2.924064e+01 2.298746e+01 1.003317e+01 4.329430e+01 5.541027e+01
<GCONST> 9.687878e+01
<MIXTURE> 3 2.500000e-01
<MEAN> 20
 -7.428161e+00 -2.037829e+00 -1.622086e+01 -1.113719e+01 -9.219394e+00 -1.203837e+01 -1.556640e+01 -1.390969e+01 -4.540609e+00 -1.218563e+01 -1.139345e+01 -1.127882e+01 1.444474e-01 -1.148688e+01 -6.770414e+00 -8.499872e+00 4.808816e+00 -1.011367e+01 -1.430926e+00 -1.150537e+01
<VARIANCE> 20
 7.387351e+00 1.461704e+00 7.537496e+01 1.369571e+01 2.477768e+01 6.414632e+00 6.600158e+01 3.976240e+01 1.768703e+01 7.214447e+00 6.109620e+01 4.819120e+01 1.632530e+01 8.364264e+00 3.340693e+01 2.924064e+01 2.298746e+01 1.003317e+01 4.329430e+01 5.541027e+01
<GCONST> 9.687878e+01
<MIXTURE> 4 2.500000e-01
<MEAN> 20
 -7.428161e+00 -2.037829e+00 -1.622086e+01 -1.113719e+01 -9.219394e+00 -1.203837e+01 -1.556640e+01 -1.390969e+01 -4.540609e+00 -1.218563e+01 -1.139345e+01 -1.127882e+01 1.444474e-01 -1.148688e+01 -6.770414e+00 -8.499872e+00 4.808816e+00 -1.011367e+01 -1.430926e+00 -1.150537e+01
<VARIANCE> 20
 7.387351e+00 1.461704e+00 7.537496e+01 1.369571e+01 2.477768e+01 6.414632e+00 6.600158e+01 3.976240e+01 1.768703e+01 7.214447e+00 6.109620e+01 4.819120e+01 1.632530e+01 8.364264e+00 3.340693e+01 2.924064e+01 2.298746e+01 1.003317e+01 4.329430e+01 5.541027e+01
<GCONST> 9.687878e+01
<TRANSP> 5
 0.000000e+00 1.000000e+00 0.000000e+00 0.000000e+00 0.000000e+00
 0.000000e+00 5.000000e-01 5.000000e-01 0.000000e+00 0.000000e+00
 0.000000e+00 0.000000e+00 5.000000e-01 5.000000e-01 0.000000e+00
 0.000000e+00 0.000000e+00 0.000000e+00 5.000000e-01 5.000000e-01
 0.000000e+00 0.000000e+00 0.000000e+00 0.000000e+00 0.000000e+00
<ENDHMM>
