~o
<STREAMINFO> 1 20
<VECSIZE> 20<NULLD><USER><DIAGC>
~h "j"
<BEGINHMM>
<NUMSTATES> 8
<STATE> 2
<MEAN> 20
 -7.350026e+00 -1.835919e+00 -1.765339e+01 -9.783790e+00 -9.981987e+00 -1.185179e+01 -1.643141e+01 -1.226566e+01 -5.520940e+00 -1.186997e+01 -1.298707e+01 -1.096842e+01 -1.156572e+00 -1.096114e+01 -9.189378e+00 -8.183599e+00 3.090319e+00 -9.359724e+00 -4.977812e+00 -1.141520e+01
<VARIANCE> 20
 6.081284e+00 2.520630e+00 4.943875e+01 1.552677e+01 2.279498e+01 5.434321e+00 3.608427e+01 4.821311e+01 1.964181e+01 5.731254e+00 3.805242e+01 6.028715e+01 2.358555e+01 7.951461e+00 4.571982e+01 3.262149e+01 3.727645e+01 1.162666e+01 1.330034e+02 5.817283e+01
<GCONST> 9.843996e+01
<STATE> 3
<NUMMIXES> 4
<MIXTURE> 1 2.500000e-01
<MEAN> 20
 -7.350026e+00 -1.835919e+00 -1.765339e+01 -9.783790e+00 -9.981987e+00 -1.185179e+01 -1.643141e+01 -1.226566e+01 -5.520940e+00 -1.186997e+01 -1.298707e+01 -1.096842e+01 -1.156572e+00 -1.096114e+01 -9.189378e+00 -8.183599e+00 3.090319e+00 -9.359724e+00 -4.977812e+00 -1.141520e+01
<VARIANCE> 20
 6.081284e+00 2.520630e+00 4.943875e+01 1.552677e+01 2.279498e+01 5.434321e+00 3.608427e+01 4.821311e+01 1.964181e+01 5.731254e+00 3.805242e+01 6.028715e+01 2.358555e+01 7.951461e+00 4.571982e+01 3.262149e+01 3.727645e+01 1.162666e+01 1.330034e+02 5.817283e+01
<GCONST> 9.843996e+01
<MIXTURE> 2 2.500000e-01
<MEAN> 20
 -7.350026e+00 -1.835919e+00 -1.765339e+01 -9.783790e+00 -9.981987e+00 -1.185179e+01 -1.643141e+01 -1.226566e+01 -5.520940e+00 -1.186997e+01 -1.298707e+01 -1.096842e+01 -1.156572e+00 -1.096114e+01 -9.189378e+00 -8.183599e+00 3.090319e+00 -9.359724e+00 -4.977812e+00 -1.141520e+01
<VARIANCE> 20
 6.081284e+00 2.520630e+00 4.943875e+01 1.552677e+01 2.279498e+01 5.434321e+00 3.608427e+01 4.821311e+01 1.964181e+01 5.731254e+00 3.805242e+01 6.028715e+01 2.358555e+01 7.951461e+00 4.571982e+01 3.262149e+01 3.727645e+01 1.162666e+01 1.330034e+02 5.817283e+01
<GCONST> 9.843996e+01
<MIXTURE> 3 2.500000e-01
<MEAN> 20
 -7.350026e+00 -1.835919e+00 -1.765339e+01 -9.783790e+00 -9.981987e+00 -1.185179e+01 -1.643141e+01 -1.226566e+01 -5.520940e+00 -1.186997e+01 -1.298707e+01 -1.096842e+01 -1.156572e+00 -1.096114e+01 -9.189378e+00 -8.183599e+00 3.090319e+00 -9.359724e+00 -4.977812e+00 -1.141520e+01
<VARIANCE> 20
 6.081284e+00 2.520630e+00 4.943875e+01 1.552677e+01 2.279498e+01 5.434321e+00 3.608427e+01 4.821311e+01 1.964181e+01 5.731254e+00 3.805242e+01 6.028715e+01 2.358555e+01 7.951461e+00 4.571982e+01 3.262149e+01 3.727645e+01 1.162666e+01 1.330034e+02 5.817283e+01
<GCONST> 9.843996e+01
<MIXTURE> 4 2.500000e-01
<MEAN> 20
 -7.350026e+00 -1.835919e+00 -1.765339e+01 -9.783790e+00 -9.981987e+00 -1.185179e+01 -1.643141e+01 -1.226566e+01 -5.520940e+00 -1.186997e+01 -1.298707e+01 -1.096842e+01 -1.156572e+00 -1.096114e+01 -9.189378e+00 -8.183599e+00 3.090319e+00 -9.359724e+00 -4.977812e+00 -1.141520e+01
<VARIANCE> 20
 6.081284e+00 2.520630e+00 4.943875e+01 1.552677e+01 2.279498e+01 5.434321e+00 3.608427e+01 4.821311e+01 1.964181e+01 5.731254e+00 3.805242e+01 6.028715e+01 2.358555e+01 7.951461e+00 4.571982e+01 3.262149e+01 3.727645e+01 1.162666e+01 1.330034e+02 5.817283e+01
<GCONST> 9.843996e+01
<STATE> 4
<NUMMIXES> 4
<MIXTURE> 1 2.500000e-01
<MEAN> 20
 -7.350026e+00 -1.835919e+00 -1.765339e+01 -9.783790e+00 -9.981987e+00 -1.185179e+01 -1.643141e+01 -1.226566e+01 -5.520940e+00 -1.186997e+01 -1.298707e+01 -1.096842e+01 -1.156572e+00 -1.096114e+01 -9.189378e+00 -8.183599e+00 3.090319e+00 -9.359724e+00 -4.977812e+00 -1.141520e+01
<VARIANCE> 20
 6.081284e+00 2.520630e+00 4.943875e+01 1.552677e+01 2.279498e+01 5.434321e+00 3.608427e+01 4.821311e+01 1.964181e+01 5.731254e+00 3.805242e+01 6.028715e+01 2.358555e+01 7.951461e+00 4.571982e+01 3.262149e+01 3.727645e+01 1.162666e+01 1.330034e+02 5.817283e+01
<GCONST> 9.843996e+01
<MIXTURE> 2 2.500000e-01
<MEAN> 20
 -7.350026e+00 -1.835919e+00 -1.765339e+01 -9.783790e+00 -9.981987e+00 -1.185179e+01 -1.643141e+01 -1.226566e+01 -5.520940e+00 -1.186997e+01 -1.298707e+01 -1.096842e+01 -1.156572e+00 -1.096114e+01 -9.189378e+00 -8.183599e+00 3.090319e+00 -9.359724e+00 -4.977812e+00 -1.141520e+01
<VARIANCE> 20
 6.081284e+00 2.520630e+00 4.943875e+01 1.552677e+01 2.279498e+01 5.434321e+00 3.608427e+01 4.821311e+01 1.964181e+01 5.731254e+00 3.805242e+01 6.028715e+01 2.358555e+01 7.951461e+00 4.571982e+01 3.262149e+01 3.727645e+01 1.162666e+01 1.330034e+02 5.817283e+01
<GCONST> 9.843996e+01
<MIXTURE> 3 2.500000e-01
<MEAN> 20
 -7.350026e+00 -1.835919e+00 -1.765339e+01 -9.783790e+00 -9.981987e+00 -1.185179e+01 -1.643141e+01 -1.226566e+01 -5.520940e+00 -1.186997e+01 -1.298707e+01 -1.096842e+01 -1.156572e+00 -1.096114e+01 -9.189378e+00 -8.183599e+00 3.090319e+00 -9.359724e+00 -4.977812e+00 -1.141520e+01
<VARIANCE> 20
 6.081284e+00 2.520630e+00 4.943875e+01 1.552677e+01 2.279498e+01 5.434321e+00 3.608427e+01 4.821311e+01 1.964181e+01 5.731254e+00 3.805242e+01 6.028715e+01 2.358555e+01 7.951461e+00 4.571982e+01 3.262149e+01 3.727645e+01 1.162666e+01 1.330034e+02 5.817283e+01
<GCONST> 9.843996e+01
<MIXTURE> 4 2.500000e-01
<MEAN> 20
 -7.350026e+00 -1.835919e+00 -1.765339e+01 -9.783790e+00 -9.981987e+00 -1.185179e+01 -1.643141e+01 -1.226566e+01 -5.520940e+00 -1.186997e+01 -1.298707e+01 -1.096842e+01 -1.156572e+00 -1.096114e+01 -9.189378e+00 -8.183599e+00 3.090319e+00 -9.359724e+00 -4.977812e+00 -1.141520e+01
<VARIANCE> 20
 6.081284e+00 2.520630e+00 4.943875e+01 1.552677e+01 2.279498e+01 5.434321e+00 3.608427e+01 4.821311e+01 1.964181e+01 5.731254e+00 3.805242e+01 6.028715e+01 2.358555e+01 7.951461e+00 4.571982e+01 3.262149e+01 3.727645e+01 1.162666e+01 1.330034e+02 5.817283e+01
<GCONST> 9.843996e+01
<STATE> 5
<NUMMIXES> 4
<MIXTURE> 1 2.500000e-01
<MEAN> 20
 -7.350026e+00 -1.835919e+00 -1.765339e+01 -9.783790e+00 -9.981987e+00 -1.185179e+01 -1.643141e+01 -1.226566e+01 -5.520940e+00 -1.186997e+01 -1.298707e+01 -1.096842e+01 -1.156572e+00 -1.096114e+01 -9.189378e+00 -8.183599e+00 3.090319e+00 -9.359724e+00 -4.977812e+00 -1.141520e+01
<VARIANCE> 20
 6.081284e+00 2.520630e+00 4.943875e+01 1.552677e+01 2.279498e+01 5.434321e+00 3.608427e+01 4.821311e+01 1.964181e+01 5.731254e+00 3.805242e+01 6.028715e+01 2.358555e+01 7.951461e+00 4.571982e+01 3.262149e+01 3.727645e+01 1.162666e+01 1.330034e+02 5.817283e+01
<GCONST> 9.843996e+01
<MIXTURE> 2 2.500000e-01
<MEAN> 20
 -7.350026e+00 -1.835919e+00 -1.765339e+01 -9.783790e+00 -9.981987e+00 -1.185179e+01 -1.643141e+01 -1.226566e+01 -5.520940e+00 -1.186997e+01 -1.298707e+01 -1.096842e+01 -1.156572e+00 -1.096114e+01 -9.189378e+00 -8.183599e+00 3.090319e+00 -9.359724e+00 -4.977812e+00 -1.141520e+01
<VARIANCE> 20
 6.081284e+00 2.520630e+00 4.943875e+01 1.552677e+01 2.279498e+01 5.434321e+00 3.608427e+01 4.821311e+01 1.964181e+01 5.731254e+00 3.805242e+01 6.028715e+01 2.358555e+01 7.951461e+00 4.571982e+01 3.262149e+01 3.727645e+01 1.162666e+01 1.330034e+02 5.817283e+01
<GCONST> 9.843996e+01
<MIXTURE> 3 2.500000e-01
<MEAN> 20
 -7.350026e+00 -1.835919e+00 -1.765339e+01 -9.783790e+00 -9.981987e+00 -1.185179e+01 -1.643141e+01 -1.226566e+01 -5.520940e+00 -1.186997e+01 -1.298707e+01 -1.096842e+01 -1.156572e+00 -1.096114e+01 -9.189378e+00 -8.183599e+00 3.090319e+00 -9.359724e+00 -4.977812e+00 -1.141520e+01
<VARIANCE> 20
 6.081284e+00 2.520630e+00 4.943875e+01 1.552677e+01 2.279498e+01 5.434321e+00 3.608427e+01 4.821311e+01 1.964181e+01 5.731254e+00 3.805242e+01 6.028715e+01 2.358555e+01 7.951461e+00 4.571982e+01 3.262149e+01 3.727645e+01 1.162666e+01 1.330034e+02 5.817283e+01
<GCONST> 9.843996e+01
<MIXTURE> 4 2.500000e-01
<MEAN> 20
 -7.350026e+00 -1.835919e+00 -1.765339e+01 -9.783790e+00 -9.981987e+00 -1.185179e+01 -1.643141e+01 -1.226566e+01 -5.520940e+00 -1.186997e+01 -1.298707e+01 -1.096842e+01 -1.156572e+00 -1.096114e+01 -9.189378e+00 -8.183599e+00 3.090319e+00 -9.359724e+00 -4.977812e+00 -1.141520e+01
<VARIANCE> 20
 6.081284e+00 2.520630e+00 4.943875e+01 1.552677e+01 2.279498e+01 5.434321e+00 3.608427e+01 4.821311e+01 1.964181e+01 5.731254e+00 3.805242e+01 6.028715e+01 2.358555e+01 7.951461e+00 4.571982e+01 3.262149e+01 3.727645e+01 1.162666e+01 1.330034e+02 5.817283e+01
<GCONST> 9.843996e+01
<STATE> 6
<NUMMIXES> 4
<MIXTURE> 1 2.500000e-01
<MEAN> 20
 -7.350026e+00 -1.835919e+00 -1.765339e+01 -9.783790e+00 -9.981987e+00 -1.185179e+01 -1.643141e+01 -1.226566e+01 -5.520940e+00 -1.186997e+01 -1.298707e+01 -1.096842e+01 -1.156572e+00 -1.096114e+01 -9.189378e+00 -8.183599e+00 3.090319e+00 -9.359724e+00 -4.977812e+00 -1.141520e+01
<VARIANCE> 20
 6.081284e+00 2.520630e+00 4.943875e+01 1.552677e+01 2.279498e+01 5.434321e+00 3.608427e+01 4.821311e+01 1.964181e+01 5.731254e+00 3.805242e+01 6.028715e+01 2.358555e+01 7.951461e+00 4.571982e+01 3.262149e+01 3.727645e+01 1.162666e+01 1.330034e+02 5.817283e+01
<GCONST> 9.843996e+01
<MIXTURE> 2 2.500000e-01
<MEAN> 20
 -7.350026e+00 -1.835919e+00 -1.765339e+01 -9.783790e+00 -9.981987e+00 -1.185179e+01 -1.643141e+01 -1.226566e+01 -5.520940e+00 -1.186997e+01 -1.298707e+01 -1.096842e+01 -1.156572e+00 -1.096114e+01 -9.189378e+00 -8.183599e+00 3.090319e+00 -9.359724e+00 -4.977812e+00 -1.141520e+01
<VARIANCE> 20
 6.081284e+00 2.520630e+00 4.943875e+01 1.552677e+01 2.279498e+01 5.434321e+00 3.608427e+01 4.821311e+01 1.964181e+01 5.731254e+00 3.805242e+01 6.028715e+01 2.358555e+01 7.951461e+00 4.571982e+01 3.262149e+01 3.727645e+01 1.162666e+01 1.330034e+02 5.817283e+01
<GCONST> 9.843996e+01
<MIXTURE> 3 2.500000e-01
<MEAN> 20
 -7.350026e+00 -1.835919e+00 -1.765339e+01 -9.783790e+00 -9.981987e+00 -1.185179e+01 -1.643141e+01 -1.226566e+01 -5.520940e+00 -1.186997e+01 -1.298707e+01 -1.096842e+01 -1.156572e+00 -1.096114e+01 -9.189378e+00 -8.183599e+00 3.090319e+00 -9.359724e+00 -4.977812e+00 -1.141520e+01
<VARIANCE> 20
 6.081284e+00 2.520630e+00 4.943875e+01 1.552677e+01 2.279498e+01 5.434321e+00 3.608427e+01 4.821311e+01 1.964181e+01 5.731254e+00 3.805242e+01 6.028715e+01 2.358555e+01 7.951461e+00 4.571982e+01 3.262149e+01 3.727645e+01 1.162666e+01 1.330034e+02 5.817283e+01
<GCONST> 9.843996e+01
<MIXTURE> 4 2.500000e-01
<MEAN> 20
 -7.350026e+00 -1.835919e+00 -1.765339e+01 -9.783790e+00 -9.981987e+00 -1.185179e+01 -1.643141e+01 -1.226566e+01 -5.520940e+00 -1.186997e+01 -1.298707e+01 -1.096842e+01 -1.156572e+00 -1.096114e+01 -9.189378e+00 -8.183599e+00 3.090319e+00 -9.359724e+00 -4.977812e+00 -1.141520e+01
<VARIANCE> 20
 6.081284e+00 2.520630e+00 4.943875e+01 1.552677e+01 2.279498e+01 5.434321e+00 3.608427e+01 4.821311e+01 1.964181e+01 5.731254e+00 3.805242e+01 6.028715e+01 2.358555e+01 7.951461e+00 4.571982e+01 3.262149e+01 3.727645e+01 1.162666e+01 1.330034e+02 5.817283e+01
<GCONST> 9.843996e+01
<STATE> 7
<MEAN> 20
 -7.350026e+00 -1.835919e+00 -1.765339e+01 -9.783790e+00 -9.981987e+00 -1.185179e+01 -1.643141e+01 -1.226566e+01 -5.520940e+00 -1.186997e+01 -1.298707e+01 -1.096842e+01 -1.156572e+00 -1.096114e+01 -9.189378e+00 -8.183599e+00 3.090319e+00 -9.359724e+00 -4.977812e+00 -1.141520e+01
<VARIANCE> 20
 6.081284e+00 2.520630e+00 4.943875e+01 1.552677e+01 2.279498e+01 5.434321e+00 3.608427e+01 4.821311e+01 1.964181e+01 5.731254e+00 3.805242e+01 6.028715e+01 2.358555e+01 7.951461e+00 4.571982e+01 3.262149e+01 3.727645e+01 1.162666e+01 1.330034e+02 5.817283e+01
<GCONST> 9.843996e+01
<TRANSP> 8
 0.000000e+00 1.000000e+00 0.000000e+00 0.000000e+00 0.000000e+00 0.000000e+00 0.000000e+00 0.000000e+00
 0.000000e+00 5.000000e-01 5.000000e-01 0.000000e+00 0.000000e+00 0.000000e+00 0.000000e+00 0.000000e+00
 0.000000e+00 0.000000e+00 5.000000e-01 5.000000e-01 0.000000e+00 0.000000e+00 0.000000e+00 0.000000e+00
 0.000000e+00 0.000000e+00 0.000000e+00 5.000000e-01 5.000000e-01 0.000000e+00 0.000000e+00 0.000000e+00
 0.000000e+00 0.000000e+00 0.000000e+00 0.000000e+00 5.000000e-01 5.000000e-01 0.000000e+00 0.000000e+00
 0.000000e+00 0.000000e+00 0.000000e+00 0.000000e+00 0.000000e+00 5.000000e-01 5.000000e-01 0.000000e+00
 0.000000e+00 0.000000e+00 0.000000e+00 0.000000e+00 0.000000e+00 0.000000e+00 5.000000e-01 5.000000e-01
 0.000000e+00 0.000000e+00 0.000000e+00 0.000000e+00 0.000000e+00 0.000000e+00 0.000000e+00 0.000000e+00
<ENDHMM>
