~o
<STREAMINFO> 1 20
<VECSIZE> 20<NULLD><USER><DIAGC>
~h "k"
<BEGINHMM>
<NUMSTATES> 5
<STATE> 2
<NUMMIXES> 4
<MIXTURE> 1 2.500000e-01
<MEAN> 20
 -7.522316e+00 -2.017562e+00 -1.542187e+01 -1.165126e+01 -8.907427e+00 -1.262819e+01 -1.483569e+01 -1.737151e+01 -4.106568e+00 -1.283595e+01 -1.319573e+01 -1.430458e+01 6.002936e-01 -1.203887e+01 -7.427517e+00 -8.355413e+00 5.114739e+00 -1.042251e+01 -2.926327e+00 -8.257656e+00
<VARIANCE> 20
 9.651719e+00 1.155854e+00 7.359151e+01 1.462954e+01 2.131283e+01 6.128939e+00 6.047083e+01 4.961316e+01 1.154828e+01 6.587336e+00 6.950497e+01 4.925685e+01 9.351820e+00 6.469146e+00 3.546944e+01 2.961585e+01 1.646536e+01 6.175978e+00 3.442554e+01 2.990703e+01
<GCONST> 9.411839e+01
<MIXTURE> 2 2.500000e-01
<MEAN> 20
 -7.522316e+00 -2.017562e+00 -1.542187e+01 -1.165126e+01 -8.907427e+00 -1.262819e+01 -1.483569e+01 -1.737151e+01 -4.106568e+00 -1.283595e+01 -1.319573e+01 -1.430458e+01 6.002936e-01 -1.203887e+01 -7.427517e+00 -8.355413e+00 5.114739e+00 -1.042251e+01 -2.926327e+00 -8.257656e+00
<VARIANCE> 20
 9.651719e+00 1.155854e+00 7.359151e+01 1.462954e+01 2.131283e+01 6.128939e+00 6.047083e+01 4.961316e+01 1.154828e+01 6.587336e+00 6.950497e+01 4.925685e+01 9.351820e+00 6.469146e+00 3.546944e+01 2.961585e+01 1.646536e+01 6.175978e+00 3.442554e+01 2.990703e+01
<GCONST> 9.411839e+01
<MIXTURE> 3 2.500000e-01
<MEAN> 20
 -7.522316e+00 -2.017562e+00 -1.542187e+01 -1.165126e+01 -8.907427e+00 -1.262819e+01 -1.483569e+01 -1.737151e+01 -4.106568e+00 -1.283595e+01 -1.319573e+01 -1.430458e+01 6.002936e-01 -1.203887e+01 -7.427517e+00 -8.355413e+00 5.114739e+00 -1.042251e+01 -2.926327e+00 -8.257656e+00
<VARIANCE> 20
 9.651719e+00 1.155854e+00 7.359151e+01 1.462954e+01 2.131283e+01 6.128939e+00 6.047083e+01 4.961316e+01 1.154828e+01 6.587336e+00 6.950497e+01 4.925685e+01 9.351820e+00 6.469146e+00 3.546944e+01 2.961585e+01 1.646536e+01 6.175978e+00 3.442554e+01 2.990703e+01
<GCONST> 9.411839e+01
<MIXTURE> 4 2.500000e-01
<MEAN> 20
 -7.522316e+00 -2.017562e+00 -1.542187e+01 -1.165126e+01 -8.907427e+00 -1.262819e+01 -1.483569e+01 -1.737151e+01 -4.106568e+00 -1.283595e+01 -1.319573e+01 -1.430458e+01 6.002936e-01 -1.203887e+01 -7.427517e+00 -8.355413e+00 5.114739e+00 -1.042251e+01 -2.926327e+00 -8.257656e+00
<VARIANCE> 20
 9.651719e+00 1.155854e+00 7.359151e+01 1.462954e+01 2.131283e+01 6.128939e+00 6.047083e+01 4.961316e+01 1.154828e+01 6.587336e+00 6.950497e+01 4.925685e+01 9.351820e+00 6.469146e+00 3.546944e+01 2.961585e+01 1.646536e+01 6.175978e+00 3.442554e+01 2.990703e+01
<GCONST> 9.411839e+01
<STATE> 3
<NUMMIXES> 4
<MIXTURE> 1 2.500000e-01
<MEAN> 20
 -7.522316e+00 -2.017562e+00 -1.542187e+01 -1.165126e+01 -8.907427e+00 -1.262819e+01 -1.483569e+01 -1.737151e+01 -4.106568e+00 -1.283595e+01 -1.319573e+01 -1.430458e+01 6.002936e-01 -1.203887e+01 -7.427517e+00 -8.355413e+00 5.114739e+00 -1.042251e+01 -2.926327e+00 -8.257656e+00
<VARIANCE> 20
 9.651719e+00 1.155854e+00 7.359151e+01 1.462954e+01 2.131283e+01 6.128939e+00 6.047083e+01 4.961316e+01 1.154828e+01 6.587336e+00 6.950497e+01 4.925685e+01 9.351820e+00 6.469146e+00 3.546944e+01 2.961585e+01 1.646536e+01 6.175978e+00 3.442554e+01 2.990703e+01
<GCONST> 9.411839e+01
<MIXTURE> 2 2.500000e-01
<MEAN> 20
 -7.522316e+00 -2.017562e+00 -1.542187e+01 -1.165126e+01 -8.907427e+00 -1.262819e+01 -1.483569e+01 -1.737151e+01 -4.106568e+00 -1.283595e+01 -1.319573e+01 -1.430458e+01 6.002936e-01 -1.203887e+01 -7.427517e+00 -8.355413e+00 5.114739e+00 -1.042251e+01 -2.926327e+00 -8.257656e+00
<VARIANCE> 20
 9.651719e+00 1.155854e+00 7.359151e+01 1.462954e+01 2.131283e+01 6.128939e+00 6.047083e+01 4.961316e+01 1.154828e+01 6.587336e+00 6.950497e+01 4.925685e+01 9.351820e+00 6.469146e+00 3.546944e+01 2.961585e+01 1.646536e+01 6.175978e+00 3.442554e+01 2.990703e+01
<GCONST> 9.411839e+01
<MIXTURE> 3 2.500000e-01
<MEAN> 20
 -7.522316e+00 -2.017562e+00 -1.542187e+01 -1.165126e+01 -8.907427e+00 -1.262819e+01 -1.483569e+01 -1.737151e+01 -4.106568e+00 -1.283595e+01 -1.319573e+01 -1.430458e+01 6.002936e-01 -1.203887e+01 -7.427517e+00 -8.355413e+00 5.114739e+00 -1.042251e+01 -2.926327e+00 -8.257656e+00
<VARIANCE> 20
 9.651719e+00 1.155854e+00 7.359151e+01 1.462954e+01 2.131283e+01 6.128939e+00 6.047083e+01 4.961316e+01 1.154828e+01 6.587336e+00 6.950497e+01 4.925685e+01 9.351820e+00 6.469146e+00 3.546944e+01 2.961585e+01 1.646536e+01 6.175978e+00 3.442554e+01 2.990703e+01
<GCONST> 9.411839e+01
<MIXTURE> 4 2.500000e-01
<MEAN> 20
 -7.522316e+00 -2.017562e+00 -1.542187e+01 -1.165126e+01 -8.907427e+00 -1.262819e+01 -1.483569e+01 -1.737151e+01 -4.106568e+00 -1.283595e+01 -1.319573e+01 -1.430458e+01 6.002936e-01 -1.203887e+01 -7.427517e+00 -8.355413e+00 5.114739e+00 -1.042251e+01 -2.926327e+00 -8.257656e+00
<VARIANCE> 20
 9.651719e+00 1.155854e+00 7.359151e+01 1.462954e+01 2.131283e+01 6.128939e+00 6.047083e+01 4.961316e+01 1.154828e+01 6.587336e+00 6.950497e+01 4.925685e+01 9.351820e+00 6.469146e+00 3.546944e+01 2.961585e+01 1.646536e+01 6.175978e+00 3.442554e+01 2.990703e+01
<GCONST> 9.411839e+01
<STATE> 4
<NUMMIXES> 4
<MIXTURE> 1 2.500000e-01
<MEAN> 20
 -7.522316e+00 -2.017562e+00 -1.542187e+01 -1.165126e+01 -8.907427e+00 -1.262819e+01 -1.483569e+01 -1.737151e+01 -4.106568e+00 -1.283595e+01 -1.319573e+01 -1.430458e+01 6.002936e-01 -1.203887e+01 -7.427517e+00 -8.355413e+00 5.114739e+00 -1.042251e+01 -2.926327e+00 -8.257656e+00
<VARIANCE> 20
 9.651719e+00 1.155854e+00 7.359151e+01 1.462954e+01 2.131283e+01 6.128939e+00 6.047083e+01 4.961316e+01 1.154828e+01 6.587336e+00 6.950497e+01 4.925685e+01 9.351820e+00 6.469146e+00 3.546944e+01 2.961585e+01 1.646536e+01 6.175978e+00 3.442554e+01 2.990703e+01
<GCONST> 9.411839e+01
<MIXTURE> 2 2.500000e-01
<MEAN> 20
 -7.522316e+00 -2.017562e+00 -1.542187e+01 -1.165126e+01 -8.907427e+00 -1.262819e+01 -1.483569e+01 -1.737151e+01 -4.106568e+00 -1.283595e+01 -1.319573e+01 -1.430458e+01 6.002936e-01 -1.203887e+01 -7.427517e+00 -8.355413e+00 5.114739e+00 -1.042251e+01 -2.926327e+00 -8.257656e+00
<VARIANCE> 20
 9.651719e+00 1.155854e+00 7.359151e+01 1.462954e+01 2.131283e+01 6.128939e+00 6.047083e+01 4.961316e+01 1.154828e+01 6.587336e+00 6.950497e+01 4.925685e+01 9.351820e+00 6.469146e+00 3.546944e+01 2.961585e+01 1.646536e+01 6.175978e+00 3.442554e+01 2.990703e+01
<GCONST> 9.411839e+01
<MIXTURE> 3 2.500000e-01
<MEAN> 20
 -7.522316e+00 -2.017562e+00 -1.542187e+01 -1.165126e+01 -8.907427e+00 -1.262819e+01 -1.483569e+01 -1.737151e+01 -4.106568e+00 -1.283595e+01 -1.319573e+01 -1.430458e+01 6.002936e-01 -1.203887e+01 -7.427517e+00 -8.355413e+00 5.114739e+00 -1.042251e+01 -2.926327e+00 -8.257656e+00
<VARIANCE> 20
 9.651719e+00 1.155854e+00 7.359151e+01 1.462954e+01 2.131283e+01 6.128939e+00 6.047083e+01 4.961316e+01 1.154828e+01 6.587336e+00 6.950497e+01 4.925685e+01 9.351820e+00 6.469146e+00 3.546944e+01 2.961585e+01 1.646536e+01 6.175978e+00 3.442554e+01 2.990703e+01
<GCONST> 9.411839e+01
<MIXTURE> 4 2.500000e-01
<MEAN> 20
 -7.522316e+00 -2.017562e+00 -1.542187e+01 -1.165126e+01 -8.907427e+00 -1.262819e+01 -1.483569e+01 -1.737151e+01 -4.106568e+00 -1.283595e+01 -1.319573e+01 -1.430458e+01 6.002936e-01 -1.203887e+01 -7.427517e+00 -8.355413e+00 5.114739e+00 -1.042251e+01 -2.926327e+00 -8.257656e+00
<VARIANCE> 20
 9.651719e+00 1.155854e+00 7.359151e+01 1.462954e+01 2.131283e+01 6.128939e+00 6.047083e+01 4.961316e+01 1.154828e+01 6.587336e+00 6.950497e+01 4.925685e+01 9.351820e+00 6.469146e+00 3.546944e+01 2.961585e+01 1.646536e+01 6.175978e+00 3.442554e+01 2.990703e+01
<GCONST> 9.411839e+01
<TRANSP> 5
 0.000000e+00 1.000000e+00 0.000000e+00 0.000000e+00 0.000000e+00
 0.000000e+00 5.000000e-01 5.000000e-01 0.000000e+00 0.000000e+00
 0.000000e+00 0.000000e+00 5.000000e-01 5.000000e-01 0.000000e+00
 0.000000e+00 0.000000e+00 0.000000e+00 5.000000e-01 5.000000e-01
 0.000000e+00 0.000000e+00 0.000000e+00 0.000000e+00 0.000000e+00
<ENDHMM>
