~o
<STREAMINFO> 1 20
<VECSIZE> 20<NULLD><USER><DIAGC>
~h "l"
<BEGINHMM>
<NUMSTATES> 5
<STATE> 2
<NUMMIXES> 4
<MIXTURE> 1 2.500000e-01
<MEAN> 20
 -7.490760e+00 -1.825758e+00 -1.840772e+01 -1.052827e+01 -8.993204e+00 -1.223627e+01 -1.433767e+01 -1.681759e+01 -3.906541e+00 -1.242270e+01 -1.001342e+01 -1.056452e+01 1.044008e+00 -1.158925e+01 -5.376768e+00 -8.119448e+00 5.900243e+00 -1.001105e+01 -7.854981e-01 -8.876252e+00
<VARIANCE> 20
 8.708007e+00 1.225240e+00 9.901032e+01 1.802946e+01 2.396176e+01 7.375987e+00 6.356199e+01 5.590040e+01 1.400735e+01 8.013482e+00 5.256596e+01 5.062093e+01 1.133318e+01 8.174178e+00 3.335543e+01 3.303764e+01 1.741876e+01 8.278020e+00 3.684668e+01 3.753068e+01
<GCONST> 9.630622e+01
<MIXTURE> 2 2.500000e-01
<MEAN> 20
 -7.490760e+00 -1.825758e+00 -1.840772e+01 -1.052827e+01 -8.993204e+00 -1.223627e+01 -1.433767e+01 -1.681759e+01 -3.906541e+00 -1.242270e+01 -1.001342e+01 -1.056452e+01 1.044008e+00 -1.158925e+01 -5.376768e+00 -8.119448e+00 5.900243e+00 -1.001105e+01 -7.854981e-01 -8.876252e+00
<VARIANCE> 20
 8.708007e+00 1.225240e+00 9.901032e+01 1.802946e+01 2.396176e+01 7.375987e+00 6.356199e+01 5.590040e+01 1.400735e+01 8.013482e+00 5.256596e+01 5.062093e+01 1.133318e+01 8.174178e+00 3.335543e+01 3.303764e+01 1.741876e+01 8.278020e+00 3.684668e+01 3.753068e+01
<GCONST> 9.630622e+01
<MIXTURE> 3 2.500000e-01
<MEAN> 20
 -7.490760e+00 -1.825758e+00 -1.840772e+01 -1.052827e+01 -8.993204e+00 -1.223627e+01 -1.433767e+01 -1.681759e+01 -3.906541e+00 -1.242270e+01 -1.001342e+01 -1.056452e+01 1.044008e+00 -1.158925e+01 -5.376768e+00 -8.119448e+00 5.900243e+00 -1.001105e+01 -7.854981e-01 -8.876252e+00
<VARIANCE> 20
 8.708007e+00 1.225240e+00 9.901032e+01 1.802946e+01 2.396176e+01 7.375987e+00 6.356199e+01 5.590040e+01 1.400735e+01 8.013482e+00 5.256596e+01 5.062093e+01 1.133318e+01 8.174178e+00 3.335543e+01 3.303764e+01 1.741876e+01 8.278020e+00 3.684668e+01 3.753068e+01
<GCONST> 9.630622e+01
<MIXTURE> 4 2.500000e-01
<MEAN> 20
 -7.490760e+00 -1.825758e+00 -1.840772e+01 -1.052827e+01 -8.993204e+00 -1.223627e+01 -1.433767e+01 -1.681759e+01 -3.906541e+00 -1.242270e+01 -1.001342e+01 -1.056452e+01 1.044008e+00 -1.158925e+01 -5.376768e+00 -8.119448e+00 5.900243e+00 -1.001105e+01 -7.854981e-01 -8.876252e+00
<VARIANCE> 20
 8.708007e+00 1.225240e+00 9.901032e+01 1.802946e+01 2.396176e+01 7.375987e+00 6.356199e+01 5.590040e+01 1.400735e+01 8.013482e+00 5.256596e+01 5.062093e+01 1.133318e+01 8.174178e+00 3.335543e+01 3.303764e+01 1.741876e+01 8.278020e+00 3.684668e+01 3.753068e+01
<GCONST> 9.630622e+01
<STATE> 3
<NUMMIXES> 4
<MIXTURE> 1 2.500000e-01
<MEAN> 20
 -7.490760e+00 -1.825758e+00 -1.840772e+01 -1.052827e+01 -8.993204e+00 -1.223627e+01 -1.433767e+01 -1.681759e+01 -3.906541e+00 -1.242270e+01 -1.001342e+01 -1.056452e+01 1.044008e+00 -1.158925e+01 -5.376768e+00 -8.119448e+00 5.900243e+00 -1.001105e+01 -7.854981e-01 -8.876252e+00
<VARIANCE> 20
 8.708007e+00 1.225240e+00 9.901032e+01 1.802946e+01 2.396176e+01 7.375987e+00 6.356199e+01 5.590040e+01 1.400735e+01 8.013482e+00 5.256596e+01 5.062093e+01 1.133318e+01 8.174178e+00 3.335543e+01 3.303764e+01 1.741876e+01 8.278020e+00 3.684668e+01 3.753068e+01
<GCONST> 9.630622e+01
<MIXTURE> 2 2.500000e-01
<MEAN> 20
 -7.490760e+00 -1.825758e+00 -1.840772e+01 -1.052827e+01 -8.993204e+00 -1.223627e+01 -1.433767e+01 -1.681759e+01 -3.906541e+00 -1.242270e+01 -1.001342e+01 -1.056452e+01 1.044008e+00 -1.158925e+01 -5.376768e+00 -8.119448e+00 5.900243e+00 -1.001105e+01 -7.854981e-01 -8.876252e+00
<VARIANCE> 20
 8.708007e+00 1.225240e+00 9.901032e+01 1.802946e+01 2.396176e+01 7.375987e+00 6.356199e+01 5.590040e+01 1.400735e+01 8.013482e+00 5.256596e+01 5.062093e+01 1.133318e+01 8.174178e+00 3.335543e+01 3.303764e+01 1.741876e+01 8.278020e+00 3.684668e+01 3.753068e+01
<GCONST> 9.630622e+01
<MIXTURE> 3 2.500000e-01
<MEAN> 20
 -7.490760e+00 -1.825758e+00 -1.840772e+01 -1.052827e+01 -8.993204e+00 -1.223627e+01 -1.433767e+01 -1.681759e+01 -3.906541e+00 -1.242270e+01 -1.001342e+01 -1.056452e+01 1.044008e+00 -1.158925e+01 -5.376768e+00 -8.119448e+00 5.900243e+00 -1.001105e+01 -7.854981e-01 -8.876252e+00
<VARIANCE> 20
 8.708007e+00 1.225240e+00 9.901032e+01 1.802946e+01 2.396176e+01 7.375987e+00 6.356199e+01 5.590040e+01 1.400735e+01 8.013482e+00 5.256596e+01 5.062093e+01 1.133318e+01 8.174178e+00 3.335543e+01 3.303764e+01 1.741876e+01 8.278020e+00 3.684668e+01 3.753068e+01
<GCONST> 9.630622e+01
<MIXTURE> 4 2.500000e-01
<MEAN> 20
 -7.490760e+00 -1.825758e+00 -1.840772e+01 -1.052827e+01 -8.993204e+00 -1.223627e+01 -1.433767e+01 -1.681759e+01 -3.906541e+00 -1.242270e+01 -1.001342e+01 -1.056452e+01 1.044008e+00 -1.158925e+01 -5.376768e+00 -8.119448e+00 5.900243e+00 -1.001105e+01 -7.854981e-01 -8.876252e+00
<VARIANCE> 20
 8.708007e+00 1.225240e+00 9.901032e+01 1.802946e+01 2.396176e+01 7.375987e+00 6.356199e+01 5.590040e+01 1.400735e+01 8.013482e+00 5.256596e+01 5.062093e+01 1.133318e+01 8.174178e+00 3.335543e+01 3.303764e+01 1.741876e+01 8.278020e+00 3.684668e+01 3.753068e+01
<GCONST> 9.630622e+01
<STATE> 4
<NUMMIXES> 4
<MIXTURE> 1 2.500000e-01
<MEAN> 20
 -7.490760e+00 -1.825758e+00 -1.840772e+01 -1.052827e+01 -8.993204e+00 -1.223627e+01 -1.433767e+01 -1.681759e+01 -3.906541e+00 -1.242270e+01 -1.001342e+01 -1.056452e+01 1.044008e+00 -1.158925e+01 -5.376768e+00 -8.119448e+00 5.900243e+00 -1.001105e+01 -7.854981e-01 -8.876252e+00
<VARIANCE> 20
 8.708007e+00 1.225240e+00 9.901032e+01 1.802946e+01 2.396176e+01 7.375987e+00 6.356199e+01 5.590040e+01 1.400735e+01 8.013482e+00 5.256596e+01 5.062093e+01 1.133318e+01 8.174178e+00 3.335543e+01 3.303764e+01 1.741876e+01 8.278020e+00 3.684668e+01 3.753068e+01
<GCONST> 9.630622e+01
<MIXTURE> 2 2.500000e-01
<MEAN> 20
 -7.490760e+00 -1.825758e+00 -1.840772e+01 -1.052827e+01 -8.993204e+00 -1.223627e+01 -1.433767e+01 -1.681759e+01 -3.906541e+00 -1.242270e+01 -1.001342e+01 -1.056452e+01 1.044008e+00 -1.158925e+01 -5.376768e+00 -8.119448e+00 5.900243e+00 -1.001105e+01 -7.854981e-01 -8.876252e+00
<VARIANCE> 20
 8.708007e+00 1.225240e+00 9.901032e+01 1.802946e+01 2.396176e+01 7.375987e+00 6.356199e+01 5.590040e+01 1.400735e+01 8.013482e+00 5.256596e+01 5.062093e+01 1.133318e+01 8.174178e+00 3.335543e+01 3.303764e+01 1.741876e+01 8.278020e+00 3.684668e+01 3.753068e+01
<GCONST> 9.630622e+01
<MIXTURE> 3 2.500000e-01
<MEAN> 20
 -7.490760e+00 -1.825758e+00 -1.840772e+01 -1.052827e+01 -8.993204e+00 -1.223627e+01 -1.433767e+01 -1.681759e+01 -3.906541e+00 -1.242270e+01 -1.001342e+01 -1.056452e+01 1.044008e+00 -1.158925e+01 -5.376768e+00 -8.119448e+00 5.900243e+00 -1.001105e+01 -7.854981e-01 -8.876252e+00
<VARIANCE> 20
 8.708007e+00 1.225240e+00 9.901032e+01 1.802946e+01 2.396176e+01 7.375987e+00 6.356199e+01 5.590040e+01 1.400735e+01 8.013482e+00 5.256596e+01 5.062093e+01 1.133318e+01 8.174178e+00 3.335543e+01 3.303764e+01 1.741876e+01 8.278020e+00 3.684668e+01 3.753068e+01
<GCONST> 9.630622e+01
<MIXTURE> 4 2.500000e-01
<MEAN> 20
 -7.490760e+00 -1.825758e+00 -1.840772e+01 -1.052827e+01 -8.993204e+00 -1.223627e+01 -1.433767e+01 -1.681759e+01 -3.906541e+00 -1.242270e+01 -1.001342e+01 -1.056452e+01 1.044008e+00 -1.158925e+01 -5.376768e+00 -8.119448e+00 5.900243e+00 -1.001105e+01 -7.854981e-01 -8.876252e+00
<VARIANCE> 20
 8.708007e+00 1.225240e+00 9.901032e+01 1.802946e+01 2.396176e+01 7.375987e+00 6.356199e+01 5.590040e+01 1.400735e+01 8.013482e+00 5.256596e+01 5.062093e+01 1.133318e+01 8.174178e+00 3.335543e+01 3.303764e+01 1.741876e+01 8.278020e+00 3.684668e+01 3.753068e+01
<GCONST> 9.630622e+01
<TRANSP> 5
 0.000000e+00 1.000000e+00 0.000000e+00 0.000000e+00 0.000000e+00
 0.000000e+00 5.000000e-01 5.000000e-01 0.000000e+00 0.000000e+00
 0.000000e+00 0.000000e+00 5.000000e-01 5.000000e-01 0.000000e+00
 0.000000e+00 0.000000e+00 0.000000e+00 5.000000e-01 5.000000e-01
 0.000000e+00 0.000000e+00 0.000000e+00 0.000000e+00 0.000000e+00
<ENDHMM>
