~o
<STREAMINFO> 1 20
<VECSIZE> 20<NULLD><USER><DIAGC>
~h "m"
<BEGINHMM>
<NUMSTATES> 8
<STATE> 2
<MEAN> 20
 -7.192101e+00 -2.050772e+00 -1.165252e+01 -1.132043e+01 -8.486824e+00 -1.206009e+01 -1.492800e+01 -1.364266e+01 -3.992484e+00 -1.231700e+01 -1.148996e+01 -1.284818e+01 5.491213e-01 -1.168994e+01 -7.168228e+00 -1.074656e+01 5.162667e+00 -1.026182e+01 -2.456097e+00 -9.410741e+00
<VARIANCE> 20
 1.034874e+01 1.215157e+00 8.098407e+01 1.307166e+01 2.682088e+01 6.398961e+00 6.994532e+01 2.889003e+01 1.621781e+01 6.538736e+00 6.104876e+01 3.659399e+01 1.275314e+01 6.506324e+00 4.288956e+01 2.703155e+01 1.844220e+01 6.482770e+00 4.350697e+01 2.692947e+01
<GCONST> 9.471003e+01
<STATE> 3
<NUMMIXES> 4
<MIXTURE> 1 2.500000e-01
<MEAN> 20
 -7.192101e+00 -2.050772e+00 -1.165252e+01 -1.132043e+01 -8.486824e+00 -1.206009e+01 -1.492800e+01 -1.364266e+01 -3.992484e+00 -1.231700e+01 -1.148996e+01 -1.284818e+01 5.491213e-01 -1.168994e+01 -7.168228e+00 -1.074656e+01 5.162667e+00 -1.026182e+01 -2.456097e+00 -9.410741e+00
<VARIANCE> 20
 1.034874e+01 1.215157e+00 8.098407e+01 1.307166e+01 2.682088e+01 6.398961e+00 6.994532e+01 2.889003e+01 1.621781e+01 6.538736e+00 6.104876e+01 3.659399e+01 1.275314e+01 6.506324e+00 4.288956e+01 2.703155e+01 1.844220e+01 6.482770e+00 4.350697e+01 2.692947e+01
<GCONST> 9.471003e+01
<MIXTURE> 2 2.500000e-01
<MEAN> 20
 -7.192101e+00 -2.050772e+00 -1.165252e+01 -1.132043e+01 -8.486824e+00 -1.206009e+01 -1.492800e+01 -1.364266e+01 -3.992484e+00 -1.231700e+01 -1.148996e+01 -1.284818e+01 5.491213e-01 -1.168994e+01 -7.168228e+00 -1.074656e+01 5.162667e+00 -1.026182e+01 -2.456097e+00 -9.410741e+00
<VARIANCE> 20
 1.034874e+01 1.215157e+00 8.098407e+01 1.307166e+01 2.682088e+01 6.398961e+00 6.994532e+01 2.889003e+01 1.621781e+01 6.538736e+00 6.104876e+01 3.659399e+01 1.275314e+01 6.506324e+00 4.288956e+01 2.703155e+01 1.844220e+01 6.482770e+00 4.350697e+01 2.692947e+01
<GCONST> 9.471003e+01
<MIXTURE> 3 2.500000e-01
<MEAN> 20
 -7.192101e+00 -2.050772e+00 -1.165252e+01 -1.132043e+01 -8.486824e+00 -1.206009e+01 -1.492800e+01 -1.364266e+01 -3.992484e+00 -1.231700e+01 -1.148996e+01 -1.284818e+01 5.491213e-01 -1.168994e+01 -7.168228e+00 -1.074656e+01 5.162667e+00 -1.026182e+01 -2.456097e+00 -9.410741e+00
<VARIANCE> 20
 1.034874e+01 1.215157e+00 8.098407e+01 1.307166e+01 2.682088e+01 6.398961e+00 6.994532e+01 2.889003e+01 1.621781e+01 6.538736e+00 6.104876e+01 3.659399e+01 1.275314e+01 6.506324e+00 4.288956e+01 2.703155e+01 1.844220e+01 6.482770e+00 4.350697e+01 2.692947e+01
<GCONST> 9.471003e+01
<MIXTURE> 4 2.500000e-01
<MEAN> 20
 -7.192101e+00 -2.050772e+00 -1.165252e+01 -1.132043e+01 -8.486824e+00 -1.206009e+01 -1.492800e+01 -1.364266e+01 -3.992484e+00 -1.231700e+01 -1.148996e+01 -1.284818e+01 5.491213e-01 -1.168994e+01 -7.168228e+00 -1.074656e+01 5.162667e+00 -1.026182e+01 -2.456097e+00 -9.410741e+00
<VARIANCE> 20
 1.034874e+01 1.215157e+00 8.098407e+01 1.307166e+01 2.682088e+01 6.398961e+00 6.994532e+01 2.889003e+01 1.621781e+01 6.538736e+00 6.104876e+01 3.659399e+01 1.275314e+01 6.506324e+00 4.288956e+01 2.703155e+01 1.844220e+01 6.482770e+00 4.350697e+01 2.692947e+01
<GCONST> 9.471003e+01
<STATE> 4
<NUMMIXES> 4
<MIXTURE> 1 2.500000e-01
<MEAN> 20
 -7.192101e+00 -2.050772e+00 -1.165252e+01 -1.132043e+01 -8.486824e+00 -1.206009e+01 -1.492800e+01 -1.364266e+01 -3.992484e+00 -1.231700e+01 -1.148996e+01 -1.284818e+01 5.491213e-01 -1.168994e+01 -7.168228e+00 -1.074656e+01 5.162667e+00 -1.026182e+01 -2.456097e+00 -9.410741e+00
<VARIANCE> 20
 1.034874e+01 1.215157e+00 8.098407e+01 1.307166e+01 2.682088e+01 6.398961e+00 6.994532e+01 2.889003e+01 1.621781e+01 6.538736e+00 6.104876e+01 3.659399e+01 1.275314e+01 6.506324e+00 4.288956e+01 2.703155e+01 1.844220e+01 6.482770e+00 4.350697e+01 2.692947e+01
<GCONST> 9.471003e+01
<MIXTURE> 2 2.500000e-01
<MEAN> 20
 -7.192101e+00 -2.050772e+00 -1.165252e+01 -1.132043e+01 -8.486824e+00 -1.206009e+01 -1.492800e+01 -1.364266e+01 -3.992484e+00 -1.231700e+01 -1.148996e+01 -1.284818e+01 5.491213e-01 -1.168994e+01 -7.168228e+00 -1.074656e+01 5.162667e+00 -1.026182e+01 -2.456097e+00 -9.410741e+00
<VARIANCE> 20
 1.034874e+01 1.215157e+00 8.098407e+01 1.307166e+01 2.682088e+01 6.398961e+00 6.994532e+01 2.889003e+01 1.621781e+01 6.538736e+00 6.104876e+01 3.659399e+01 1.275314e+01 6.506324e+00 4.288956e+01 2.703155e+01 1.844220e+01 6.482770e+00 4.350697e+01 2.692947e+01
<GCONST> 9.471003e+01
<MIXTURE> 3 2.500000e-01
<MEAN> 20
 -7.192101e+00 -2.050772e+00 -1.165252e+01 -1.132043e+01 -8.486824e+00 -1.206009e+01 -1.492800e+01 -1.364266e+01 -3.992484e+00 -1.231700e+01 -1.148996e+01 -1.284818e+01 5.491213e-01 -1.168994e+01 -7.168228e+00 -1.074656e+01 5.162667e+00 -1.026182e+01 -2.456097e+00 -9.410741e+00
<VARIANCE> 20
 1.034874e+01 1.215157e+00 8.098407e+01 1.307166e+01 2.682088e+01 6.398961e+00 6.994532e+01 2.889003e+01 1.621781e+01 6.538736e+00 6.104876e+01 3.659399e+01 1.275314e+01 6.506324e+00 4.288956e+01 2.703155e+01 1.844220e+01 6.482770e+00 4.350697e+01 2.692947e+01
<GCONST> 9.471003e+01
<MIXTURE> 4 2.500000e-01
<MEAN> 20
 -7.192101e+00 -2.050772e+00 -1.165252e+01 -1.132043e+01 -8.486824e+00 -1.206009e+01 -1.492800e+01 -1.364266e+01 -3.992484e+00 -1.231700e+01 -1.148996e+01 -1.284818e+01 5.491213e-01 -1.168994e+01 -7.168228e+00 -1.074656e+01 5.162667e+00 -1.026182e+01 -2.456097e+00 -9.410741e+00
<VARIANCE> 20
 1.034874e+01 1.215157e+00 8.098407e+01 1.307166e+01 2.682088e+01 6.398961e+00 6.994532e+01 2.889003e+01 1.621781e+01 6.538736e+00 6.104876e+01 3.659399e+01 1.275314e+01 6.506324e+00 4.288956e+01 2.703155e+01 1.844220e+01 6.482770e+00 4.350697e+01 2.692947e+01
<GCONST> 9.471003e+01
<STATE> 5
<NUMMIXES> 4
<MIXTURE> 1 2.500000e-01
<MEAN> 20
 -7.192101e+00 -2.050772e+00 -1.165252e+01 -1.132043e+01 -8.486824e+00 -1.206009e+01 -1.492800e+01 -1.364266e+01 -3.992484e+00 -1.231700e+01 -1.148996e+01 -1.284818e+01 5.491213e-01 -1.168994e+01 -7.168228e+00 -1.074656e+01 5.162667e+00 -1.026182e+01 -2.456097e+00 -9.410741e+00
<VARIANCE> 20
 1.034874e+01 1.215157e+00 8.098407e+01 1.307166e+01 2.682088e+01 6.398961e+00 6.994532e+01 2.889003e+01 1.621781e+01 6.538736e+00 6.104876e+01 3.659399e+01 1.275314e+01 6.506324e+00 4.288956e+01 2.703155e+01 1.844220e+01 6.482770e+00 4.350697e+01 2.692947e+01
<GCONST> 9.471003e+01
<MIXTURE> 2 2.500000e-01
<MEAN> 20
 -7.192101e+00 -2.050772e+00 -1.165252e+01 -1.132043e+01 -8.486824e+00 -1.206009e+01 -1.492800e+01 -1.364266e+01 -3.992484e+00 -1.231700e+01 -1.148996e+01 -1.284818e+01 5.491213e-01 -1.168994e+01 -7.168228e+00 -1.074656e+01 5.162667e+00 -1.026182e+01 -2.456097e+00 -9.410741e+00
<VARIANCE> 20
 1.034874e+01 1.215157e+00 8.098407e+01 1.307166e+01 2.682088e+01 6.398961e+00 6.994532e+01 2.889003e+01 1.621781e+01 6.538736e+00 6.104876e+01 3.659399e+01 1.275314e+01 6.506324e+00 4.288956e+01 2.703155e+01 1.844220e+01 6.482770e+00 4.350697e+01 2.692947e+01
<GCONST> 9.471003e+01
<MIXTURE> 3 2.500000e-01
<MEAN> 20
 -7.192101e+00 -2.050772e+00 -1.165252e+01 -1.132043e+01 -8.486824e+00 -1.206009e+01 -1.492800e+01 -1.364266e+01 -3.992484e+00 -1.231700e+01 -1.148996e+01 -1.284818e+01 5.491213e-01 -1.168994e+01 -7.168228e+00 -1.074656e+01 5.162667e+00 -1.026182e+01 -2.456097e+00 -9.410741e+00
<VARIANCE> 20
 1.034874e+01 1.215157e+00 8.098407e+01 1.307166e+01 2.682088e+01 6.398961e+00 6.994532e+01 2.889003e+01 1.621781e+01 6.538736e+00 6.104876e+01 3.659399e+01 1.275314e+01 6.506324e+00 4.288956e+01 2.703155e+01 1.844220e+01 6.482770e+00 4.350697e+01 2.692947e+01
<GCONST> 9.471003e+01
<MIXTURE> 4 2.500000e-01
<MEAN> 20
 -7.192101e+00 -2.050772e+00 -1.165252e+01 -1.132043e+01 -8.486824e+00 -1.206009e+01 -1.492800e+01 -1.364266e+01 -3.992484e+00 -1.231700e+01 -1.148996e+01 -1.284818e+01 5.491213e-01 -1.168994e+01 -7.168228e+00 -1.074656e+01 5.162667e+00 -1.026182e+01 -2.456097e+00 -9.410741e+00
<VARIANCE> 20
 1.034874e+01 1.215157e+00 8.098407e+01 1.307166e+01 2.682088e+01 6.398961e+00 6.994532e+01 2.889003e+01 1.621781e+01 6.538736e+00 6.104876e+01 3.659399e+01 1.275314e+01 6.506324e+00 4.288956e+01 2.703155e+01 1.844220e+01 6.482770e+00 4.350697e+01 2.692947e+01
<GCONST> 9.471003e+01
<STATE> 6
<NUMMIXES> 4
<MIXTURE> 1 2.500000e-01
<MEAN> 20
 -7.192101e+00 -2.050772e+00 -1.165252e+01 -1.132043e+01 -8.486824e+00 -1.206009e+01 -1.492800e+01 -1.364266e+01 -3.992484e+00 -1.231700e+01 -1.148996e+01 -1.284818e+01 5.491213e-01 -1.168994e+01 -7.168228e+00 -1.074656e+01 5.162667e+00 -1.026182e+01 -2.456097e+00 -9.410741e+00
<VARIANCE> 20
 1.034874e+01 1.215157e+00 8.098407e+01 1.307166e+01 2.682088e+01 6.398961e+00 6.994532e+01 2.889003e+01 1.621781e+01 6.538736e+00 6.104876e+01 3.659399e+01 1.275314e+01 6.506324e+00 4.288956e+01 2.703155e+01 1.844220e+01 6.482770e+00 4.350697e+01 2.692947e+01
<GCONST> 9.471003e+01
<MIXTURE> 2 2.500000e-01
<MEAN> 20
 -7.192101e+00 -2.050772e+00 -1.165252e+01 -1.132043e+01 -8.486824e+00 -1.206009e+01 -1.492800e+01 -1.364266e+01 -3.992484e+00 -1.231700e+01 -1.148996e+01 -1.284818e+01 5.491213e-01 -1.168994e+01 -7.168228e+00 -1.074656e+01 5.162667e+00 -1.026182e+01 -2.456097e+00 -9.410741e+00
<VARIANCE> 20
 1.034874e+01 1.215157e+00 8.098407e+01 1.307166e+01 2.682088e+01 6.398961e+00 6.994532e+01 2.889003e+01 1.621781e+01 6.538736e+00 6.104876e+01 3.659399e+01 1.275314e+01 6.506324e+00 4.288956e+01 2.703155e+01 1.844220e+01 6.482770e+00 4.350697e+01 2.692947e+01
<GCONST> 9.471003e+01
<MIXTURE> 3 2.500000e-01
<MEAN> 20
 -7.192101e+00 -2.050772e+00 -1.165252e+01 -1.132043e+01 -8.486824e+00 -1.206009e+01 -1.492800e+01 -1.364266e+01 -3.992484e+00 -1.231700e+01 -1.148996e+01 -1.284818e+01 5.491213e-01 -1.168994e+01 -7.168228e+00 -1.074656e+01 5.162667e+00 -1.026182e+01 -2.456097e+00 -9.410741e+00
<VARIANCE> 20
 1.034874e+01 1.215157e+00 8.098407e+01 1.307166e+01 2.682088e+01 6.398961e+00 6.994532e+01 2.889003e+01 1.621781e+01 6.538736e+00 6.104876e+01 3.659399e+01 1.275314e+01 6.506324e+00 4.288956e+01 2.703155e+01 1.844220e+01 6.482770e+00 4.350697e+01 2.692947e+01
<GCONST> 9.471003e+01
<MIXTURE> 4 2.500000e-01
<MEAN> 20
 -7.192101e+00 -2.050772e+00 -1.165252e+01 -1.132043e+01 -8.486824e+00 -1.206009e+01 -1.492800e+01 -1.364266e+01 -3.992484e+00 -1.231700e+01 -1.148996e+01 -1.284818e+01 5.491213e-01 -1.168994e+01 -7.168228e+00 -1.074656e+01 5.162667e+00 -1.026182e+01 -2.456097e+00 -9.410741e+00
<VARIANCE> 20
 1.034874e+01 1.215157e+00 8.098407e+01 1.307166e+01 2.682088e+01 6.398961e+00 6.994532e+01 2.889003e+01 1.621781e+01 6.538736e+00 6.104876e+01 3.659399e+01 1.275314e+01 6.506324e+00 4.288956e+01 2.703155e+01 1.844220e+01 6.482770e+00 4.350697e+01 2.692947e+01
<GCONST> 9.471003e+01
<STATE> 7
<MEAN> 20
 -7.192101e+00 -2.050772e+00 -1.165252e+01 -1.132043e+01 -8.486824e+00 -1.206009e+01 -1.492800e+01 -1.364266e+01 -3.992484e+00 -1.231700e+01 -1.148996e+01 -1.284818e+01 5.491213e-01 -1.168994e+01 -7.168228e+00 -1.074656e+01 5.162667e+00 -1.026182e+01 -2.456097e+00 -9.410741e+00
<VARIANCE> 20
 1.034874e+01 1.215157e+00 8.098407e+01 1.307166e+01 2.682088e+01 6.398961e+00 6.994532e+01 2.889003e+01 1.621781e+01 6.538736e+00 6.104876e+01 3.659399e+01 1.275314e+01 6.506324e+00 4.288956e+01 2.703155e+01 1.844220e+01 6.482770e+00 4.350697e+01 2.692947e+01
<GCONST> 9.471003e+01
<TRANSP> 8
 0.000000e+00 1.000000e+00 0.000000e+00 0.000000e+00 0.000000e+00 0.000000e+00 0.000000e+00 0.000000e+00
 0.000000e+00 5.000000e-01 5.000000e-01 0.000000e+00 0.000000e+00 0.000000e+00 0.000000e+00 0.000000e+00
 0.000000e+00 0.000000e+00 5.000000e-01 5.000000e-01 0.000000e+00 0.000000e+00 0.000000e+00 0.000000e+00
 0.000000e+00 0.000000e+00 0.000000e+00 5.000000e-01 5.000000e-01 0.000000e+00 0.000000e+00 0.000000e+00
 0.000000e+00 0.000000e+00 0.000000e+00 0.000000e+00 5.000000e-01 5.000000e-01 0.000000e+00 0.000000e+00
 0.000000e+00 0.000000e+00 0.000000e+00 0.000000e+00 0.000000e+00 5.000000e-01 5.000000e-01 0.000000e+00
 0.000000e+00 0.000000e+00 0.000000e+00 0.000000e+00 0.000000e+00 0.000000e+00 5.000000e-01 5.000000e-01
 0.000000e+00 0.000000e+00 0.000000e+00 0.000000e+00 0.000000e+00 0.000000e+00 0.000000e+00 0.000000e+00
<ENDHMM>
