~o
<STREAMINFO> 1 20
<VECSIZE> 20<NULLD><USER><DIAGC>
~h "o"
<BEGINHMM>
<NUMSTATES> 8
<STATE> 2
<MEAN> 20
 -7.246862e+00 -2.079732e+00 -1.544635e+01 -1.085993e+01 -8.463266e+00 -1.222079e+01 -1.591936e+01 -1.522884e+01 -4.067152e+00 -1.233456e+01 -1.229929e+01 -1.359847e+01 2.444545e-01 -1.155713e+01 -8.178922e+00 -1.053281e+01 4.460811e+00 -1.001305e+01 -3.777567e+00 -1.035829e+01
<VARIANCE> 20
 8.228050e+00 1.427719e+00 7.570891e+01 1.366722e+01 2.318178e+01 6.391281e+00 6.716463e+01 3.227730e+01 1.439589e+01 6.804363e+00 6.287432e+01 4.713331e+01 1.230197e+01 7.197782e+00 4.868120e+01 3.276313e+01 1.979205e+01 7.698962e+00 5.443188e+01 3.164669e+01
<GCONST> 9.575758e+01
<STATE> 3
<NUMMIXES> 4
<MIXTURE> 1 2.500000e-01
<MEAN> 20
 -7.246862e+00 -2.079732e+00 -1.544635e+01 -1.085993e+01 -8.463266e+00 -1.222079e+01 -1.591936e+01 -1.522884e+01 -4.067152e+00 -1.233456e+01 -1.229929e+01 -1.359847e+01 2.444545e-01 -1.155713e+01 -8.178922e+00 -1.053281e+01 4.460811e+00 -1.001305e+01 -3.777567e+00 -1.035829e+01
<VARIANCE> 20
 8.228050e+00 1.427719e+00 7.570891e+01 1.366722e+01 2.318178e+01 6.391281e+00 6.716463e+01 3.227730e+01 1.439589e+01 6.804363e+00 6.287432e+01 4.713331e+01 1.230197e+01 7.197782e+00 4.868120e+01 3.276313e+01 1.979205e+01 7.698962e+00 5.443188e+01 3.164669e+01
<GCONST> 9.575758e+01
<MIXTURE> 2 2.500000e-01
<MEAN> 20
 -7.246862e+00 -2.079732e+00 -1.544635e+01 -1.085993e+01 -8.463266e+00 -1.222079e+01 -1.591936e+01 -1.522884e+01 -4.067152e+00 -1.233456e+01 -1.229929e+01 -1.359847e+01 2.444545e-01 -1.155713e+01 -8.178922e+00 -1.053281e+01 4.460811e+00 -1.001305e+01 -3.777567e+00 -1.035829e+01
<VARIANCE> 20
 8.228050e+00 1.427719e+00 7.570891e+01 1.366722e+01 2.318178e+01 6.391281e+00 6.716463e+01 3.227730e+01 1.439589e+01 6.804363e+00 6.287432e+01 4.713331e+01 1.230197e+01 7.197782e+00 4.868120e+01 3.276313e+01 1.979205e+01 7.698962e+00 5.443188e+01 3.164669e+01
<GCONST> 9.575758e+01
<MIXTURE> 3 2.500000e-01
<MEAN> 20
 -7.246862e+00 -2.079732e+00 -1.544635e+01 -1.085993e+01 -8.463266e+00 -1.222079e+01 -1.591936e+01 -1.522884e+01 -4.067152e+00 -1.233456e+01 -1.229929e+01 -1.359847e+01 2.444545e-01 -1.155713e+01 -8.178922e+00 -1.053281e+01 4.460811e+00 -1.001305e+01 -3.777567e+00 -1.035829e+01
<VARIANCE> 20
 8.228050e+00 1.427719e+00 7.570891e+01 1.366722e+01 2.318178e+01 6.391281e+00 6.716463e+01 3.227730e+01 1.439589e+01 6.804363e+00 6.287432e+01 4.713331e+01 1.230197e+01 7.197782e+00 4.868120e+01 3.276313e+01 1.979205e+01 7.698962e+00 5.443188e+01 3.164669e+01
<GCONST> 9.575758e+01
<MIXTURE> 4 2.500000e-01
<MEAN> 20
 -7.246862e+00 -2.079732e+00 -1.544635e+01 -1.085993e+01 -8.463266e+00 -1.222079e+01 -1.591936e+01 -1.522884e+01 -4.067152e+00 -1.233456e+01 -1.229929e+01 -1.359847e+01 2.444545e-01 -1.155713e+01 -8.178922e+00 -1.053281e+01 4.460811e+00 -1.001305e+01 -3.777567e+00 -1.035829e+01
<VARIANCE> 20
 8.228050e+00 1.427719e+00 7.570891e+01 1.366722e+01 2.318178e+01 6.391281e+00 6.716463e+01 3.227730e+01 1.439589e+01 6.804363e+00 6.287432e+01 4.713331e+01 1.230197e+01 7.197782e+00 4.868120e+01 3.276313e+01 1.979205e+01 7.698962e+00 5.443188e+01 3.164669e+01
<GCONST> 9.575758e+01
<STATE> 4
<NUMMIXES> 4
<MIXTURE> 1 2.500000e-01
<MEAN> 20
 -7.246862e+00 -2.079732e+00 -1.544635e+01 -1.085993e+01 -8.463266e+00 -1.222079e+01 -1.591936e+01 -1.522884e+01 -4.067152e+00 -1.233456e+01 -1.229929e+01 -1.359847e+01 2.444545e-01 -1.155713e+01 -8.178922e+00 -1.053281e+01 4.460811e+00 -1.001305e+01 -3.777567e+00 -1.035829e+01
<VARIANCE> 20
 8.228050e+00 1.427719e+00 7.570891e+01 1.366722e+01 2.318178e+01 6.391281e+00 6.716463e+01 3.227730e+01 1.439589e+01 6.804363e+00 6.287432e+01 4.713331e+01 1.230197e+01 7.197782e+00 4.868120e+01 3.276313e+01 1.979205e+01 7.698962e+00 5.443188e+01 3.164669e+01
<GCONST> 9.575758e+01
<MIXTURE> 2 2.500000e-01
<MEAN> 20
 -7.246862e+00 -2.079732e+00 -1.544635e+01 -1.085993e+01 -8.463266e+00 -1.222079e+01 -1.591936e+01 -1.522884e+01 -4.067152e+00 -1.233456e+01 -1.229929e+01 -1.359847e+01 2.444545e-01 -1.155713e+01 -8.178922e+00 -1.053281e+01 4.460811e+00 -1.001305e+01 -3.777567e+00 -1.035829e+01
<VARIANCE> 20
 8.228050e+00 1.427719e+00 7.570891e+01 1.366722e+01 2.318178e+01 6.391281e+00 6.716463e+01 3.227730e+01 1.439589e+01 6.804363e+00 6.287432e+01 4.713331e+01 1.230197e+01 7.197782e+00 4.868120e+01 3.276313e+01 1.979205e+01 7.698962e+00 5.443188e+01 3.164669e+01
<GCONST> 9.575758e+01
<MIXTURE> 3 2.500000e-01
<MEAN> 20
 -7.246862e+00 -2.079732e+00 -1.544635e+01 -1.085993e+01 -8.463266e+00 -1.222079e+01 -1.591936e+01 -1.522884e+01 -4.067152e+00 -1.233456e+01 -1.229929e+01 -1.359847e+01 2.444545e-01 -1.155713e+01 -8.178922e+00 -1.053281e+01 4.460811e+00 -1.001305e+01 -3.777567e+00 -1.035829e+01
<VARIANCE> 20
 8.228050e+00 1.427719e+00 7.570891e+01 1.366722e+01 2.318178e+01 6.391281e+00 6.716463e+01 3.227730e+01 1.439589e+01 6.804363e+00 6.287432e+01 4.713331e+01 1.230197e+01 7.197782e+00 4.868120e+01 3.276313e+01 1.979205e+01 7.698962e+00 5.443188e+01 3.164669e+01
<GCONST> 9.575758e+01
<MIXTURE> 4 2.500000e-01
<MEAN> 20
 -7.246862e+00 -2.079732e+00 -1.544635e+01 -1.085993e+01 -8.463266e+00 -1.222079e+01 -1.591936e+01 -1.522884e+01 -4.067152e+00 -1.233456e+01 -1.229929e+01 -1.359847e+01 2.444545e-01 -1.155713e+01 -8.178922e+00 -1.053281e+01 4.460811e+00 -1.001305e+01 -3.777567e+00 -1.035829e+01
<VARIANCE> 20
 8.228050e+00 1.427719e+00 7.570891e+01 1.366722e+01 2.318178e+01 6.391281e+00 6.716463e+01 3.227730e+01 1.439589e+01 6.804363e+00 6.287432e+01 4.713331e+01 1.230197e+01 7.197782e+00 4.868120e+01 3.276313e+01 1.979205e+01 7.698962e+00 5.443188e+01 3.164669e+01
<GCONST> 9.575758e+01
<STATE> 5
<NUMMIXES> 4
<MIXTURE> 1 2.500000e-01
<MEAN> 20
 -7.246862e+00 -2.079732e+00 -1.544635e+01 -1.085993e+01 -8.463266e+00 -1.222079e+01 -1.591936e+01 -1.522884e+01 -4.067152e+00 -1.233456e+01 -1.229929e+01 -1.359847e+01 2.444545e-01 -1.155713e+01 -8.178922e+00 -1.053281e+01 4.460811e+00 -1.001305e+01 -3.777567e+00 -1.035829e+01
<VARIANCE> 20
 8.228050e+00 1.427719e+00 7.570891e+01 1.366722e+01 2.318178e+01 6.391281e+00 6.716463e+01 3.227730e+01 1.439589e+01 6.804363e+00 6.287432e+01 4.713331e+01 1.230197e+01 7.197782e+00 4.868120e+01 3.276313e+01 1.979205e+01 7.698962e+00 5.443188e+01 3.164669e+01
<GCONST> 9.575758e+01
<MIXTURE> 2 2.500000e-01
<MEAN> 20
 -7.246862e+00 -2.079732e+00 -1.544635e+01 -1.085993e+01 -8.463266e+00 -1.222079e+01 -1.591936e+01 -1.522884e+01 -4.067152e+00 -1.233456e+01 -1.229929e+01 -1.359847e+01 2.444545e-01 -1.155713e+01 -8.178922e+00 -1.053281e+01 4.460811e+00 -1.001305e+01 -3.777567e+00 -1.035829e+01
<VARIANCE> 20
 8.228050e+00 1.427719e+00 7.570891e+01 1.366722e+01 2.318178e+01 6.391281e+00 6.716463e+01 3.227730e+01 1.439589e+01 6.804363e+00 6.287432e+01 4.713331e+01 1.230197e+01 7.197782e+00 4.868120e+01 3.276313e+01 1.979205e+01 7.698962e+00 5.443188e+01 3.164669e+01
<GCONST> 9.575758e+01
<MIXTURE> 3 2.500000e-01
<MEAN> 20
 -7.246862e+00 -2.079732e+00 -1.544635e+01 -1.085993e+01 -8.463266e+00 -1.222079e+01 -1.591936e+01 -1.522884e+01 -4.067152e+00 -1.233456e+01 -1.229929e+01 -1.359847e+01 2.444545e-01 -1.155713e+01 -8.178922e+00 -1.053281e+01 4.460811e+00 -1.001305e+01 -3.777567e+00 -1.035829e+01
<VARIANCE> 20
 8.228050e+00 1.427719e+00 7.570891e+01 1.366722e+01 2.318178e+01 6.391281e+00 6.716463e+01 3.227730e+01 1.439589e+01 6.804363e+00 6.287432e+01 4.713331e+01 1.230197e+01 7.197782e+00 4.868120e+01 3.276313e+01 1.979205e+01 7.698962e+00 5.443188e+01 3.164669e+01
<GCONST> 9.575758e+01
<MIXTURE> 4 2.500000e-01
<MEAN> 20
 -7.246862e+00 -2.079732e+00 -1.544635e+01 -1.085993e+01 -8.463266e+00 -1.222079e+01 -1.591936e+01 -1.522884e+01 -4.067152e+00 -1.233456e+01 -1.229929e+01 -1.359847e+01 2.444545e-01 -1.155713e+01 -8.178922e+00 -1.053281e+01 4.460811e+00 -1.001305e+01 -3.777567e+00 -1.035829e+01
<VARIANCE> 20
 8.228050e+00 1.427719e+00 7.570891e+01 1.366722e+01 2.318178e+01 6.391281e+00 6.716463e+01 3.227730e+01 1.439589e+01 6.804363e+00 6.287432e+01 4.713331e+01 1.230197e+01 7.197782e+00 4.868120e+01 3.276313e+01 1.979205e+01 7.698962e+00 5.443188e+01 3.164669e+01
<GCONST> 9.575758e+01
<STATE> 6
<NUMMIXES> 4
<MIXTURE> 1 2.500000e-01
<MEAN> 20
 -7.246862e+00 -2.079732e+00 -1.544635e+01 -1.085993e+01 -8.463266e+00 -1.222079e+01 -1.591936e+01 -1.522884e+01 -4.067152e+00 -1.233456e+01 -1.229929e+01 -1.359847e+01 2.444545e-01 -1.155713e+01 -8.178922e+00 -1.053281e+01 4.460811e+00 -1.001305e+01 -3.777567e+00 -1.035829e+01
<VARIANCE> 20
 8.228050e+00 1.427719e+00 7.570891e+01 1.366722e+01 2.318178e+01 6.391281e+00 6.716463e+01 3.227730e+01 1.439589e+01 6.804363e+00 6.287432e+01 4.713331e+01 1.230197e+01 7.197782e+00 4.868120e+01 3.276313e+01 1.979205e+01 7.698962e+00 5.443188e+01 3.164669e+01
<GCONST> 9.575758e+01
<MIXTURE> 2 2.500000e-01
<MEAN> 20
 -7.246862e+00 -2.079732e+00 -1.544635e+01 -1.085993e+01 -8.463266e+00 -1.222079e+01 -1.591936e+01 -1.522884e+01 -4.067152e+00 -1.233456e+01 -1.229929e+01 -1.359847e+01 2.444545e-01 -1.155713e+01 -8.178922e+00 -1.053281e+01 4.460811e+00 -1.001305e+01 -3.777567e+00 -1.035829e+01
<VARIANCE> 20
 8.228050e+00 1.427719e+00 7.570891e+01 1.366722e+01 2.318178e+01 6.391281e+00 6.716463e+01 3.227730e+01 1.439589e+01 6.804363e+00 6.287432e+01 4.713331e+01 1.230197e+01 7.197782e+00 4.868120e+01 3.276313e+01 1.979205e+01 7.698962e+00 5.443188e+01 3.164669e+01
<GCONST> 9.575758e+01
<MIXTURE> 3 2.500000e-01
<MEAN> 20
 -7.246862e+00 -2.079732e+00 -1.544635e+01 -1.085993e+01 -8.463266e+00 -1.222079e+01 -1.591936e+01 -1.522884e+01 -4.067152e+00 -1.233456e+01 -1.229929e+01 -1.359847e+01 2.444545e-01 -1.155713e+01 -8.178922e+00 -1.053281e+01 4.460811e+00 -1.001305e+01 -3.777567e+00 -1.035829e+01
<VARIANCE> 20
 8.228050e+00 1.427719e+00 7.570891e+01 1.366722e+01 2.318178e+01 6.391281e+00 6.716463e+01 3.227730e+01 1.439589e+01 6.804363e+00 6.287432e+01 4.713331e+01 1.230197e+01 7.197782e+00 4.868120e+01 3.276313e+01 1.979205e+01 7.698962e+00 5.443188e+01 3.164669e+01
<GCONST> 9.575758e+01
<MIXTURE> 4 2.500000e-01
<MEAN> 20
 -7.246862e+00 -2.079732e+00 -1.544635e+01 -1.085993e+01 -8.463266e+00 -1.222079e+01 -1.591936e+01 -1.522884e+01 -4.067152e+00 -1.233456e+01 -1.229929e+01 -1.359847e+01 2.444545e-01 -1.155713e+01 -8.178922e+00 -1.053281e+01 4.460811e+00 -1.001305e+01 -3.777567e+00 -1.035829e+01
<VARIANCE> 20
 8.228050e+00 1.427719e+00 7.570891e+01 1.366722e+01 2.318178e+01 6.391281e+00 6.716463e+01 3.227730e+01 1.439589e+01 6.804363e+00 6.287432e+01 4.713331e+01 1.230197e+01 7.197782e+00 4.868120e+01 3.276313e+01 1.979205e+01 7.698962e+00 5.443188e+01 3.164669e+01
<GCONST> 9.575758e+01
<STATE> 7
<MEAN> 20
 -7.246862e+00 -2.079732e+00 -1.544635e+01 -1.085993e+01 -8.463266e+00 -1.222079e+01 -1.591936e+01 -1.522884e+01 -4.067152e+00 -1.233456e+01 -1.229929e+01 -1.359847e+01 2.444545e-01 -1.155713e+01 -8.178922e+00 -1.053281e+01 4.460811e+00 -1.001305e+01 -3.777567e+00 -1.035829e+01
<VARIANCE> 20
 8.228050e+00 1.427719e+00 7.570891e+01 1.366722e+01 2.318178e+01 6.391281e+00 6.716463e+01 3.227730e+01 1.439589e+01 6.804363e+00 6.287432e+01 4.713331e+01 1.230197e+01 7.197782e+00 4.868120e+01 3.276313e+01 1.979205e+01 7.698962e+00 5.443188e+01 3.164669e+01
<GCONST> 9.575758e+01
<TRANSP> 8
 0.000000e+00 1.000000e+00 0.000000e+00 0.000000e+00 0.000000e+00 0.000000e+00 0.000000e+00 0.000000e+00
 0.000000e+00 5.000000e-01 5.000000e-01 0.000000e+00 0.000000e+00 0.000000e+00 0.000000e+00 0.000000e+00
 0.000000e+00 0.000000e+00 5.000000e-01 5.000000e-01 0.000000e+00 0.000000e+00 0.000000e+00 0.000000e+00
 0.000000e+00 0.000000e+00 0.000000e+00 5.000000e-01 5.000000e-01 0.000000e+00 0.000000e+00 0.000000e+00
 0.000000e+00 0.000000e+00 0.000000e+00 0.000000e+00 5.000000e-01 5.000000e-01 0.000000e+00 0.000000e+00
 0.000000e+00 0.000000e+00 0.000000e+00 0.000000e+00 0.000000e+00 5.000000e-01 5.000000e-01 0.000000e+00
 0.000000e+00 0.000000e+00 0.000000e+00 0.000000e+00 0.000000e+00 0.000000e+00 5.000000e-01 5.000000e-01
 0.000000e+00 0.000000e+00 0.000000e+00 0.000000e+00 0.000000e+00 0.000000e+00 0.000000e+00 0.000000e+00
<ENDHMM>
