~o
<STREAMINFO> 1 20
<VECSIZE> 20<NULLD><USER><DIAGC>
~h "u"
<BEGINHMM>
<NUMSTATES> 8
<STATE> 2
<MEAN> 20
 -7.135490e+00 -1.855555e+00 -1.379135e+01 -1.017273e+01 -8.942743e+00 -1.217846e+01 -1.449875e+01 -1.697416e+01 -4.202806e+00 -1.235512e+01 -1.086746e+01 -1.599637e+01 4.915245e-01 -1.147486e+01 -6.632167e+00 -9.022723e+00 5.067989e+00 -9.768532e+00 -2.140469e+00 -8.738712e+00
<VARIANCE> 20
 9.265615e+00 1.526724e+00 8.446561e+01 1.647371e+01 2.732955e+01 6.783872e+00 7.437650e+01 5.477670e+01 1.552427e+01 7.362652e+00 6.343825e+01 7.849351e+01 1.227608e+01 7.862684e+00 3.850015e+01 3.340716e+01 1.939605e+01 8.287016e+00 3.963082e+01 3.438073e+01
<GCONST> 9.745800e+01
<STATE> 3
<NUMMIXES> 4
<MIXTURE> 1 2.500000e-01
<MEAN> 20
 -7.135490e+00 -1.855555e+00 -1.379135e+01 -1.017273e+01 -8.942743e+00 -1.217846e+01 -1.449875e+01 -1.697416e+01 -4.202806e+00 -1.235512e+01 -1.086746e+01 -1.599637e+01 4.915245e-01 -1.147486e+01 -6.632167e+00 -9.022723e+00 5.067989e+00 -9.768532e+00 -2.140469e+00 -8.738712e+00
<VARIANCE> 20
 9.265615e+00 1.526724e+00 8.446561e+01 1.647371e+01 2.732955e+01 6.783872e+00 7.437650e+01 5.477670e+01 1.552427e+01 7.362652e+00 6.343825e+01 7.849351e+01 1.227608e+01 7.862684e+00 3.850015e+01 3.340716e+01 1.939605e+01 8.287016e+00 3.963082e+01 3.438073e+01
<GCONST> 9.745800e+01
<MIXTURE> 2 2.500000e-01
<MEAN> 20
 -7.135490e+00 -1.855555e+00 -1.379135e+01 -1.017273e+01 -8.942743e+00 -1.217846e+01 -1.449875e+01 -1.697416e+01 -4.202806e+00 -1.235512e+01 -1.086746e+01 -1.599637e+01 4.915245e-01 -1.147486e+01 -6.632167e+00 -9.022723e+00 5.067989e+00 -9.768532e+00 -2.140469e+00 -8.738712e+00
<VARIANCE> 20
 9.265615e+00 1.526724e+00 8.446561e+01 1.647371e+01 2.732955e+01 6.783872e+00 7.437650e+01 5.477670e+01 1.552427e+01 7.362652e+00 6.343825e+01 7.849351e+01 1.227608e+01 7.862684e+00 3.850015e+01 3.340716e+01 1.939605e+01 8.287016e+00 3.963082e+01 3.438073e+01
<GCONST> 9.745800e+01
<MIXTURE> 3 2.500000e-01
<MEAN> 20
 -7.135490e+00 -1.855555e+00 -1.379135e+01 -1.017273e+01 -8.942743e+00 -1.217846e+01 -1.449875e+01 -1.697416e+01 -4.202806e+00 -1.235512e+01 -1.086746e+01 -1.599637e+01 4.915245e-01 -1.147486e+01 -6.632167e+00 -9.022723e+00 5.067989e+00 -9.768532e+00 -2.140469e+00 -8.738712e+00
<VARIANCE> 20
 9.265615e+00 1.526724e+00 8.446561e+01 1.647371e+01 2.732955e+01 6.783872e+00 7.437650e+01 5.477670e+01 1.552427e+01 7.362652e+00 6.343825e+01 7.849351e+01 1.227608e+01 7.862684e+00 3.850015e+01 3.340716e+01 1.939605e+01 8.287016e+00 3.963082e+01 3.438073e+01
<GCONST> 9.745800e+01
<MIXTURE> 4 2.500000e-01
<MEAN> 20
 -7.135490e+00 -1.855555e+00 -1.379135e+01 -1.017273e+01 -8.942743e+00 -1.217846e+01 -1.449875e+01 -1.697416e+01 -4.202806e+00 -1.235512e+01 -1.086746e+01 -1.599637e+01 4.915245e-01 -1.147486e+01 -6.632167e+00 -9.022723e+00 5.067989e+00 -9.768532e+00 -2.140469e+00 -8.738712e+00
<VARIANCE> 20
 9.265615e+00 1.526724e+00 8.446561e+01 1.647371e+01 2.732955e+01 6.783872e+00 7.437650e+01 5.477670e+01 1.552427e+01 7.362652e+00 6.343825e+01 7.849351e+01 1.227608e+01 7.862684e+00 3.850015e+01 3.340716e+01 1.939605e+01 8.287016e+00 3.963082e+01 3.438073e+01
<GCONST> 9.745800e+01
<STATE> 4
<NUMMIXES> 4
<MIXTURE> 1 2.500000e-01
<MEAN> 20
 -7.135490e+00 -1.855555e+00 -1.379135e+01 -1.017273e+01 -8.942743e+00 -1.217846e+01 -1.449875e+01 -1.697416e+01 -4.202806e+00 -1.235512e+01 -1.086746e+01 -1.599637e+01 4.915245e-01 -1.147486e+01 -6.632167e+00 -9.022723e+00 5.067989e+00 -9.768532e+00 -2.140469e+00 -8.738712e+00
<VARIANCE> 20
 9.265615e+00 1.526724e+00 8.446561e+01 1.647371e+01 2.732955e+01 6.783872e+00 7.437650e+01 5.477670e+01 1.552427e+01 7.362652e+00 6.343825e+01 7.849351e+01 1.227608e+01 7.862684e+00 3.850015e+01 3.340716e+01 1.939605e+01 8.287016e+00 3.963082e+01 3.438073e+01
<GCONST> 9.745800e+01
<MIXTURE> 2 2.500000e-01
<MEAN> 20
 -7.135490e+00 -1.855555e+00 -1.379135e+01 -1.017273e+01 -8.942743e+00 -1.217846e+01 -1.449875e+01 -1.697416e+01 -4.202806e+00 -1.235512e+01 -1.086746e+01 -1.599637e+01 4.915245e-01 -1.147486e+01 -6.632167e+00 -9.022723e+00 5.067989e+00 -9.768532e+00 -2.140469e+00 -8.738712e+00
<VARIANCE> 20
 9.265615e+00 1.526724e+00 8.446561e+01 1.647371e+01 2.732955e+01 6.783872e+00 7.437650e+01 5.477670e+01 1.552427e+01 7.362652e+00 6.343825e+01 7.849351e+01 1.227608e+01 7.862684e+00 3.850015e+01 3.340716e+01 1.939605e+01 8.287016e+00 3.963082e+01 3.438073e+01
<GCONST> 9.745800e+01
<MIXTURE> 3 2.500000e-01
<MEAN> 20
 -7.135490e+00 -1.855555e+00 -1.379135e+01 -1.017273e+01 -8.942743e+00 -1.217846e+01 -1.449875e+01 -1.697416e+01 -4.202806e+00 -1.235512e+01 -1.086746e+01 -1.599637e+01 4.915245e-01 -1.147486e+01 -6.632167e+00 -9.022723e+00 5.067989e+00 -9.768532e+00 -2.140469e+00 -8.738712e+00
<VARIANCE> 20
 9.265615e+00 1.526724e+00 8.446561e+01 1.647371e+01 2.732955e+01 6.783872e+00 7.437650e+01 5.477670e+01 1.552427e+01 7.362652e+00 6.343825e+01 7.849351e+01 1.227608e+01 7.862684e+00 3.850015e+01 3.340716e+01 1.939605e+01 8.287016e+00 3.963082e+01 3.438073e+01
<GCONST> 9.745800e+01
<MIXTURE> 4 2.500000e-01
<MEAN> 20
 -7.135490e+00 -1.855555e+00 -1.379135e+01 -1.017273e+01 -8.942743e+00 -1.217846e+01 -1.449875e+01 -1.697416e+01 -4.202806e+00 -1.235512e+01 -1.086746e+01 -1.599637e+01 4.915245e-01 -1.147486e+01 -6.632167e+00 -9.022723e+00 5.067989e+00 -9.768532e+00 -2.140469e+00 -8.738712e+00
<VARIANCE> 20
 9.265615e+00 1.526724e+00 8.446561e+01 1.647371e+01 2.732955e+01 6.783872e+00 7.437650e+01 5.477670e+01 1.552427e+01 7.362652e+00 6.343825e+01 7.849351e+01 1.227608e+01 7.862684e+00 3.850015e+01 3.340716e+01 1.939605e+01 8.287016e+00 3.963082e+01 3.438073e+01
<GCONST> 9.745800e+01
<STATE> 5
<NUMMIXES> 4
<MIXTURE> 1 2.500000e-01
<MEAN> 20
 -7.135490e+00 -1.855555e+00 -1.379135e+01 -1.017273e+01 -8.942743e+00 -1.217846e+01 -1.449875e+01 -1.697416e+01 -4.202806e+00 -1.235512e+01 -1.086746e+01 -1.599637e+01 4.915245e-01 -1.147486e+01 -6.632167e+00 -9.022723e+00 5.067989e+00 -9.768532e+00 -2.140469e+00 -8.738712e+00
<VARIANCE> 20
 9.265615e+00 1.526724e+00 8.446561e+01 1.647371e+01 2.732955e+01 6.783872e+00 7.437650e+01 5.477670e+01 1.552427e+01 7.362652e+00 6.343825e+01 7.849351e+01 1.227608e+01 7.862684e+00 3.850015e+01 3.340716e+01 1.939605e+01 8.287016e+00 3.963082e+01 3.438073e+01
<GCONST> 9.745800e+01
<MIXTURE> 2 2.500000e-01
<MEAN> 20
 -7.135490e+00 -1.855555e+00 -1.379135e+01 -1.017273e+01 -8.942743e+00 -1.217846e+01 -1.449875e+01 -1.697416e+01 -4.202806e+00 -1.235512e+01 -1.086746e+01 -1.599637e+01 4.915245e-01 -1.147486e+01 -6.632167e+00 -9.022723e+00 5.067989e+00 -9.768532e+00 -2.140469e+00 -8.738712e+00
<VARIANCE> 20
 9.265615e+00 1.526724e+00 8.446561e+01 1.647371e+01 2.732955e+01 6.783872e+00 7.437650e+01 5.477670e+01 1.552427e+01 7.362652e+00 6.343825e+01 7.849351e+01 1.227608e+01 7.862684e+00 3.850015e+01 3.340716e+01 1.939605e+01 8.287016e+00 3.963082e+01 3.438073e+01
<GCONST> 9.745800e+01
<MIXTURE> 3 2.500000e-01
<MEAN> 20
 -7.135490e+00 -1.855555e+00 -1.379135e+01 -1.017273e+01 -8.942743e+00 -1.217846e+01 -1.449875e+01 -1.697416e+01 -4.202806e+00 -1.235512e+01 -1.086746e+01 -1.599637e+01 4.915245e-01 -1.147486e+01 -6.632167e+00 -9.022723e+00 5.067989e+00 -9.768532e+00 -2.140469e+00 -8.738712e+00
<VARIANCE> 20
 9.265615e+00 1.526724e+00 8.446561e+01 1.647371e+01 2.732955e+01 6.783872e+00 7.437650e+01 5.477670e+01 1.552427e+01 7.362652e+00 6.343825e+01 7.849351e+01 1.227608e+01 7.862684e+00 3.850015e+01 3.340716e+01 1.939605e+01 8.287016e+00 3.963082e+01 3.438073e+01
<GCONST> 9.745800e+01
<MIXTURE> 4 2.500000e-01
<MEAN> 20
 -7.135490e+00 -1.855555e+00 -1.379135e+01 -1.017273e+01 -8.942743e+00 -1.217846e+01 -1.449875e+01 -1.697416e+01 -4.202806e+00 -1.235512e+01 -1.086746e+01 -1.599637e+01 4.915245e-01 -1.147486e+01 -6.632167e+00 -9.022723e+00 5.067989e+00 -9.768532e+00 -2.140469e+00 -8.738712e+00
<VARIANCE> 20
 9.265615e+00 1.526724e+00 8.446561e+01 1.647371e+01 2.732955e+01 6.783872e+00 7.437650e+01 5.477670e+01 1.552427e+01 7.362652e+00 6.343825e+01 7.849351e+01 1.227608e+01 7.862684e+00 3.850015e+01 3.340716e+01 1.939605e+01 8.287016e+00 3.963082e+01 3.438073e+01
<GCONST> 9.745800e+01
<STATE> 6
<NUMMIXES> 4
<MIXTURE> 1 2.500000e-01
<MEAN> 20
 -7.135490e+00 -1.855555e+00 -1.379135e+01 -1.017273e+01 -8.942743e+00 -1.217846e+01 -1.449875e+01 -1.697416e+01 -4.202806e+00 -1.235512e+01 -1.086746e+01 -1.599637e+01 4.915245e-01 -1.147486e+01 -6.632167e+00 -9.022723e+00 5.067989e+00 -9.768532e+00 -2.140469e+00 -8.738712e+00
<VARIANCE> 20
 9.265615e+00 1.526724e+00 8.446561e+01 1.647371e+01 2.732955e+01 6.783872e+00 7.437650e+01 5.477670e+01 1.552427e+01 7.362652e+00 6.343825e+01 7.849351e+01 1.227608e+01 7.862684e+00 3.850015e+01 3.340716e+01 1.939605e+01 8.287016e+00 3.963082e+01 3.438073e+01
<GCONST> 9.745800e+01
<MIXTURE> 2 2.500000e-01
<MEAN> 20
 -7.135490e+00 -1.855555e+00 -1.379135e+01 -1.017273e+01 -8.942743e+00 -1.217846e+01 -1.449875e+01 -1.697416e+01 -4.202806e+00 -1.235512e+01 -1.086746e+01 -1.599637e+01 4.915245e-01 -1.147486e+01 -6.632167e+00 -9.022723e+00 5.067989e+00 -9.768532e+00 -2.140469e+00 -8.738712e+00
<VARIANCE> 20
 9.265615e+00 1.526724e+00 8.446561e+01 1.647371e+01 2.732955e+01 6.783872e+00 7.437650e+01 5.477670e+01 1.552427e+01 7.362652e+00 6.343825e+01 7.849351e+01 1.227608e+01 7.862684e+00 3.850015e+01 3.340716e+01 1.939605e+01 8.287016e+00 3.963082e+01 3.438073e+01
<GCONST> 9.745800e+01
<MIXTURE> 3 2.500000e-01
<MEAN> 20
 -7.135490e+00 -1.855555e+00 -1.379135e+01 -1.017273e+01 -8.942743e+00 -1.217846e+01 -1.449875e+01 -1.697416e+01 -4.202806e+00 -1.235512e+01 -1.086746e+01 -1.599637e+01 4.915245e-01 -1.147486e+01 -6.632167e+00 -9.022723e+00 5.067989e+00 -9.768532e+00 -2.140469e+00 -8.738712e+00
<VARIANCE> 20
 9.265615e+00 1.526724e+00 8.446561e+01 1.647371e+01 2.732955e+01 6.783872e+00 7.437650e+01 5.477670e+01 1.552427e+01 7.362652e+00 6.343825e+01 7.849351e+01 1.227608e+01 7.862684e+00 3.850015e+01 3.340716e+01 1.939605e+01 8.287016e+00 3.963082e+01 3.438073e+01
<GCONST> 9.745800e+01
<MIXTURE> 4 2.500000e-01
<MEAN> 20
 -7.135490e+00 -1.855555e+00 -1.379135e+01 -1.017273e+01 -8.942743e+00 -1.217846e+01 -1.449875e+01 -1.697416e+01 -4.202806e+00 -1.235512e+01 -1.086746e+01 -1.599637e+01 4.915245e-01 -1.147486e+01 -6.632167e+00 -9.022723e+00 5.067989e+00 -9.768532e+00 -2.140469e+00 -8.738712e+00
<VARIANCE> 20
 9.265615e+00 1.526724e+00 8.446561e+01 1.647371e+01 2.732955e+01 6.783872e+00 7.437650e+01 5.477670e+01 1.552427e+01 7.362652e+00 6.343825e+01 7.849351e+01 1.227608e+01 7.862684e+00 3.850015e+01 3.340716e+01 1.939605e+01 8.287016e+00 3.963082e+01 3.438073e+01
<GCONST> 9.745800e+01
<STATE> 7
<MEAN> 20
 -7.135490e+00 -1.855555e+00 -1.379135e+01 -1.017273e+01 -8.942743e+00 -1.217846e+01 -1.449875e+01 -1.697416e+01 -4.202806e+00 -1.235512e+01 -1.086746e+01 -1.599637e+01 4.915245e-01 -1.147486e+01 -6.632167e+00 -9.022723e+00 5.067989e+00 -9.768532e+00 -2.140469e+00 -8.738712e+00
<VARIANCE> 20
 9.265615e+00 1.526724e+00 8.446561e+01 1.647371e+01 2.732955e+01 6.783872e+00 7.437650e+01 5.477670e+01 1.552427e+01 7.362652e+00 6.343825e+01 7.849351e+01 1.227608e+01 7.862684e+00 3.850015e+01 3.340716e+01 1.939605e+01 8.287016e+00 3.963082e+01 3.438073e+01
<GCONST> 9.745800e+01
<TRANSP> 8
 0.000000e+00 1.000000e+00 0.000000e+00 0.000000e+00 0.000000e+00 0.000000e+00 0.000000e+00 0.000000e+00
 0.000000e+00 5.000000e-01 5.000000e-01 0.000000e+00 0.000000e+00 0.000000e+00 0.000000e+00 0.000000e+00
 0.000000e+00 0.000000e+00 5.000000e-01 5.000000e-01 0.000000e+00 0.000000e+00 0.000000e+00 0.000000e+00
 0.000000e+00 0.000000e+00 0.000000e+00 5.000000e-01 5.000000e-01 0.000000e+00 0.000000e+00 0.000000e+00
 0.000000e+00 0.000000e+00 0.000000e+00 0.000000e+00 5.000000e-01 5.000000e-01 0.000000e+00 0.000000e+00
 0.000000e+00 0.000000e+00 0.000000e+00 0.000000e+00 0.000000e+00 5.000000e-01 5.000000e-01 0.000000e+00
 0.000000e+00 0.000000e+00 0.000000e+00 0.000000e+00 0.000000e+00 0.000000e+00 5.000000e-01 5.000000e-01
 0.000000e+00 0.000000e+00 0.000000e+00 0.000000e+00 0.000000e+00 0.000000e+00 0.000000e+00 0.000000e+00
<ENDHMM>
