~o
<STREAMINFO> 1 20
<VECSIZE> 20<NULLD><USER><DIAGC>
~h "v"
<BEGINHMM>
<NUMSTATES> 8
<STATE> 2
<MEAN> 20
 -7.356942e+00 -1.874757e+00 -1.206912e+01 -1.086759e+01 -9.067366e+00 -1.273892e+01 -1.467193e+01 -1.679125e+01 -3.872277e+00 -1.299935e+01 -8.502054e+00 -1.661631e+01 1.216398e+00 -1.214555e+01 -5.236540e+00 -9.091256e+00 6.191797e+00 -1.043909e+01 -3.896655e-01 -9.509811e+00
<VARIANCE> 20
 1.015521e+01 1.011276e+00 6.926311e+01 1.027718e+01 3.030525e+01 5.634607e+00 7.196190e+01 4.384436e+01 1.510286e+01 6.165742e+00 4.513280e+01 6.594102e+01 9.525060e+00 6.073894e+00 2.263928e+01 2.103741e+01 1.301643e+01 5.885866e+00 2.207794e+01 3.072261e+01
<GCONST> 9.246614e+01
<STATE> 3
<NUMMIXES> 4
<MIXTURE> 1 2.500000e-01
<MEAN> 20
 -7.356942e+00 -1.874757e+00 -1.206912e+01 -1.086759e+01 -9.067366e+00 -1.273892e+01 -1.467193e+01 -1.679125e+01 -3.872277e+00 -1.299935e+01 -8.502054e+00 -1.661631e+01 1.216398e+00 -1.214555e+01 -5.236540e+00 -9.091256e+00 6.191797e+00 -1.043909e+01 -3.896655e-01 -9.509811e+00
<VARIANCE> 20
 1.015521e+01 1.011276e+00 6.926311e+01 1.027718e+01 3.030525e+01 5.634607e+00 7.196190e+01 4.384436e+01 1.510286e+01 6.165742e+00 4.513280e+01 6.594102e+01 9.525060e+00 6.073894e+00 2.263928e+01 2.103741e+01 1.301643e+01 5.885866e+00 2.207794e+01 3.072261e+01
<GCONST> 9.246614e+01
<MIXTURE> 2 2.500000e-01
<MEAN> 20
 -7.356942e+00 -1.874757e+00 -1.206912e+01 -1.086759e+01 -9.067366e+00 -1.273892e+01 -1.467193e+01 -1.679125e+01 -3.872277e+00 -1.299935e+01 -8.502054e+00 -1.661631e+01 1.216398e+00 -1.214555e+01 -5.236540e+00 -9.091256e+00 6.191797e+00 -1.043909e+01 -3.896655e-01 -9.509811e+00
<VARIANCE> 20
 1.015521e+01 1.011276e+00 6.926311e+01 1.027718e+01 3.030525e+01 5.634607e+00 7.196190e+01 4.384436e+01 1.510286e+01 6.165742e+00 4.513280e+01 6.594102e+01 9.525060e+00 6.073894e+00 2.263928e+01 2.103741e+01 1.301643e+01 5.885866e+00 2.207794e+01 3.072261e+01
<GCONST> 9.246614e+01
<MIXTURE> 3 2.500000e-01
<MEAN> 20
 -7.356942e+00 -1.874757e+00 -1.206912e+01 -1.086759e+01 -9.067366e+00 -1.273892e+01 -1.467193e+01 -1.679125e+01 -3.872277e+00 -1.299935e+01 -8.502054e+00 -1.661631e+01 1.216398e+00 -1.214555e+01 -5.236540e+00 -9.091256e+00 6.191797e+00 -1.043909e+01 -3.896655e-01 -9.509811e+00
<VARIANCE> 20
 1.015521e+01 1.011276e+00 6.926311e+01 1.027718e+01 3.030525e+01 5.634607e+00 7.196190e+01 4.384436e+01 1.510286e+01 6.165742e+00 4.513280e+01 6.594102e+01 9.525060e+00 6.073894e+00 2.263928e+01 2.103741e+01 1.301643e+01 5.885866e+00 2.207794e+01 3.072261e+01
<GCONST> 9.246614e+01
<MIXTURE> 4 2.500000e-01
<MEAN> 20
 -7.356942e+00 -1.874757e+00 -1.206912e+01 -1.086759e+01 -9.067366e+00 -1.273892e+01 -1.467193e+01 -1.679125e+01 -3.872277e+00 -1.299935e+01 -8.502054e+00 -1.661631e+01 1.216398e+00 -1.214555e+01 -5.236540e+00 -9.091256e+00 6.191797e+00 -1.043909e+01 -3.896655e-01 -9.509811e+00
<VARIANCE> 20
 1.015521e+01 1.011276e+00 6.926311e+01 1.027718e+01 3.030525e+01 5.634607e+00 7.196190e+01 4.384436e+01 1.510286e+01 6.165742e+00 4.513280e+01 6.594102e+01 9.525060e+00 6.073894e+00 2.263928e+01 2.103741e+01 1.301643e+01 5.885866e+00 2.207794e+01 3.072261e+01
<GCONST> 9.246614e+01
<STATE> 4
<NUMMIXES> 4
<MIXTURE> 1 2.500000e-01
<MEAN> 20
 -7.356942e+00 -1.874757e+00 -1.206912e+01 -1.086759e+01 -9.067366e+00 -1.273892e+01 -1.467193e+01 -1.679125e+01 -3.872277e+00 -1.299935e+01 -8.502054e+00 -1.661631e+01 1.216398e+00 -1.214555e+01 -5.236540e+00 -9.091256e+00 6.191797e+00 -1.043909e+01 -3.896655e-01 -9.509811e+00
<VARIANCE> 20
 1.015521e+01 1.011276e+00 6.926311e+01 1.027718e+01 3.030525e+01 5.634607e+00 7.196190e+01 4.384436e+01 1.510286e+01 6.165742e+00 4.513280e+01 6.594102e+01 9.525060e+00 6.073894e+00 2.263928e+01 2.103741e+01 1.301643e+01 5.885866e+00 2.207794e+01 3.072261e+01
<GCONST> 9.246614e+01
<MIXTURE> 2 2.500000e-01
<MEAN> 20
 -7.356942e+00 -1.874757e+00 -1.206912e+01 -1.086759e+01 -9.067366e+00 -1.273892e+01 -1.467193e+01 -1.679125e+01 -3.872277e+00 -1.299935e+01 -8.502054e+00 -1.661631e+01 1.216398e+00 -1.214555e+01 -5.236540e+00 -9.091256e+00 6.191797e+00 -1.043909e+01 -3.896655e-01 -9.509811e+00
<VARIANCE> 20
 1.015521e+01 1.011276e+00 6.926311e+01 1.027718e+01 3.030525e+01 5.634607e+00 7.196190e+01 4.384436e+01 1.510286e+01 6.165742e+00 4.513280e+01 6.594102e+01 9.525060e+00 6.073894e+00 2.263928e+01 2.103741e+01 1.301643e+01 5.885866e+00 2.207794e+01 3.072261e+01
<GCONST> 9.246614e+01
<MIXTURE> 3 2.500000e-01
<MEAN> 20
 -7.356942e+00 -1.874757e+00 -1.206912e+01 -1.086759e+01 -9.067366e+00 -1.273892e+01 -1.467193e+01 -1.679125e+01 -3.872277e+00 -1.299935e+01 -8.502054e+00 -1.661631e+01 1.216398e+00 -1.214555e+01 -5.236540e+00 -9.091256e+00 6.191797e+00 -1.043909e+01 -3.896655e-01 -9.509811e+00
<VARIANCE> 20
 1.015521e+01 1.011276e+00 6.926311e+01 1.027718e+01 3.030525e+01 5.634607e+00 7.196190e+01 4.384436e+01 1.510286e+01 6.165742e+00 4.513280e+01 6.594102e+01 9.525060e+00 6.073894e+00 2.263928e+01 2.103741e+01 1.301643e+01 5.885866e+00 2.207794e+01 3.072261e+01
<GCONST> 9.246614e+01
<MIXTURE> 4 2.500000e-01
<MEAN> 20
 -7.356942e+00 -1.874757e+00 -1.206912e+01 -1.086759e+01 -9.067366e+00 -1.273892e+01 -1.467193e+01 -1.679125e+01 -3.872277e+00 -1.299935e+01 -8.502054e+00 -1.661631e+01 1.216398e+00 -1.214555e+01 -5.236540e+00 -9.091256e+00 6.191797e+00 -1.043909e+01 -3.896655e-01 -9.509811e+00
<VARIANCE> 20
 1.015521e+01 1.011276e+00 6.926311e+01 1.027718e+01 3.030525e+01 5.634607e+00 7.196190e+01 4.384436e+01 1.510286e+01 6.165742e+00 4.513280e+01 6.594102e+01 9.525060e+00 6.073894e+00 2.263928e+01 2.103741e+01 1.301643e+01 5.885866e+00 2.207794e+01 3.072261e+01
<GCONST> 9.246614e+01
<STATE> 5
<NUMMIXES> 4
<MIXTURE> 1 2.500000e-01
<MEAN> 20
 -7.356942e+00 -1.874757e+00 -1.206912e+01 -1.086759e+01 -9.067366e+00 -1.273892e+01 -1.467193e+01 -1.679125e+01 -3.872277e+00 -1.299935e+01 -8.502054e+00 -1.661631e+01 1.216398e+00 -1.214555e+01 -5.236540e+00 -9.091256e+00 6.191797e+00 -1.043909e+01 -3.896655e-01 -9.509811e+00
<VARIANCE> 20
 1.015521e+01 1.011276e+00 6.926311e+01 1.027718e+01 3.030525e+01 5.634607e+00 7.196190e+01 4.384436e+01 1.510286e+01 6.165742e+00 4.513280e+01 6.594102e+01 9.525060e+00 6.073894e+00 2.263928e+01 2.103741e+01 1.301643e+01 5.885866e+00 2.207794e+01 3.072261e+01
<GCONST> 9.246614e+01
<MIXTURE> 2 2.500000e-01
<MEAN> 20
 -7.356942e+00 -1.874757e+00 -1.206912e+01 -1.086759e+01 -9.067366e+00 -1.273892e+01 -1.467193e+01 -1.679125e+01 -3.872277e+00 -1.299935e+01 -8.502054e+00 -1.661631e+01 1.216398e+00 -1.214555e+01 -5.236540e+00 -9.091256e+00 6.191797e+00 -1.043909e+01 -3.896655e-01 -9.509811e+00
<VARIANCE> 20
 1.015521e+01 1.011276e+00 6.926311e+01 1.027718e+01 3.030525e+01 5.634607e+00 7.196190e+01 4.384436e+01 1.510286e+01 6.165742e+00 4.513280e+01 6.594102e+01 9.525060e+00 6.073894e+00 2.263928e+01 2.103741e+01 1.301643e+01 5.885866e+00 2.207794e+01 3.072261e+01
<GCONST> 9.246614e+01
<MIXTURE> 3 2.500000e-01
<MEAN> 20
 -7.356942e+00 -1.874757e+00 -1.206912e+01 -1.086759e+01 -9.067366e+00 -1.273892e+01 -1.467193e+01 -1.679125e+01 -3.872277e+00 -1.299935e+01 -8.502054e+00 -1.661631e+01 1.216398e+00 -1.214555e+01 -5.236540e+00 -9.091256e+00 6.191797e+00 -1.043909e+01 -3.896655e-01 -9.509811e+00
<VARIANCE> 20
 1.015521e+01 1.011276e+00 6.926311e+01 1.027718e+01 3.030525e+01 5.634607e+00 7.196190e+01 4.384436e+01 1.510286e+01 6.165742e+00 4.513280e+01 6.594102e+01 9.525060e+00 6.073894e+00 2.263928e+01 2.103741e+01 1.301643e+01 5.885866e+00 2.207794e+01 3.072261e+01
<GCONST> 9.246614e+01
<MIXTURE> 4 2.500000e-01
<MEAN> 20
 -7.356942e+00 -1.874757e+00 -1.206912e+01 -1.086759e+01 -9.067366e+00 -1.273892e+01 -1.467193e+01 -1.679125e+01 -3.872277e+00 -1.299935e+01 -8.502054e+00 -1.661631e+01 1.216398e+00 -1.214555e+01 -5.236540e+00 -9.091256e+00 6.191797e+00 -1.043909e+01 -3.896655e-01 -9.509811e+00
<VARIANCE> 20
 1.015521e+01 1.011276e+00 6.926311e+01 1.027718e+01 3.030525e+01 5.634607e+00 7.196190e+01 4.384436e+01 1.510286e+01 6.165742e+00 4.513280e+01 6.594102e+01 9.525060e+00 6.073894e+00 2.263928e+01 2.103741e+01 1.301643e+01 5.885866e+00 2.207794e+01 3.072261e+01
<GCONST> 9.246614e+01
<STATE> 6
<NUMMIXES> 4
<MIXTURE> 1 2.500000e-01
<MEAN> 20
 -7.356942e+00 -1.874757e+00 -1.206912e+01 -1.086759e+01 -9.067366e+00 -1.273892e+01 -1.467193e+01 -1.679125e+01 -3.872277e+00 -1.299935e+01 -8.502054e+00 -1.661631e+01 1.216398e+00 -1.214555e+01 -5.236540e+00 -9.091256e+00 6.191797e+00 -1.043909e+01 -3.896655e-01 -9.509811e+00
<VARIANCE> 20
 1.015521e+01 1.011276e+00 6.926311e+01 1.027718e+01 3.030525e+01 5.634607e+00 7.196190e+01 4.384436e+01 1.510286e+01 6.165742e+00 4.513280e+01 6.594102e+01 9.525060e+00 6.073894e+00 2.263928e+01 2.103741e+01 1.301643e+01 5.885866e+00 2.207794e+01 3.072261e+01
<GCONST> 9.246614e+01
<MIXTURE> 2 2.500000e-01
<MEAN> 20
 -7.356942e+00 -1.874757e+00 -1.206912e+01 -1.086759e+01 -9.067366e+00 -1.273892e+01 -1.467193e+01 -1.679125e+01 -3.872277e+00 -1.299935e+01 -8.502054e+00 -1.661631e+01 1.216398e+00 -1.214555e+01 -5.236540e+00 -9.091256e+00 6.191797e+00 -1.043909e+01 -3.896655e-01 -9.509811e+00
<VARIANCE> 20
 1.015521e+01 1.011276e+00 6.926311e+01 1.027718e+01 3.030525e+01 5.634607e+00 7.196190e+01 4.384436e+01 1.510286e+01 6.165742e+00 4.513280e+01 6.594102e+01 9.525060e+00 6.073894e+00 2.263928e+01 2.103741e+01 1.301643e+01 5.885866e+00 2.207794e+01 3.072261e+01
<GCONST> 9.246614e+01
<MIXTURE> 3 2.500000e-01
<MEAN> 20
 -7.356942e+00 -1.874757e+00 -1.206912e+01 -1.086759e+01 -9.067366e+00 -1.273892e+01 -1.467193e+01 -1.679125e+01 -3.872277e+00 -1.299935e+01 -8.502054e+00 -1.661631e+01 1.216398e+00 -1.214555e+01 -5.236540e+00 -9.091256e+00 6.191797e+00 -1.043909e+01 -3.896655e-01 -9.509811e+00
<VARIANCE> 20
 1.015521e+01 1.011276e+00 6.926311e+01 1.027718e+01 3.030525e+01 5.634607e+00 7.196190e+01 4.384436e+01 1.510286e+01 6.165742e+00 4.513280e+01 6.594102e+01 9.525060e+00 6.073894e+00 2.263928e+01 2.103741e+01 1.301643e+01 5.885866e+00 2.207794e+01 3.072261e+01
<GCONST> 9.246614e+01
<MIXTURE> 4 2.500000e-01
<MEAN> 20
 -7.356942e+00 -1.874757e+00 -1.206912e+01 -1.086759e+01 -9.067366e+00 -1.273892e+01 -1.467193e+01 -1.679125e+01 -3.872277e+00 -1.299935e+01 -8.502054e+00 -1.661631e+01 1.216398e+00 -1.214555e+01 -5.236540e+00 -9.091256e+00 6.191797e+00 -1.043909e+01 -3.896655e-01 -9.509811e+00
<VARIANCE> 20
 1.015521e+01 1.011276e+00 6.926311e+01 1.027718e+01 3.030525e+01 5.634607e+00 7.196190e+01 4.384436e+01 1.510286e+01 6.165742e+00 4.513280e+01 6.594102e+01 9.525060e+00 6.073894e+00 2.263928e+01 2.103741e+01 1.301643e+01 5.885866e+00 2.207794e+01 3.072261e+01
<GCONST> 9.246614e+01
<STATE> 7
<MEAN> 20
 -7.356942e+00 -1.874757e+00 -1.206912e+01 -1.086759e+01 -9.067366e+00 -1.273892e+01 -1.467193e+01 -1.679125e+01 -3.872277e+00 -1.299935e+01 -8.502054e+00 -1.661631e+01 1.216398e+00 -1.214555e+01 -5.236540e+00 -9.091256e+00 6.191797e+00 -1.043909e+01 -3.896655e-01 -9.509811e+00
<VARIANCE> 20
 1.015521e+01 1.011276e+00 6.926311e+01 1.027718e+01 3.030525e+01 5.634607e+00 7.196190e+01 4.384436e+01 1.510286e+01 6.165742e+00 4.513280e+01 6.594102e+01 9.525060e+00 6.073894e+00 2.263928e+01 2.103741e+01 1.301643e+01 5.885866e+00 2.207794e+01 3.072261e+01
<GCONST> 9.246614e+01
<TRANSP> 8
 0.000000e+00 1.000000e+00 0.000000e+00 0.000000e+00 0.000000e+00 0.000000e+00 0.000000e+00 0.000000e+00
 0.000000e+00 5.000000e-01 5.000000e-01 0.000000e+00 0.000000e+00 0.000000e+00 0.000000e+00 0.000000e+00
 0.000000e+00 0.000000e+00 5.000000e-01 5.000000e-01 0.000000e+00 0.000000e+00 0.000000e+00 0.000000e+00
 0.000000e+00 0.000000e+00 0.000000e+00 5.000000e-01 5.000000e-01 0.000000e+00 0.000000e+00 0.000000e+00
 0.000000e+00 0.000000e+00 0.000000e+00 0.000000e+00 5.000000e-01 5.000000e-01 0.000000e+00 0.000000e+00
 0.000000e+00 0.000000e+00 0.000000e+00 0.000000e+00 0.000000e+00 5.000000e-01 5.000000e-01 0.000000e+00
 0.000000e+00 0.000000e+00 0.000000e+00 0.000000e+00 0.000000e+00 0.000000e+00 5.000000e-01 5.000000e-01
 0.000000e+00 0.000000e+00 0.000000e+00 0.000000e+00 0.000000e+00 0.000000e+00 0.000000e+00 0.000000e+00
<ENDHMM>
