~o
<STREAMINFO> 1 20
<VECSIZE> 20<NULLD><USER><DIAGC>
~h "y"
<BEGINHMM>
<NUMSTATES> 8
<STATE> 2
<MEAN> 20
 -7.525961e+00 -2.104346e+00 -1.716669e+01 -1.150355e+01 -8.375045e+00 -1.230397e+01 -1.290072e+01 -1.309960e+01 -3.318021e+00 -1.239514e+01 -9.055572e+00 -1.102261e+01 1.646125e+00 -1.160707e+01 -4.732412e+00 -8.595845e+00 6.488782e+00 -1.010960e+01 2.342820e+00 -1.222588e+01
<VARIANCE> 20
 8.628390e+00 1.219018e+00 9.323627e+01 1.575840e+01 2.376380e+01 7.142846e+00 5.487598e+01 4.447257e+01 1.557174e+01 7.695073e+00 4.693018e+01 5.315164e+01 1.454999e+01 8.026794e+00 2.918688e+01 2.568715e+01 2.165629e+01 8.363889e+00 6.640154e+01 5.370499e+01
<GCONST> 9.670376e+01
<STATE> 3
<NUMMIXES> 4
<MIXTURE> 1 2.500000e-01
<MEAN> 20
 -7.525961e+00 -2.104346e+00 -1.716669e+01 -1.150355e+01 -8.375045e+00 -1.230397e+01 -1.290072e+01 -1.309960e+01 -3.318021e+00 -1.239514e+01 -9.055572e+00 -1.102261e+01 1.646125e+00 -1.160707e+01 -4.732412e+00 -8.595845e+00 6.488782e+00 -1.010960e+01 2.342820e+00 -1.222588e+01
<VARIANCE> 20
 8.628390e+00 1.219018e+00 9.323627e+01 1.575840e+01 2.376380e+01 7.142846e+00 5.487598e+01 4.447257e+01 1.557174e+01 7.695073e+00 4.693018e+01 5.315164e+01 1.454999e+01 8.026794e+00 2.918688e+01 2.568715e+01 2.165629e+01 8.363889e+00 6.640154e+01 5.370499e+01
<GCONST> 9.670376e+01
<MIXTURE> 2 2.500000e-01
<MEAN> 20
 -7.525961e+00 -2.104346e+00 -1.716669e+01 -1.150355e+01 -8.375045e+00 -1.230397e+01 -1.290072e+01 -1.309960e+01 -3.318021e+00 -1.239514e+01 -9.055572e+00 -1.102261e+01 1.646125e+00 -1.160707e+01 -4.732412e+00 -8.595845e+00 6.488782e+00 -1.010960e+01 2.342820e+00 -1.222588e+01
<VARIANCE> 20
 8.628390e+00 1.219018e+00 9.323627e+01 1.575840e+01 2.376380e+01 7.142846e+00 5.487598e+01 4.447257e+01 1.557174e+01 7.695073e+00 4.693018e+01 5.315164e+01 1.454999e+01 8.026794e+00 2.918688e+01 2.568715e+01 2.165629e+01 8.363889e+00 6.640154e+01 5.370499e+01
<GCONST> 9.670376e+01
<MIXTURE> 3 2.500000e-01
<MEAN> 20
 -7.525961e+00 -2.104346e+00 -1.716669e+01 -1.150355e+01 -8.375045e+00 -1.230397e+01 -1.290072e+01 -1.309960e+01 -3.318021e+00 -1.239514e+01 -9.055572e+00 -1.102261e+01 1.646125e+00 -1.160707e+01 -4.732412e+00 -8.595845e+00 6.488782e+00 -1.010960e+01 2.342820e+00 -1.222588e+01
<VARIANCE> 20
 8.628390e+00 1.219018e+00 9.323627e+01 1.575840e+01 2.376380e+01 7.142846e+00 5.487598e+01 4.447257e+01 1.557174e+01 7.695073e+00 4.693018e+01 5.315164e+01 1.454999e+01 8.026794e+00 2.918688e+01 2.568715e+01 2.165629e+01 8.363889e+00 6.640154e+01 5.370499e+01
<GCONST> 9.670376e+01
<MIXTURE> 4 2.500000e-01
<MEAN> 20
 -7.525961e+00 -2.104346e+00 -1.716669e+01 -1.150355e+01 -8.375045e+00 -1.230397e+01 -1.290072e+01 -1.309960e+01 -3.318021e+00 -1.239514e+01 -9.055572e+00 -1.102261e+01 1.646125e+00 -1.160707e+01 -4.732412e+00 -8.595845e+00 6.488782e+00 -1.010960e+01 2.342820e+00 -1.222588e+01
<VARIANCE> 20
 8.628390e+00 1.219018e+00 9.323627e+01 1.575840e+01 2.376380e+01 7.142846e+00 5.487598e+01 4.447257e+01 1.557174e+01 7.695073e+00 4.693018e+01 5.315164e+01 1.454999e+01 8.026794e+00 2.918688e+01 2.568715e+01 2.165629e+01 8.363889e+00 6.640154e+01 5.370499e+01
<GCONST> 9.670376e+01
<STATE> 4
<NUMMIXES> 4
<MIXTURE> 1 2.500000e-01
<MEAN> 20
 -7.525961e+00 -2.104346e+00 -1.716669e+01 -1.150355e+01 -8.375045e+00 -1.230397e+01 -1.290072e+01 -1.309960e+01 -3.318021e+00 -1.239514e+01 -9.055572e+00 -1.102261e+01 1.646125e+00 -1.160707e+01 -4.732412e+00 -8.595845e+00 6.488782e+00 -1.010960e+01 2.342820e+00 -1.222588e+01
<VARIANCE> 20
 8.628390e+00 1.219018e+00 9.323627e+01 1.575840e+01 2.376380e+01 7.142846e+00 5.487598e+01 4.447257e+01 1.557174e+01 7.695073e+00 4.693018e+01 5.315164e+01 1.454999e+01 8.026794e+00 2.918688e+01 2.568715e+01 2.165629e+01 8.363889e+00 6.640154e+01 5.370499e+01
<GCONST> 9.670376e+01
<MIXTURE> 2 2.500000e-01
<MEAN> 20
 -7.525961e+00 -2.104346e+00 -1.716669e+01 -1.150355e+01 -8.375045e+00 -1.230397e+01 -1.290072e+01 -1.309960e+01 -3.318021e+00 -1.239514e+01 -9.055572e+00 -1.102261e+01 1.646125e+00 -1.160707e+01 -4.732412e+00 -8.595845e+00 6.488782e+00 -1.010960e+01 2.342820e+00 -1.222588e+01
<VARIANCE> 20
 8.628390e+00 1.219018e+00 9.323627e+01 1.575840e+01 2.376380e+01 7.142846e+00 5.487598e+01 4.447257e+01 1.557174e+01 7.695073e+00 4.693018e+01 5.315164e+01 1.454999e+01 8.026794e+00 2.918688e+01 2.568715e+01 2.165629e+01 8.363889e+00 6.640154e+01 5.370499e+01
<GCONST> 9.670376e+01
<MIXTURE> 3 2.500000e-01
<MEAN> 20
 -7.525961e+00 -2.104346e+00 -1.716669e+01 -1.150355e+01 -8.375045e+00 -1.230397e+01 -1.290072e+01 -1.309960e+01 -3.318021e+00 -1.239514e+01 -9.055572e+00 -1.102261e+01 1.646125e+00 -1.160707e+01 -4.732412e+00 -8.595845e+00 6.488782e+00 -1.010960e+01 2.342820e+00 -1.222588e+01
<VARIANCE> 20
 8.628390e+00 1.219018e+00 9.323627e+01 1.575840e+01 2.376380e+01 7.142846e+00 5.487598e+01 4.447257e+01 1.557174e+01 7.695073e+00 4.693018e+01 5.315164e+01 1.454999e+01 8.026794e+00 2.918688e+01 2.568715e+01 2.165629e+01 8.363889e+00 6.640154e+01 5.370499e+01
<GCONST> 9.670376e+01
<MIXTURE> 4 2.500000e-01
<MEAN> 20
 -7.525961e+00 -2.104346e+00 -1.716669e+01 -1.150355e+01 -8.375045e+00 -1.230397e+01 -1.290072e+01 -1.309960e+01 -3.318021e+00 -1.239514e+01 -9.055572e+00 -1.102261e+01 1.646125e+00 -1.160707e+01 -4.732412e+00 -8.595845e+00 6.488782e+00 -1.010960e+01 2.342820e+00 -1.222588e+01
<VARIANCE> 20
 8.628390e+00 1.219018e+00 9.323627e+01 1.575840e+01 2.376380e+01 7.142846e+00 5.487598e+01 4.447257e+01 1.557174e+01 7.695073e+00 4.693018e+01 5.315164e+01 1.454999e+01 8.026794e+00 2.918688e+01 2.568715e+01 2.165629e+01 8.363889e+00 6.640154e+01 5.370499e+01
<GCONST> 9.670376e+01
<STATE> 5
<NUMMIXES> 4
<MIXTURE> 1 2.500000e-01
<MEAN> 20
 -7.525961e+00 -2.104346e+00 -1.716669e+01 -1.150355e+01 -8.375045e+00 -1.230397e+01 -1.290072e+01 -1.309960e+01 -3.318021e+00 -1.239514e+01 -9.055572e+00 -1.102261e+01 1.646125e+00 -1.160707e+01 -4.732412e+00 -8.595845e+00 6.488782e+00 -1.010960e+01 2.342820e+00 -1.222588e+01
<VARIANCE> 20
 8.628390e+00 1.219018e+00 9.323627e+01 1.575840e+01 2.376380e+01 7.142846e+00 5.487598e+01 4.447257e+01 1.557174e+01 7.695073e+00 4.693018e+01 5.315164e+01 1.454999e+01 8.026794e+00 2.918688e+01 2.568715e+01 2.165629e+01 8.363889e+00 6.640154e+01 5.370499e+01
<GCONST> 9.670376e+01
<MIXTURE> 2 2.500000e-01
<MEAN> 20
 -7.525961e+00 -2.104346e+00 -1.716669e+01 -1.150355e+01 -8.375045e+00 -1.230397e+01 -1.290072e+01 -1.309960e+01 -3.318021e+00 -1.239514e+01 -9.055572e+00 -1.102261e+01 1.646125e+00 -1.160707e+01 -4.732412e+00 -8.595845e+00 6.488782e+00 -1.010960e+01 2.342820e+00 -1.222588e+01
<VARIANCE> 20
 8.628390e+00 1.219018e+00 9.323627e+01 1.575840e+01 2.376380e+01 7.142846e+00 5.487598e+01 4.447257e+01 1.557174e+01 7.695073e+00 4.693018e+01 5.315164e+01 1.454999e+01 8.026794e+00 2.918688e+01 2.568715e+01 2.165629e+01 8.363889e+00 6.640154e+01 5.370499e+01
<GCONST> 9.670376e+01
<MIXTURE> 3 2.500000e-01
<MEAN> 20
 -7.525961e+00 -2.104346e+00 -1.716669e+01 -1.150355e+01 -8.375045e+00 -1.230397e+01 -1.290072e+01 -1.309960e+01 -3.318021e+00 -1.239514e+01 -9.055572e+00 -1.102261e+01 1.646125e+00 -1.160707e+01 -4.732412e+00 -8.595845e+00 6.488782e+00 -1.010960e+01 2.342820e+00 -1.222588e+01
<VARIANCE> 20
 8.628390e+00 1.219018e+00 9.323627e+01 1.575840e+01 2.376380e+01 7.142846e+00 5.487598e+01 4.447257e+01 1.557174e+01 7.695073e+00 4.693018e+01 5.315164e+01 1.454999e+01 8.026794e+00 2.918688e+01 2.568715e+01 2.165629e+01 8.363889e+00 6.640154e+01 5.370499e+01
<GCONST> 9.670376e+01
<MIXTURE> 4 2.500000e-01
<MEAN> 20
 -7.525961e+00 -2.104346e+00 -1.716669e+01 -1.150355e+01 -8.375045e+00 -1.230397e+01 -1.290072e+01 -1.309960e+01 -3.318021e+00 -1.239514e+01 -9.055572e+00 -1.102261e+01 1.646125e+00 -1.160707e+01 -4.732412e+00 -8.595845e+00 6.488782e+00 -1.010960e+01 2.342820e+00 -1.222588e+01
<VARIANCE> 20
 8.628390e+00 1.219018e+00 9.323627e+01 1.575840e+01 2.376380e+01 7.142846e+00 5.487598e+01 4.447257e+01 1.557174e+01 7.695073e+00 4.693018e+01 5.315164e+01 1.454999e+01 8.026794e+00 2.918688e+01 2.568715e+01 2.165629e+01 8.363889e+00 6.640154e+01 5.370499e+01
<GCONST> 9.670376e+01
<STATE> 6
<NUMMIXES> 4
<MIXTURE> 1 2.500000e-01
<MEAN> 20
 -7.525961e+00 -2.104346e+00 -1.716669e+01 -1.150355e+01 -8.375045e+00 -1.230397e+01 -1.290072e+01 -1.309960e+01 -3.318021e+00 -1.239514e+01 -9.055572e+00 -1.102261e+01 1.646125e+00 -1.160707e+01 -4.732412e+00 -8.595845e+00 6.488782e+00 -1.010960e+01 2.342820e+00 -1.222588e+01
<VARIANCE> 20
 8.628390e+00 1.219018e+00 9.323627e+01 1.575840e+01 2.376380e+01 7.142846e+00 5.487598e+01 4.447257e+01 1.557174e+01 7.695073e+00 4.693018e+01 5.315164e+01 1.454999e+01 8.026794e+00 2.918688e+01 2.568715e+01 2.165629e+01 8.363889e+00 6.640154e+01 5.370499e+01
<GCONST> 9.670376e+01
<MIXTURE> 2 2.500000e-01
<MEAN> 20
 -7.525961e+00 -2.104346e+00 -1.716669e+01 -1.150355e+01 -8.375045e+00 -1.230397e+01 -1.290072e+01 -1.309960e+01 -3.318021e+00 -1.239514e+01 -9.055572e+00 -1.102261e+01 1.646125e+00 -1.160707e+01 -4.732412e+00 -8.595845e+00 6.488782e+00 -1.010960e+01 2.342820e+00 -1.222588e+01
<VARIANCE> 20
 8.628390e+00 1.219018e+00 9.323627e+01 1.575840e+01 2.376380e+01 7.142846e+00 5.487598e+01 4.447257e+01 1.557174e+01 7.695073e+00 4.693018e+01 5.315164e+01 1.454999e+01 8.026794e+00 2.918688e+01 2.568715e+01 2.165629e+01 8.363889e+00 6.640154e+01 5.370499e+01
<GCONST> 9.670376e+01
<MIXTURE> 3 2.500000e-01
<MEAN> 20
 -7.525961e+00 -2.104346e+00 -1.716669e+01 -1.150355e+01 -8.375045e+00 -1.230397e+01 -1.290072e+01 -1.309960e+01 -3.318021e+00 -1.239514e+01 -9.055572e+00 -1.102261e+01 1.646125e+00 -1.160707e+01 -4.732412e+00 -8.595845e+00 6.488782e+00 -1.010960e+01 2.342820e+00 -1.222588e+01
<VARIANCE> 20
 8.628390e+00 1.219018e+00 9.323627e+01 1.575840e+01 2.376380e+01 7.142846e+00 5.487598e+01 4.447257e+01 1.557174e+01 7.695073e+00 4.693018e+01 5.315164e+01 1.454999e+01 8.026794e+00 2.918688e+01 2.568715e+01 2.165629e+01 8.363889e+00 6.640154e+01 5.370499e+01
<GCONST> 9.670376e+01
<MIXTURE> 4 2.500000e-01
<MEAN> 20
 -7.525961e+00 -2.104346e+00 -1.716669e+01 -1.150355e+01 -8.375045e+00 -1.230397e+01 -1.290072e+01 -1.309960e+01 -3.318021e+00 -1.239514e+01 -9.055572e+00 -1.102261e+01 1.646125e+00 -1.160707e+01 -4.732412e+00 -8.595845e+00 6.488782e+00 -1.010960e+01 2.342820e+00 -1.222588e+01
<VARIANCE> 20
 8.628390e+00 1.219018e+00 9.323627e+01 1.575840e+01 2.376380e+01 7.142846e+00 5.487598e+01 4.447257e+01 1.557174e+01 7.695073e+00 4.693018e+01 5.315164e+01 1.454999e+01 8.026794e+00 2.918688e+01 2.568715e+01 2.165629e+01 8.363889e+00 6.640154e+01 5.370499e+01
<GCONST> 9.670376e+01
<STATE> 7
<MEAN> 20
 -7.525961e+00 -2.104346e+00 -1.716669e+01 -1.150355e+01 -8.375045e+00 -1.230397e+01 -1.290072e+01 -1.309960e+01 -3.318021e+00 -1.239514e+01 -9.055572e+00 -1.102261e+01 1.646125e+00 -1.160707e+01 -4.732412e+00 -8.595845e+00 6.488782e+00 -1.010960e+01 2.342820e+00 -1.222588e+01
<VARIANCE> 20
 8.628390e+00 1.219018e+00 9.323627e+01 1.575840e+01 2.376380e+01 7.142846e+00 5.487598e+01 4.447257e+01 1.557174e+01 7.695073e+00 4.693018e+01 5.315164e+01 1.454999e+01 8.026794e+00 2.918688e+01 2.568715e+01 2.165629e+01 8.363889e+00 6.640154e+01 5.370499e+01
<GCONST> 9.670376e+01
<TRANSP> 8
 0.000000e+00 1.000000e+00 0.000000e+00 0.000000e+00 0.000000e+00 0.000000e+00 0.000000e+00 0.000000e+00
 0.000000e+00 5.000000e-01 5.000000e-01 0.000000e+00 0.000000e+00 0.000000e+00 0.000000e+00 0.000000e+00
 0.000000e+00 0.000000e+00 5.000000e-01 5.000000e-01 0.000000e+00 0.000000e+00 0.000000e+00 0.000000e+00
 0.000000e+00 0.000000e+00 0.000000e+00 5.000000e-01 5.000000e-01 0.000000e+00 0.000000e+00 0.000000e+00
 0.000000e+00 0.000000e+00 0.000000e+00 0.000000e+00 5.000000e-01 5.000000e-01 0.000000e+00 0.000000e+00
 0.000000e+00 0.000000e+00 0.000000e+00 0.000000e+00 0.000000e+00 5.000000e-01 5.000000e-01 0.000000e+00
 0.000000e+00 0.000000e+00 0.000000e+00 0.000000e+00 0.000000e+00 0.000000e+00 5.000000e-01 5.000000e-01
 0.000000e+00 0.000000e+00 0.000000e+00 0.000000e+00 0.000000e+00 0.000000e+00 0.000000e+00 0.000000e+00
<ENDHMM>
