~o
<STREAMINFO> 1 8
<VECSIZE> 8<NULLD><USER><DIAGC>
~h "_"
<BEGINHMM>
<NUMSTATES> 6
<STATE> 2
<MEAN> 8
 -8.167952e+00 -1.249758e+01 -8.002384e+00 -1.267418e+01 -8.128542e+00 -1.238118e+01 -8.181003e+00 -1.251406e+01
<VARIANCE> 8
 5.626774e+01 4.626146e+01 6.220990e+01 4.491662e+01 5.951909e+01 4.404794e+01 5.719388e+01 4.038875e+01
<GCONST> 4.611934e+01
<STATE> 3
<MEAN> 8
 -4.689492e+00 -7.754750e+00 -4.705382e+00 -7.722039e+00 -4.864319e+00 -7.699798e+00 -4.795752e+00 -7.671815e+00
<VARIANCE> 8
 3.250574e+01 1.883617e+01 3.229799e+01 1.955071e+01 3.294144e+01 1.866153e+01 3.200294e+01 1.873081e+01
<GCONST> 4.038542e+01
<STATE> 4
<MEAN> 8
 -2.930653e+00 -1.139722e+01 -1.394241e+01 -8.386051e+00 -5.186137e+00 -1.089937e+01 -2.928137e+00 -1.240711e+01
<VARIANCE> 8
 2.203852e+00 1.051798e+02 3.177012e+01 7.857140e+00 4.534622e+01 1.883166e+01 3.510204e+00 1.016029e+02
<GCONST> 3.829545e+01
<STATE> 5
<MEAN> 8
 -7.333176e+00 -1.044754e+01 -6.228623e+00 -1.055421e+01 -6.516402e+00 -1.056703e+01 -6.850070e+00 -1.049283e+01
<VARIANCE> 8
 5.354079e+01 2.024151e+01 4.126185e+01 2.420401e+01 4.205818e+01 2.825318e+01 5.340553e+01 2.224818e+01
<GCONST> 4.275809e+01
<TRANSP> 6
 0.000000e+00 1.000000e+00 0.000000e+00 0.000000e+00 0.000000e+00 0.000000e+00
 0.000000e+00 8.938487e-01 1.061513e-01 0.000000e+00 0.000000e+00 0.000000e+00
 0.000000e+00 0.000000e+00 9.740668e-01 2.593322e-02 0.000000e+00 0.000000e+00
 0.000000e+00 0.000000e+00 0.000000e+00 0.000000e+00 1.000000e+00 0.000000e+00
 0.000000e+00 0.000000e+00 0.000000e+00 0.000000e+00 8.935602e-01 1.064398e-01
 0.000000e+00 0.000000e+00 0.000000e+00 0.000000e+00 0.000000e+00 0.000000e+00
<ENDHMM>
~h "a"
<BEGINHMM>
<NUMSTATES> 6
<STATE> 2
<MEAN> 8
 -6.474438e+00 -1.052627e+01 -5.763800e+00 -1.092226e+01 -7.278058e+00 -9.746193e+00 -5.972014e+00 -1.085827e+01
<VARIANCE> 8
 4.786869e+01 4.530151e+01 5.014196e+01 4.886014e+01 3.848066e+01 3.458792e+01 4.630304e+01 2.937810e+01
<GCONST> 4.459776e+01
<STATE> 3
<MEAN> 8
 -3.969737e+00 -6.153466e+00 -4.094950e+00 -6.159806e+00 -4.068274e+00 -6.152595e+00 -4.116242e+00 -6.075375e+00
<VARIANCE> 8
 1.983528e+01 1.573960e+01 1.995607e+01 1.593438e+01 1.987551e+01 1.596700e+01 1.934794e+01 1.585740e+01
<GCONST> 3.769491e+01
<STATE> 4
<MEAN> 8
 -8.623004e+00 -1.526323e+01 -8.719420e+00 -1.514986e+01 -8.735757e+00 -1.526081e+01 -8.878268e+00 -1.547420e+01
<VARIANCE> 8
 6.199930e+01 1.230246e+02 6.074870e+01 1.211210e+02 6.017397e+01 1.224090e+02 6.256424e+01 1.184931e+02
<GCONST> 5.036172e+01
<STATE> 5
<MEAN> 8
 -5.685284e+00 -1.010112e+01 -5.625917e+00 -1.008382e+01 -5.738034e+00 -9.972423e+00 -5.577018e+00 -9.931344e+00
<VARIANCE> 8
 3.477521e+01 2.682928e+01 3.571831e+01 2.906418e+01 3.522847e+01 2.860606e+01 3.443753e+01 2.728929e+01
<GCONST> 4.224770e+01
<TRANSP> 6
 0.000000e+00 1.000000e+00 0.000000e+00 0.000000e+00 0.000000e+00 0.000000e+00
 0.000000e+00 5.710956e-01 4.289045e-01 0.000000e+00 0.000000e+00 0.000000e+00
 0.000000e+00 0.000000e+00 9.727448e-01 2.725519e-02 0.000000e+00 0.000000e+00
 0.000000e+00 0.000000e+00 0.000000e+00 8.887287e-01 1.112713e-01 0.000000e+00
 0.000000e+00 0.000000e+00 0.000000e+00 0.000000e+00 9.221517e-01 7.784834e-02
 0.000000e+00 0.000000e+00 0.000000e+00 0.000000e+00 0.000000e+00 0.000000e+00
<ENDHMM>
~h "b"
<BEGINHMM>
<NUMSTATES> 6
<STATE> 2
<MEAN> 8
 -1.022510e+01 -1.051833e+01 -1.101848e+01 -1.074722e+01 -1.077434e+01 -1.069893e+01 -1.111603e+01 -1.078454e+01
<VARIANCE> 8
 1.009569e+02 5.479944e+01 9.551596e+01 5.197651e+01 9.582386e+01 5.415365e+01 1.023395e+02 5.293909e+01
<GCONST> 4.898325e+01
<STATE> 3
<MEAN> 8
 -6.327652e+00 -1.058908e+01 -5.409969e+00 -9.465681e+00 -1.364944e+01 -9.454272e+00 -5.163028e+00 -1.096596e+01
<VARIANCE> 8
 1.869779e+01 2.610762e+01 1.633121e+01 2.895357e+01 1.014381e+02 1.623685e+01 6.957590e+01 1.495967e+01
<GCONST> 4.140693e+01
<STATE> 4
<MEAN> 8
 -3.814429e+00 -5.868292e+00 -1.885982e+01 -9.647676e+00 3.201065e+00 -1.118090e+01 -5.103298e+00 -3.946652e-01
<VARIANCE> 8
 2.825146e+00 3.331729e+01 4.948204e+01 9.844571e+00 2.183674e+01 6.031799e+00 3.327380e+00 4.040011e+01
<GCONST> 3.521784e+01
<STATE> 5
<MEAN> 8
 -8.741289e+00 -8.906588e+00 -8.013197e+00 -8.726044e+00 -8.343038e+00 -8.706640e+00 -8.597672e+00 -8.883552e+00
<VARIANCE> 8
 8.646631e+01 2.238999e+01 8.434226e+01 2.491826e+01 7.724509e+01 2.691768e+01 8.013744e+01 2.234211e+01
<GCONST> 4.505185e+01
<TRANSP> 6
 0.000000e+00 1.000000e+00 0.000000e+00 0.000000e+00 0.000000e+00 0.000000e+00
 0.000000e+00 9.362388e-01 6.376118e-02 0.000000e+00 0.000000e+00 0.000000e+00
 0.000000e+00 0.000000e+00 4.577805e-01 5.422195e-01 0.000000e+00 0.000000e+00
 0.000000e+00 0.000000e+00 0.000000e+00 0.000000e+00 1.000000e+00 0.000000e+00
 0.000000e+00 0.000000e+00 0.000000e+00 0.000000e+00 9.566458e-01 4.335423e-02
 0.000000e+00 0.000000e+00 0.000000e+00 0.000000e+00 0.000000e+00 0.000000e+00
<ENDHMM>
~h "c"
<BEGINHMM>
<NUMSTATES> 6
<STATE> 2
<MEAN> 8
 -8.052926e+00 -1.008664e+01 -1.044076e+01 -9.922200e+00 -1.041769e+01 -9.950294e+00 -1.034083e+01 -9.967141e+00
<VARIANCE> 8
 8.289379e+01 7.378652e+01 9.502343e+01 7.276327e+01 1.001638e+02 7.262695e+01 9.893684e+01 7.601593e+01
<GCONST> 5.008066e+01
<STATE> 3
<MEAN> 8
 -5.451452e+00 -5.134885e+00 -7.395370e+00 -5.067879e+00 -7.214318e+00 -5.269707e+00 -7.557707e+00 -5.070453e+00
<VARIANCE> 8
 3.612616e+01 3.570475e+01 1.854376e+01 3.668392e+01 1.859056e+01 4.012037e+01 1.925923e+01 3.544626e+01
<GCONST> 4.152833e+01
<STATE> 4
<MEAN> 8
 -6.578459e+00 -1.138067e+01 -2.656010e+00 -1.075636e+01 -1.331331e+01 -8.576473e+00 -3.110880e+00 -1.191737e+01
<VARIANCE> 8
 4.740246e+01 1.798009e+01 4.401842e+00 8.005267e+01 4.598208e+01 1.048679e+01 5.857723e+01 1.144771e+01
<GCONST> 4.000217e+01
<STATE> 5
<MEAN> 8
 -6.621648e+00 -7.163410e+00 -1.130298e+01 -7.317309e+00 -1.061621e+01 -7.298386e+00 -1.085000e+01 -7.277983e+00
<VARIANCE> 8
 4.391529e+01 5.295701e+01 4.613536e+01 4.849984e+01 4.850756e+01 5.017574e+01 4.569540e+01 5.275248e+01
<GCONST> 4.575276e+01
<TRANSP> 6
 0.000000e+00 1.000000e+00 0.000000e+00 0.000000e+00 0.000000e+00 0.000000e+00
 0.000000e+00 8.659135e-01 1.340865e-01 0.000000e+00 0.000000e+00 0.000000e+00
 0.000000e+00 0.000000e+00 9.455082e-01 5.449177e-02 0.000000e+00 0.000000e+00
 0.000000e+00 0.000000e+00 0.000000e+00 0.000000e+00 1.000000e+00 0.000000e+00
 0.000000e+00 0.000000e+00 0.000000e+00 0.000000e+00 9.215213e-01 7.847874e-02
 0.000000e+00 0.000000e+00 0.000000e+00 0.000000e+00 0.000000e+00 0.000000e+00
<ENDHMM>
~h "d"
<BEGINHMM>
<NUMSTATES> 6
<STATE> 2
<MEAN> 8
 -6.267423e+00 -9.362611e+00 -7.526148e+00 -1.006949e+01 -7.186877e+00 -9.484787e+00 -6.911794e+00 -1.048486e+01
<VARIANCE> 8
 3.512815e+01 6.372392e+01 5.493156e+01 5.216254e+01 5.330432e+01 5.164668e+01 4.716183e+01 5.158009e+01
<GCONST> 4.609420e+01
<STATE> 3
<MEAN> 8
 -5.661335e+00 -8.742552e+00 -5.520753e+00 -8.782117e+00 -5.820951e+00 -8.737103e+00 -5.648540e+00 -8.791410e+00
<VARIANCE> 8
 2.966975e+01 1.771876e+01 2.987953e+01 1.830586e+01 3.192195e+01 1.755334e+01 3.074147e+01 1.721388e+01
<GCONST> 3.987203e+01
<STATE> 4
<MEAN> 8
 -3.048552e+00 -1.007485e+01 -1.443334e+01 -9.163104e+00 -5.451301e-01 -1.159670e+01 -4.036940e+00 -6.855608e+00
<VARIANCE> 8
 2.508631e+00 6.804683e+01 4.430254e+01 1.035217e+01 4.674596e+01 7.901302e+00 3.845608e+00 9.983099e+01
<GCONST> 3.783335e+01
<STATE> 5
<MEAN> 8
 -7.226777e+00 -1.052611e+01 -5.789821e+00 -1.040690e+01 -6.436078e+00 -1.064061e+01 -6.887441e+00 -1.047990e+01
<VARIANCE> 8
 5.405914e+01 2.021950e+01 3.605345e+01 2.681494e+01 3.221095e+01 3.143948e+01 4.653245e+01 2.241003e+01
<GCONST> 4.244373e+01
<TRANSP> 6
 0.000000e+00 1.000000e+00 0.000000e+00 0.000000e+00 0.000000e+00 0.000000e+00
 0.000000e+00 6.793733e-01 3.206266e-01 0.000000e+00 0.000000e+00 0.000000e+00
 0.000000e+00 0.000000e+00 9.572958e-01 4.270420e-02 0.000000e+00 0.000000e+00
 0.000000e+00 0.000000e+00 0.000000e+00 0.000000e+00 1.000000e+00 0.000000e+00
 0.000000e+00 0.000000e+00 0.000000e+00 0.000000e+00 8.685530e-01 1.314470e-01
 0.000000e+00 0.000000e+00 0.000000e+00 0.000000e+00 0.000000e+00 0.000000e+00
<ENDHMM>
~h "e"
<BEGINHMM>
<NUMSTATES> 6
<STATE> 2
<MEAN> 8
 -5.745228e+00 -5.827311e+00 -8.927958e+00 -5.885052e+00 -8.835459e+00 -5.949097e+00 -8.961204e+00 -5.950119e+00
<VARIANCE> 8
 4.043188e+01 4.555849e+01 2.601393e+01 4.641380e+01 2.671177e+01 4.685119e+01 2.679606e+01 4.619366e+01
<GCONST> 4.357104e+01
<STATE> 3
<MEAN> 8
 -9.055449e+00 -1.384306e+01 -9.624732e+00 -1.372018e+01 -1.020963e+01 -1.373464e+01 -9.683860e+00 -1.388695e+01
<VARIANCE> 8
 7.892680e+01 1.090472e+02 8.892016e+01 1.075470e+02 9.517009e+01 1.080894e+02 9.497820e+01 1.091882e+02
<GCONST> 5.141433e+01
<STATE> 4
<MEAN> 8
 -6.125266e+00 -8.620075e+00 -7.000618e+00 -1.027784e+01 -4.840880e+00 -9.084721e+00 -5.878925e+00 -8.108936e+00
<VARIANCE> 8
 1.081251e+01 2.177442e+01 9.497897e+01 1.805151e+01 5.561633e+01 3.495061e+01 1.145466e+01 2.478924e+01
<GCONST> 4.083256e+01
<STATE> 5
<MEAN> 8
 -6.229359e+00 -1.041005e+01 -5.033851e+00 -8.191093e+00 -6.961795e+00 -8.791326e+00 -7.275940e+00 -9.335603e+00
<VARIANCE> 8
 1.102091e+02 2.388204e+01 3.455635e+01 5.448079e+01 1.630821e+01 3.090343e+01 5.683722e+01 2.679138e+01
<GCONST> 4.366977e+01
<TRANSP> 6
 0.000000e+00 1.000000e+00 0.000000e+00 0.000000e+00 0.000000e+00 0.000000e+00
 0.000000e+00 9.345163e-01 6.548373e-02 0.000000e+00 0.000000e+00 0.000000e+00
 0.000000e+00 0.000000e+00 8.672053e-01 1.327948e-01 0.000000e+00 0.000000e+00
 0.000000e+00 0.000000e+00 0.000000e+00 6.630905e-01 3.369095e-01 0.000000e+00
 0.000000e+00 0.000000e+00 0.000000e+00 0.000000e+00 6.149376e-01 3.850624e-01
 0.000000e+00 0.000000e+00 0.000000e+00 0.000000e+00 0.000000e+00 0.000000e+00
<ENDHMM>
~h "f"
<BEGINHMM>
<NUMSTATES> 6
<STATE> 2
<MEAN> 8
 -7.428528e+00 -9.073999e+00 -1.110006e+01 -9.512584e+00 -4.407210e+00 -1.234925e+01 -5.405149e+00 -7.089719e+00
<VARIANCE> 8
 3.788828e+01 2.972438e+01 7.894097e+01 2.781195e+01 7.319200e+01 2.416757e+01 1.468801e+01 6.411724e+01
<GCONST> 4.374963e+01
<STATE> 3
<MEAN> 8
 -1.764129e+01 -8.823927e+00 5.019997e+00 -1.149941e+01 -5.324323e+00 3.825339e+00 -1.653632e+01 -8.483463e+00
<VARIANCE> 8
 5.535468e+01 7.633325e+00 1.529891e+01 5.668523e+00 3.167073e+00 5.719930e+01 3.647434e+01 7.316302e+00
<GCONST> 3.599807e+01
<STATE> 4
<MEAN> 8
 -6.261190e+00 -1.026264e+01 -5.645621e+00 -9.949215e+00 -8.549887e+00 -9.419637e+00 -9.555988e+00 -1.016450e+01
<VARIANCE> 8
 8.233064e+01 3.670200e+01 2.286230e+01 7.881728e+01 3.596213e+01 1.808466e+01 8.072034e+01 2.313518e+01
<GCONST> 4.422309e+01
<STATE> 5
<MEAN> 8
 -4.389833e+00 -8.804047e+00 -7.352244e+00 -7.605536e+00 -8.144105e+00 -8.919979e+00 -4.211802e+00 -9.177290e+00
<VARIANCE> 8
 3.558033e+01 5.540797e+01 4.508009e+01 3.121030e+01 7.753999e+01 2.872127e+01 4.945000e+01 4.238689e+01
<GCONST> 4.489495e+01
<TRANSP> 6
 0.000000e+00 1.000000e+00 0.000000e+00 0.000000e+00 0.000000e+00 0.000000e+00
 0.000000e+00 7.201003e-01 2.798997e-01 0.000000e+00 0.000000e+00 0.000000e+00
 0.000000e+00 0.000000e+00 0.000000e+00 1.000000e+00 0.000000e+00 0.000000e+00
 0.000000e+00 0.000000e+00 0.000000e+00 7.331299e-01 2.668700e-01 0.000000e+00
 0.000000e+00 0.000000e+00 0.000000e+00 0.000000e+00 7.326588e-01 2.673413e-01
 0.000000e+00 0.000000e+00 0.000000e+00 0.000000e+00 0.000000e+00 0.000000e+00
<ENDHMM>
~h "g"
<BEGINHMM>
<NUMSTATES> 6
<STATE> 2
<MEAN> 8
 -7.365970e+00 -1.330291e+01 -7.461105e+00 -1.328224e+01 -7.303104e+00 -1.331837e+01 -7.292348e+00 -1.337255e+01
<VARIANCE> 8
 3.695430e+01 6.007381e+01 3.527742e+01 5.854964e+01 3.553009e+01 6.005134e+01 3.593249e+01 6.161437e+01
<GCONST> 4.540951e+01
<STATE> 3
<MEAN> 8
 -1.027482e+01 -9.334664e+00 -5.568037e+00 -8.900608e+00 -2.397093e+00 -1.490334e+01 -1.423516e+01 -9.244382e+00
<VARIANCE> 8
 4.500359e+01 1.159875e+01 2.543824e+01 3.158788e+01 3.408408e+00 1.006267e+02 2.887412e+01 8.292624e+00
<GCONST> 3.896566e+01
<STATE> 4
<MEAN> 8
 -3.957558e+00 -1.231282e+01 -3.505200e+00 -1.396340e+01 -1.278021e+01 -1.049244e+01 -9.529680e-01 -1.170442e+01
<VARIANCE> 8
 3.674665e+01 1.376386e+01 5.712746e+00 1.052773e+02 3.416649e+01 1.162517e+01 3.911671e+01 1.181121e+01
<GCONST> 3.944843e+01
<STATE> 5
<MEAN> 8
 -5.085593e+00 -9.611489e+00 -5.144951e+00 -9.649695e+00 -5.036187e+00 -9.562850e+00 -5.154025e+00 -9.565187e+00
<VARIANCE> 8
 3.319189e+01 2.381315e+01 3.617115e+01 2.258088e+01 3.655790e+01 2.197103e+01 3.345300e+01 2.259571e+01
<GCONST> 4.139745e+01
<TRANSP> 6
 0.000000e+00 1.000000e+00 0.000000e+00 0.000000e+00 0.000000e+00 0.000000e+00
 0.000000e+00 9.612545e-01 3.874548e-02 0.000000e+00 0.000000e+00 0.000000e+00
 0.000000e+00 0.000000e+00 0.000000e+00 1.000000e+00 0.000000e+00 0.000000e+00
 0.000000e+00 0.000000e+00 0.000000e+00 2.462771e-03 9.975373e-01 0.000000e+00
 0.000000e+00 0.000000e+00 0.000000e+00 0.000000e+00 9.538461e-01 4.615390e-02
 0.000000e+00 0.000000e+00 0.000000e+00 0.000000e+00 0.000000e+00 0.000000e+00
<ENDHMM>
~h "h"
<BEGINHMM>
<NUMSTATES> 6
<STATE> 2
<MEAN> 8
 -5.119476e+00 -9.517872e+00 -5.149957e+00 -9.518392e+00 -4.951488e+00 -9.805808e+00 -5.377766e+00 -9.607334e+00
<VARIANCE> 8
 2.747761e+01 2.743902e+01 2.707078e+01 2.911618e+01 2.603544e+01 3.225460e+01 3.003638e+01 2.785542e+01
<GCONST> 4.146066e+01
<STATE> 3
<MEAN> 8
 -5.670258e+00 -1.189121e+01 -3.303988e+00 -1.437309e+01 -1.431087e+01 -9.776840e+00 -2.566638e+00 -1.222728e+01
<VARIANCE> 8
 2.309850e+01 1.823674e+01 6.499885e+00 1.001370e+02 2.898940e+01 1.610627e+01 2.612001e+01 8.995581e+00
<GCONST> 3.883012e+01
<STATE> 4
<MEAN> 8
 -4.244215e+00 -1.157322e+01 -1.152553e+01 -1.007571e+01 4.774748e-01 -1.060666e+01 -6.176508e+00 -6.927876e+00
<VARIANCE> 8
 6.369943e+00 1.225148e+02 3.107581e+01 1.632638e+01 3.235159e+01 1.017711e+01 8.206248e+00 7.635095e+01
<GCONST> 3.982909e+01
<STATE> 5
<MEAN> 8
 -7.560887e+00 -1.361528e+01 -7.334616e+00 -1.361980e+01 -7.598789e+00 -1.359895e+01 -7.568862e+00 -1.373838e+01
<VARIANCE> 8
 3.026999e+01 6.759178e+01 3.234423e+01 6.747316e+01 2.809566e+01 6.874078e+01 2.887609e+01 6.776783e+01
<GCONST> 4.515989e+01
<TRANSP> 6
 0.000000e+00 1.000000e+00 0.000000e+00 0.000000e+00 0.000000e+00 0.000000e+00
 0.000000e+00 9.390805e-01 6.091950e-02 0.000000e+00 0.000000e+00 0.000000e+00
 0.000000e+00 0.000000e+00 0.000000e+00 1.000000e+00 0.000000e+00 0.000000e+00
 0.000000e+00 0.000000e+00 0.000000e+00 0.000000e+00 1.000000e+00 0.000000e+00
 0.000000e+00 0.000000e+00 0.000000e+00 0.000000e+00 9.542357e-01 4.576433e-02
 0.000000e+00 0.000000e+00 0.000000e+00 0.000000e+00 0.000000e+00 0.000000e+00
<ENDHMM>
~h "i"
<BEGINHMM>
<NUMSTATES> 6
<STATE> 2
<MEAN> 8
 -8.893737e+00 -1.436917e+01 -9.027735e+00 -1.442784e+01 -9.190770e+00 -1.431164e+01 -9.071986e+00 -1.439269e+01
<VARIANCE> 8
 6.741999e+01 7.928168e+01 6.756949e+01 7.942695e+01 7.073184e+01 8.043188e+01 7.054617e+01 7.793711e+01
<GCONST> 4.913344e+01
<STATE> 3
<MEAN> 8
 -5.567313e+00 -5.829648e+00 -7.298341e+00 -5.730957e+00 -6.716573e+00 -6.166896e+00 -7.941464e+00 -5.451710e+00
<VARIANCE> 8
 3.611713e+01 3.529227e+01 2.642732e+01 3.748559e+01 2.847132e+01 4.354752e+01 2.393234e+01 3.488605e+01
<GCONST> 4.260187e+01
<STATE> 4
<MEAN> 8
 -4.972163e+00 -1.072891e+01 -3.005395e+00 -1.144294e+01 -1.546424e+01 -8.573613e+00 -4.093350e+00 -1.114341e+01
<VARIANCE> 8
 4.227407e+01 2.465875e+01 5.474882e+00 1.136335e+02 4.609641e+01 9.623907e+00 3.587775e+01 2.439023e+01
<GCONST> 4.095475e+01
<STATE> 5
<MEAN> 8
 -5.831359e+00 -1.008012e+01 -8.553987e+00 -9.850274e+00 -4.970587e+00 -9.535550e+00 -5.356618e+00 -1.028202e+01
<VARIANCE> 8
 3.110236e+01 5.664413e+01 8.577863e+01 1.749112e+01 3.000610e+01 3.151390e+01 2.238387e+01 4.696232e+01
<GCONST> 4.330007e+01
<TRANSP> 6
 0.000000e+00 1.000000e+00 0.000000e+00 0.000000e+00 0.000000e+00 0.000000e+00
 0.000000e+00 9.284728e-01 7.152719e-02 0.000000e+00 0.000000e+00 0.000000e+00
 0.000000e+00 0.000000e+00 8.616279e-01 1.383721e-01 0.000000e+00 0.000000e+00
 0.000000e+00 0.000000e+00 0.000000e+00 8.685697e-04 9.991314e-01 0.000000e+00
 0.000000e+00 0.000000e+00 0.000000e+00 0.000000e+00 6.701458e-01 3.298542e-01
 0.000000e+00 0.000000e+00 0.000000e+00 0.000000e+00 0.000000e+00 0.000000e+00
<ENDHMM>
~h "j"
<BEGINHMM>
<NUMSTATES> 6
<STATE> 2
<MEAN> 8
 -6.818349e+00 -1.158355e+01 -7.020874e+00 -1.161229e+01 -6.755679e+00 -1.156023e+01 -6.711286e+00 -1.160930e+01
<VARIANCE> 8
 3.849233e+01 3.771425e+01 4.054900e+01 3.629094e+01 4.244641e+01 3.668784e+01 3.946161e+01 3.959454e+01
<GCONST> 4.398230e+01
<STATE> 3
<MEAN> 8
 -1.376947e+01 -7.106145e+00 -8.442593e+00 -2.068926e+00 -2.839145e+00 -1.887771e+01 -1.042499e+01 -7.447837e+00
<VARIANCE> 8
 7.590315e+01 6.924669e+00 3.454511e+00 6.512765e+00 1.949328e+00 4.724828e+01 1.537627e+01 1.584696e+01
<GCONST> 3.409972e+01
<STATE> 4
<MEAN> 8
 -7.659640e+00 -9.228921e+00 -2.327752e+00 -1.441664e+01 -7.038509e+00 -8.318185e+00 -9.700511e+00 -1.044399e+01
<VARIANCE> 8
 2.320154e+01 2.585337e+01 2.238887e+01 2.813128e+01 2.514006e+01 2.718074e+01 5.224704e+01 1.316077e+01
<GCONST> 4.060532e+01
<STATE> 5
<MEAN> 8
 -5.484163e+00 -1.042624e+01 -5.813552e+00 -1.009800e+01 -5.872475e+00 -1.013159e+01 -5.537718e+00 -1.017424e+01
<VARIANCE> 8
 2.799164e+01 2.505991e+01 2.820108e+01 2.268664e+01 2.837094e+01 2.291651e+01 2.656112e+01 2.412183e+01
<GCONST> 4.065712e+01
<TRANSP> 6
 0.000000e+00 1.000000e+00 0.000000e+00 0.000000e+00 0.000000e+00 0.000000e+00
 0.000000e+00 9.735660e-01 2.643405e-02 0.000000e+00 0.000000e+00 0.000000e+00
 0.000000e+00 0.000000e+00 4.285880e-04 9.995714e-01 0.000000e+00 0.000000e+00
 0.000000e+00 0.000000e+00 0.000000e+00 6.749952e-01 3.250048e-01 0.000000e+00
 0.000000e+00 0.000000e+00 0.000000e+00 0.000000e+00 9.546905e-01 4.530953e-02
 0.000000e+00 0.000000e+00 0.000000e+00 0.000000e+00 0.000000e+00 0.000000e+00
<ENDHMM>
~h "k"
<BEGINHMM>
<NUMSTATES> 6
<STATE> 2
<MEAN> 8
 -7.690820e+00 -1.230741e+01 -7.604156e+00 -1.238549e+01 -7.665031e+00 -1.234773e+01 -7.609722e+00 -1.232038e+01
<VARIANCE> 8
 5.621862e+01 3.475687e+01 5.417336e+01 3.527422e+01 5.564584e+01 3.518228e+01 5.755605e+01 3.446880e+01
<GCONST> 4.500835e+01
<STATE> 3
<MEAN> 8
 -5.058136e+00 -8.156143e+00 -4.983108e+00 -8.109621e+00 -4.783594e+00 -8.272257e+00 -5.195417e+00 -8.096458e+00
<VARIANCE> 8
 2.935696e+01 1.871306e+01 2.965400e+01 1.932968e+01 3.044375e+01 2.101123e+01 3.185204e+01 1.922029e+01
<GCONST> 4.024101e+01
<STATE> 4
<MEAN> 8
 -7.711078e+00 -9.161960e+00 -2.676868e+00 -1.487479e+01 -1.669118e+01 -9.402187e+00 -5.298624e+00 -1.284132e+01
<VARIANCE> 8
 1.385576e+01 3.070714e+01 3.161090e+00 6.532388e+01 4.372946e+01 9.259614e+00 3.239639e+01 6.420815e+00
<GCONST> 3.742777e+01
<STATE> 5
<MEAN> 8
 -4.736986e+00 -1.101700e+01 -8.196733e+00 -1.045795e+01 -4.361824e+00 -9.721034e+00 -5.344338e+00 -9.782516e+00
<VARIANCE> 8
 2.579731e+01 5.242643e+01 1.006243e+02 1.605651e+01 3.230429e+01 2.408112e+01 1.277522e+01 4.233638e+01
<GCONST> 4.224999e+01
<TRANSP> 6
 0.000000e+00 1.000000e+00 0.000000e+00 0.000000e+00 0.000000e+00 0.000000e+00
 0.000000e+00 9.575690e-01 4.243105e-02 0.000000e+00 0.000000e+00 0.000000e+00
 0.000000e+00 0.000000e+00 9.565174e-01 4.348259e-02 0.000000e+00 0.000000e+00
 0.000000e+00 0.000000e+00 0.000000e+00 1.638026e-03 9.983619e-01 0.000000e+00
 0.000000e+00 0.000000e+00 0.000000e+00 0.000000e+00 6.405624e-01 3.594376e-01
 0.000000e+00 0.000000e+00 0.000000e+00 0.000000e+00 0.000000e+00 0.000000e+00
<ENDHMM>
~h "l"
<BEGINHMM>
<NUMSTATES> 6
<STATE> 2
<MEAN> 8
 -6.781018e+00 -1.090265e+01 -7.308787e+00 -1.064350e+01 -7.199728e+00 -1.056750e+01 -6.735329e+00 -1.130402e+01
<VARIANCE> 8
 6.798972e+01 5.451328e+01 5.957604e+01 4.816854e+01 5.660403e+01 4.553456e+01 6.470053e+01 5.479894e+01
<GCONST> 4.691077e+01
<STATE> 3
<MEAN> 8
 -1.147906e+01 -9.015800e+00 -6.947166e+00 -1.039160e+01 -3.290835e+00 -1.355595e+01 -1.652901e+01 -9.679652e+00
<VARIANCE> 8
 3.511124e+01 9.919758e+00 2.752937e+01 2.526798e+01 3.143272e+00 1.068105e+02 5.046611e+01 9.526155e+00
<GCONST> 3.909252e+01
<STATE> 4
<MEAN> 8
 -3.755874e+00 -1.223179e+01 -3.757817e+00 -9.209973e+00 -1.262422e+01 -9.918117e+00 6.941794e-01 -1.178962e+01
<VARIANCE> 8
 2.495285e+01 1.182124e+01 3.700836e+00 5.076955e+01 6.163306e+01 1.064585e+01 2.941798e+01 8.091402e+00
<GCONST> 3.758454e+01
<STATE> 5
<MEAN> 8
 -5.130271e+00 -8.656341e+00 -5.135934e+00 -9.025929e+00 -4.783575e+00 -8.971238e+00 -5.299465e+00 -8.494184e+00
<VARIANCE> 8
 3.489667e+01 3.242837e+01 4.301663e+01 3.401958e+01 4.415760e+01 3.655791e+01 3.383615e+01 3.432224e+01
<GCONST> 4.346695e+01
<TRANSP> 6
 0.000000e+00 1.000000e+00 0.000000e+00 0.000000e+00 0.000000e+00 0.000000e+00
 0.000000e+00 9.208193e-01 7.918066e-02 0.000000e+00 0.000000e+00 0.000000e+00
 0.000000e+00 0.000000e+00 0.000000e+00 1.000000e+00 0.000000e+00 0.000000e+00
 0.000000e+00 0.000000e+00 0.000000e+00 1.538509e-05 9.999846e-01 0.000000e+00
 0.000000e+00 0.000000e+00 0.000000e+00 0.000000e+00 9.370475e-01 6.295247e-02
 0.000000e+00 0.000000e+00 0.000000e+00 0.000000e+00 0.000000e+00 0.000000e+00
<ENDHMM>
~h "m"
<BEGINHMM>
<NUMSTATES> 6
<STATE> 2
<MEAN> 8
 -7.338203e+00 -6.793932e+00 -7.533748e+00 -9.105026e+00 -4.986540e+00 -9.268860e+00 -8.670843e+00 -9.819818e+00
<VARIANCE> 8
 5.112457e+01 3.192112e+01 2.303377e+01 3.032337e+01 2.099955e+01 5.605534e+01 8.433133e+01 3.992128e+01
<GCONST> 4.384193e+01
<STATE> 3
<MEAN> 8
 -3.983227e+00 -1.274221e+01 -2.919699e+00 -9.429042e+00 -1.414117e+01 -9.530712e+00 5.544883e-01 -1.193571e+01
<VARIANCE> 8
 1.670107e+01 7.167979e+00 4.621036e+00 4.758282e+01 4.229126e+01 1.018920e+01 1.540859e+01 6.990797e+00
<GCONST> 3.562663e+01
<STATE> 4
<MEAN> 8
 -4.695093e+00 -6.221890e+00 -9.140061e+00 -8.199788e+00 5.585699e-01 -9.555941e+00 -5.855388e+00 -3.977069e+00
<VARIANCE> 8
 7.831873e+00 2.507472e+01 4.771787e+01 1.445094e+01 6.191124e+01 1.880220e+01 1.012356e+01 3.761174e+01
<GCONST> 3.952100e+01
<STATE> 5
<MEAN> 8
 -7.941130e+00 -1.056671e+01 -5.589044e+00 -1.050482e+01 -7.139835e+00 -1.026457e+01 -7.861989e+00 -1.047741e+01
<VARIANCE> 8
 4.424562e+01 3.000209e+01 6.138316e+01 4.930956e+01 4.445370e+01 5.312205e+01 3.499340e+01 2.477312e+01
<GCONST> 4.444125e+01
<TRANSP> 6
 0.000000e+00 1.000000e+00 0.000000e+00 0.000000e+00 0.000000e+00 0.000000e+00
 0.000000e+00 5.628319e-01 4.371681e-01 0.000000e+00 0.000000e+00 0.000000e+00
 0.000000e+00 0.000000e+00 0.000000e+00 1.000000e+00 0.000000e+00 0.000000e+00
 0.000000e+00 0.000000e+00 0.000000e+00 3.368366e-01 6.631633e-01 0.000000e+00
 0.000000e+00 0.000000e+00 0.000000e+00 0.000000e+00 6.956955e-01 3.043045e-01
 0.000000e+00 0.000000e+00 0.000000e+00 0.000000e+00 0.000000e+00 0.000000e+00
<ENDHMM>
~h "n"
<BEGINHMM>
<NUMSTATES> 6
<STATE> 2
<MEAN> 8
 -5.785948e+00 -1.169926e+01 -6.963943e+00 -1.084753e+01 -7.164429e+00 -1.131303e+01 -6.198092e+00 -1.172939e+01
<VARIANCE> 8
 4.856394e+01 4.894771e+01 3.742606e+01 4.802239e+01 3.187261e+01 4.238997e+01 3.448829e+01 5.230019e+01
<GCONST> 4.467696e+01
<STATE> 3
<MEAN> 8
 -1.506024e+01 -8.984329e+00 -4.735537e+00 -1.295021e+01 -2.412827e+00 -1.174251e+01 -1.536308e+01 -9.572813e+00
<VARIANCE> 8
 2.888677e+01 8.633216e+00 1.883475e+01 6.528657e+00 2.943037e+00 5.321199e+01 3.783578e+01 8.132678e+00
<GCONST> 3.581680e+01
<STATE> 4
<MEAN> 8
 4.791922e-02 -1.241541e+01 -3.522870e+00 -7.160002e+00 -1.008534e+01 -8.921711e+00 4.377754e+00 -1.103943e+01
<VARIANCE> 8
 1.304822e+01 6.011434e+00 2.990867e+00 3.696916e+01 2.493577e+01 7.830890e+00 2.152154e+01 6.675071e+00
<GCONST> 3.401279e+01
<STATE> 5
<MEAN> 8
 -5.472859e+00 -8.545994e+00 -5.520987e+00 -9.094211e+00 -5.059056e+00 -8.969421e+00 -5.553051e+00 -8.838548e+00
<VARIANCE> 8
 2.968900e+01 2.598449e+01 3.713368e+01 2.430520e+01 4.269141e+01 2.774172e+01 3.331904e+01 2.725789e+01
<GCONST> 4.204492e+01
<TRANSP> 6
 0.000000e+00 1.000000e+00 0.000000e+00 0.000000e+00 0.000000e+00 0.000000e+00
 0.000000e+00 8.584925e-01 1.415075e-01 0.000000e+00 0.000000e+00 0.000000e+00
 0.000000e+00 0.000000e+00 0.000000e+00 1.000000e+00 0.000000e+00 0.000000e+00
 0.000000e+00 0.000000e+00 0.000000e+00 2.274310e-07 9.999998e-01 0.000000e+00
 0.000000e+00 0.000000e+00 0.000000e+00 0.000000e+00 9.231442e-01 7.685584e-02
 0.000000e+00 0.000000e+00 0.000000e+00 0.000000e+00 0.000000e+00 0.000000e+00
<ENDHMM>
~h "o"
<BEGINHMM>
<NUMSTATES> 6
<STATE> 2
<MEAN> 8
 -7.504337e+00 -1.004467e+01 -6.244463e+00 -1.123286e+01 -6.932852e+00 -9.055002e+00 -7.524377e+00 -1.063226e+01
<VARIANCE> 8
 4.517156e+01 5.948154e+01 8.271795e+01 4.882407e+01 4.000853e+01 4.423253e+01 3.664369e+01 3.074220e+01
<GCONST> 4.540824e+01
<STATE> 3
<MEAN> 8
 -4.681874e+00 -7.400614e+00 -4.707712e+00 -7.370102e+00 -4.890616e+00 -7.374323e+00 -4.814631e+00 -7.340734e+00
<VARIANCE> 8
 2.540570e+01 1.570316e+01 2.456979e+01 1.632813e+01 2.529121e+01 1.547178e+01 2.453574e+01 1.560145e+01
<GCONST> 3.860323e+01
<STATE> 4
<MEAN> 8
 -2.846303e+00 -1.192522e+01 -1.405320e+01 -8.626342e+00 -5.056307e+00 -1.137015e+01 -2.912596e+00 -1.176150e+01
<VARIANCE> 8
 2.523297e+00 8.931938e+01 3.149294e+01 8.114020e+00 4.198143e+01 1.497288e+01 4.697608e+00 9.798386e+01
<GCONST> 3.823948e+01
<STATE> 5
<MEAN> 8
 -7.075342e+00 -1.086527e+01 -6.619152e+00 -1.088824e+01 -6.780538e+00 -1.086680e+01 -6.875167e+00 -1.087420e+01
<VARIANCE> 8
 5.524324e+01 1.837406e+01 5.051403e+01 1.969441e+01 5.060215e+01 2.107668e+01 5.502797e+01 1.894423e+01
<GCONST> 4.244979e+01
<TRANSP> 6
 0.000000e+00 1.000000e+00 0.000000e+00 0.000000e+00 0.000000e+00 0.000000e+00
 0.000000e+00 5.119819e-01 4.880181e-01 0.000000e+00 0.000000e+00 0.000000e+00
 0.000000e+00 0.000000e+00 9.710037e-01 2.899635e-02 0.000000e+00 0.000000e+00
 0.000000e+00 0.000000e+00 0.000000e+00 0.000000e+00 1.000000e+00 0.000000e+00
 0.000000e+00 0.000000e+00 0.000000e+00 0.000000e+00 9.565651e-01 4.343493e-02
 0.000000e+00 0.000000e+00 0.000000e+00 0.000000e+00 0.000000e+00 0.000000e+00
<ENDHMM>
~h "p"
<BEGINHMM>
<NUMSTATES> 6
<STATE> 2
<MEAN> 8
 -7.459659e+00 -8.705106e+00 -1.167858e+01 -8.760839e+00 -1.175757e+01 -8.393967e+00 -1.172288e+01 -8.730974e+00
<VARIANCE> 8
 6.069469e+01 6.113809e+01 7.282341e+01 6.261928e+01 6.354852e+01 5.847042e+01 6.716847e+01 5.809781e+01
<GCONST> 4.783677e+01
<STATE> 3
<MEAN> 8
 -4.514862e+00 -5.018092e+00 -7.234921e+00 -4.897324e+00 -7.267351e+00 -5.004522e+00 -7.333085e+00 -4.735462e+00
<VARIANCE> 8
 3.417211e+01 2.842119e+01 2.178596e+01 2.950871e+01 2.131919e+01 2.882485e+01 2.033770e+01 2.750034e+01
<GCONST> 4.079503e+01
<STATE> 4
<MEAN> 8
 -7.153960e+00 -1.319669e+01 -6.846756e+00 -1.223284e+01 -7.187959e+00 -1.228637e+01 -6.659646e+00 -1.371814e+01
<VARIANCE> 8
 4.528967e+01 5.102748e+01 2.520848e+01 4.652235e+01 2.625229e+01 4.606340e+01 6.284617e+01 4.115948e+01
<GCONST> 4.447149e+01
<STATE> 5
<MEAN> 8
 -4.972353e+00 -7.897135e+00 -6.658258e+00 -8.786468e+00 -4.792485e+00 -1.034033e+01 -4.381818e+00 -8.086993e+00
<VARIANCE> 8
 1.667650e+01 3.735503e+01 3.013256e+01 2.670969e+01 8.210881e+01 3.900978e+01 3.405568e+01 5.315453e+01
<GCONST> 4.340117e+01
<TRANSP> 6
 0.000000e+00 1.000000e+00 0.000000e+00 0.000000e+00 0.000000e+00 0.000000e+00
 0.000000e+00 8.984330e-01 1.015670e-01 0.000000e+00 0.000000e+00 0.000000e+00
 0.000000e+00 0.000000e+00 9.308346e-01 6.916542e-02 0.000000e+00 0.000000e+00
 0.000000e+00 0.000000e+00 0.000000e+00 8.017085e-01 1.982915e-01 0.000000e+00
 0.000000e+00 0.000000e+00 0.000000e+00 0.000000e+00 5.122421e-01 4.877580e-01
 0.000000e+00 0.000000e+00 0.000000e+00 0.000000e+00 0.000000e+00 0.000000e+00
<ENDHMM>
~h "q"
<BEGINHMM>
<NUMSTATES> 6
<STATE> 2
<MEAN> 8
 -7.125185e+00 -7.665091e+00 -1.137454e+01 -7.725926e+00 -1.115392e+01 -7.863145e+00 -1.145597e+01 -7.722845e+00
<VARIANCE> 8
 4.644925e+01 5.388326e+01 3.357571e+01 5.376463e+01 3.524990e+01 5.683416e+01 3.562884e+01 5.458062e+01
<GCONST> 4.520205e+01
<STATE> 3
<MEAN> 8
 -3.885929e+00 -1.251022e+01 -3.547377e+00 -8.243663e+00 -8.984782e+00 -7.774749e+00 2.832266e-01 -1.121279e+01
<VARIANCE> 8
 2.401956e+01 7.456964e+00 8.850576e+00 2.661925e+01 2.176484e+01 1.421587e+01 3.266245e+01 8.644255e+00
<GCONST> 3.673093e+01
<STATE> 4
<MEAN> 8
 -3.323608e+00 -4.720263e+00 -3.550489e+00 -4.820802e+00 -3.375604e+00 -4.819325e+00 -3.515124e+00 -4.717645e+00
<VARIANCE> 8
 1.289469e+01 9.374430e+00 1.335136e+01 9.375666e+00 1.381374e+01 9.772237e+00 1.286796e+01 9.599390e+00
<GCONST> 3.404920e+01
<STATE> 5
<MEAN> 8
 -6.573215e+00 -1.242306e+01 -6.367215e+00 -1.244758e+01 -6.485456e+00 -1.237127e+01 -6.652683e+00 -1.238976e+01
<VARIANCE> 8
 3.076588e+01 4.484436e+01 3.140309e+01 4.439480e+01 3.175474e+01 4.581416e+01 3.436517e+01 4.473348e+01
<GCONST> 4.379305e+01
<TRANSP> 6
 0.000000e+00 1.000000e+00 0.000000e+00 0.000000e+00 0.000000e+00 0.000000e+00
 0.000000e+00 9.493885e-01 5.061151e-02 0.000000e+00 0.000000e+00 0.000000e+00
 0.000000e+00 0.000000e+00 5.823341e-03 9.941767e-01 0.000000e+00 0.000000e+00
 0.000000e+00 0.000000e+00 0.000000e+00 9.706270e-01 2.937306e-02 0.000000e+00
 0.000000e+00 0.000000e+00 0.000000e+00 0.000000e+00 9.464588e-01 5.354121e-02
 0.000000e+00 0.000000e+00 0.000000e+00 0.000000e+00 0.000000e+00 0.000000e+00
<ENDHMM>
~h "r"
<BEGINHMM>
<NUMSTATES> 6
<STATE> 2
<MEAN> 8
 -7.646714e+00 -8.509479e+00 -9.047794e+00 -9.075639e+00 -8.454955e+00 -8.950733e+00 -9.506354e+00 -9.442500e+00
<VARIANCE> 8
 7.253349e+01 4.440641e+01 6.474557e+01 3.987382e+01 6.623763e+01 4.408008e+01 8.809827e+01 3.942662e+01
<GCONST> 4.676879e+01
<STATE> 3
<MEAN> 8
 -4.381918e+00 -1.308068e+01 -3.032907e+00 -9.164199e+00 -1.800751e+01 -9.913298e+00 6.851108e-01 -1.241953e+01
<VARIANCE> 8
 1.288939e+01 6.567093e+00 3.697380e+00 3.670123e+01 5.310003e+01 9.991127e+00 9.602581e+00 6.058748e+00
<GCONST> 3.438934e+01
<STATE> 4
<MEAN> 8
 -4.142607e+00 -4.442804e+00 -1.178790e+01 -9.534165e+00 5.729600e+00 -1.080657e+01 -5.632011e+00 3.537884e-01
<VARIANCE> 8
 2.991524e+00 2.311489e+01 3.468662e+01 9.573969e+00 1.327043e+01 5.773103e+00 3.727380e+00 2.884065e+01
<GCONST> 3.376092e+01
<STATE> 5
<MEAN> 8
 -6.593037e+00 -9.025715e+00 -6.172829e+00 -8.804317e+00 -6.378233e+00 -8.952026e+00 -6.507789e+00 -8.955049e+00
<VARIANCE> 8
 5.661819e+01 1.955431e+01 6.032571e+01 2.282156e+01 5.113816e+01 2.458167e+01 5.080346e+01 1.941158e+01
<GCONST> 4.297037e+01
<TRANSP> 6
 0.000000e+00 1.000000e+00 0.000000e+00 0.000000e+00 0.000000e+00 0.000000e+00
 0.000000e+00 8.810360e-01 1.189640e-01 0.000000e+00 0.000000e+00 0.000000e+00
 0.000000e+00 0.000000e+00 0.000000e+00 1.000000e+00 0.000000e+00 0.000000e+00
 0.000000e+00 0.000000e+00 0.000000e+00 3.382202e-07 9.999997e-01 0.000000e+00
 0.000000e+00 0.000000e+00 0.000000e+00 0.000000e+00 9.457588e-01 5.424128e-02
 0.000000e+00 0.000000e+00 0.000000e+00 0.000000e+00 0.000000e+00 0.000000e+00
<ENDHMM>
~h "s"
<BEGINHMM>
<NUMSTATES> 6
<STATE> 2
<MEAN> 8
 -6.930266e+00 -1.204343e+01 -7.414504e+00 -1.170712e+01 -7.423574e+00 -1.195722e+01 -7.144678e+00 -1.188187e+01
<VARIANCE> 8
 4.546071e+01 4.170865e+01 4.253746e+01 4.305041e+01 3.985598e+01 4.044912e+01 3.966461e+01 4.241882e+01
<GCONST> 4.457670e+01
<STATE> 3
<MEAN> 8
 -1.363388e+01 -8.939187e+00 -3.653319e+00 -1.277176e+01 -2.935619e+00 -8.847544e+00 -1.379214e+01 -8.857493e+00
<VARIANCE> 8
 3.287511e+01 9.824402e+00 2.338411e+01 8.244752e+00 3.629471e+00 5.542624e+01 3.632969e+01 8.355067e+00
<GCONST> 3.676188e+01
<STATE> 4
<MEAN> 8
 -1.068863e-01 -1.134676e+01 -3.809992e+00 -6.672946e+00 -9.892406e+00 -7.974360e+00 3.069847e+00 -1.082800e+01
<VARIANCE> 8
 1.929167e+01 1.615062e+01 2.789503e+00 5.816436e+01 1.886725e+01 8.641583e+00 4.947318e+01 8.864551e+00
<GCONST> 3.671129e+01
<STATE> 5
<MEAN> 8
 -5.552173e+00 -8.091007e+00 -5.642427e+00 -8.615942e+00 -5.090306e+00 -8.626879e+00 -5.496523e+00 -8.559224e+00
<VARIANCE> 8
 2.471979e+01 3.084426e+01 3.010789e+01 2.675628e+01 3.361616e+01 3.102267e+01 2.722097e+01 3.224120e+01
<GCONST> 4.175809e+01
<TRANSP> 6
 0.000000e+00 1.000000e+00 0.000000e+00 0.000000e+00 0.000000e+00 0.000000e+00
 0.000000e+00 9.342541e-01 6.574592e-02 0.000000e+00 0.000000e+00 0.000000e+00
 0.000000e+00 0.000000e+00 0.000000e+00 1.000000e+00 0.000000e+00 0.000000e+00
 0.000000e+00 0.000000e+00 0.000000e+00 1.084078e-04 9.998916e-01 0.000000e+00
 0.000000e+00 0.000000e+00 0.000000e+00 0.000000e+00 9.192889e-01 8.071107e-02
 0.000000e+00 0.000000e+00 0.000000e+00 0.000000e+00 0.000000e+00 0.000000e+00
<ENDHMM>
~h "t"
<BEGINHMM>
<NUMSTATES> 6
<STATE> 2
<MEAN> 8
 -5.829900e+00 -1.067301e+01 -7.102553e+00 -1.001744e+01 -7.364159e+00 -1.011859e+01 -6.036874e+00 -1.118500e+01
<VARIANCE> 8
 5.282007e+01 5.216010e+01 4.343504e+01 4.754424e+01 3.671622e+01 4.361526e+01 4.411269e+01 5.077861e+01
<GCONST> 4.535000e+01
<STATE> 3
<MEAN> 8
 -1.311810e+01 -8.218054e+00 -6.657640e+00 -1.246814e+01 -2.372027e+00 -1.264603e+01 -1.554352e+01 -9.018519e+00
<VARIANCE> 8
 3.076223e+01 1.026799e+01 2.411045e+01 1.208289e+01 4.148074e+00 6.913698e+01 3.639703e+01 1.026289e+01
<GCONST> 3.771452e+01
<STATE> 4
<MEAN> 8
 -1.874557e+00 -1.264410e+01 -3.210259e+00 -8.050240e+00 -1.041998e+01 -8.646133e+00 2.317263e+00 -1.153605e+01
<VARIANCE> 8
 1.795612e+01 7.781861e+00 4.414248e+00 4.427174e+01 3.227511e+01 1.080808e+01 2.729073e+01 7.176274e+00
<GCONST> 3.604984e+01
<STATE> 5
<MEAN> 8
 -4.477711e+00 -6.788964e+00 -4.811170e+00 -7.498742e+00 -3.673015e+00 -7.662772e+00 -4.792855e+00 -7.031425e+00
<VARIANCE> 8
 3.100743e+01 2.756977e+01 4.064386e+01 2.599946e+01 4.700922e+01 3.098477e+01 3.327708e+01 3.237255e+01
<GCONST> 4.268290e+01
<TRANSP> 6
 0.000000e+00 1.000000e+00 0.000000e+00 0.000000e+00 0.000000e+00 0.000000e+00
 0.000000e+00 8.439346e-01 1.560654e-01 0.000000e+00 0.000000e+00 0.000000e+00
 0.000000e+00 0.000000e+00 0.000000e+00 1.000000e+00 0.000000e+00 0.000000e+00
 0.000000e+00 0.000000e+00 0.000000e+00 0.000000e+00 1.000000e+00 0.000000e+00
 0.000000e+00 0.000000e+00 0.000000e+00 0.000000e+00 8.528690e-01 1.471311e-01
 0.000000e+00 0.000000e+00 0.000000e+00 0.000000e+00 0.000000e+00 0.000000e+00
<ENDHMM>
~h "u"
<BEGINHMM>
<NUMSTATES> 6
<STATE> 2
<MEAN> 8
 -4.212066e+00 -4.338221e+00 -4.873740e+00 -4.139833e+00 -4.809577e+00 -4.398555e+00 -4.767313e+00 -4.161295e+00
<VARIANCE> 8
 7.032845e+01 1.164267e+02 7.024519e+01 1.179452e+02 7.691180e+01 1.179250e+02 7.232810e+01 1.182663e+02
<GCONST> 5.090253e+01
<STATE> 3
<MEAN> 8
 -6.594416e+00 -8.322474e+00 -6.086028e+00 -8.600404e+00 -5.243161e+00 -8.841349e+00 -7.677575e+00 -8.743154e+00
<VARIANCE> 8
 4.395543e+01 2.066493e+01 2.365818e+01 2.201519e+01 2.373086e+01 2.740133e+01 6.901971e+01 1.678337e+01
<GCONST> 4.130222e+01
<STATE> 4
<MEAN> 8
 -4.672234e+00 -1.251853e+01 -3.401067e+00 -9.210456e+00 -1.915479e+01 -1.009729e+01 -4.314147e-01 -1.186560e+01
<VARIANCE> 8
 2.802692e+01 7.953146e+00 2.655946e+00 6.651036e+01 5.229630e+01 9.643713e+00 2.908774e+01 1.059734e+01
<GCONST> 3.723806e+01
<STATE> 5
<MEAN> 8
 -6.047684e+00 -8.304789e+00 -8.420951e+00 -9.755732e+00 -4.802154e+00 -8.843608e+00 -6.040919e+00 -8.401361e+00
<VARIANCE> 8
 1.555020e+01 3.629835e+01 1.147869e+02 1.831485e+01 6.287743e+01 2.775599e+01 9.543057e+00 3.561734e+01
<GCONST> 4.198294e+01
<TRANSP> 6
 0.000000e+00 1.000000e+00 0.000000e+00 0.000000e+00 0.000000e+00 0.000000e+00
 0.000000e+00 8.767766e-01 1.232234e-01 0.000000e+00 0.000000e+00 0.000000e+00
 0.000000e+00 0.000000e+00 7.995046e-01 2.004954e-01 0.000000e+00 0.000000e+00
 0.000000e+00 0.000000e+00 0.000000e+00 2.026484e-06 9.999980e-01 0.000000e+00
 0.000000e+00 0.000000e+00 0.000000e+00 0.000000e+00 7.371529e-01 2.628470e-01
 0.000000e+00 0.000000e+00 0.000000e+00 0.000000e+00 0.000000e+00 0.000000e+00
<ENDHMM>
~h "v"
<BEGINHMM>
<NUMSTATES> 6
<STATE> 2
<MEAN> 8
 -9.823534e+00 -1.048773e+01 -6.230634e+00 -1.128783e+01 -6.387258e+00 -8.560640e+00 -7.566193e+00 -9.844575e+00
<VARIANCE> 8
 8.135335e+01 4.201880e+01 1.122707e+02 3.624238e+01 3.729655e+01 5.063330e+01 4.203551e+01 2.860181e+01
<GCONST> 4.578657e+01
<STATE> 3
<MEAN> 8
 -5.026624e+00 -5.305599e+00 -7.831471e+00 -5.075161e+00 -7.904140e+00 -5.347970e+00 -7.875898e+00 -5.094418e+00
<VARIANCE> 8
 4.757504e+01 3.053682e+01 2.149737e+01 3.090018e+01 2.167765e+01 3.100746e+01 2.178558e+01 3.053052e+01
<GCONST> 4.149344e+01
<STATE> 4
<MEAN> 8
 -2.743924e+00 -2.297766e+00 -2.977585e+00 -2.114366e+00 -2.911017e+00 -2.218406e+00 -3.007260e+00 -2.378111e+00
<VARIANCE> 8
 1.224482e+02 2.203281e+02 1.242445e+02 2.176296e+02 1.238501e+02 2.181402e+02 1.292292e+02 2.208468e+02
<GCONST> 5.557414e+01
<STATE> 5
<MEAN> 8
 -7.277491e+00 -9.870712e+00 -7.066262e+00 -9.825745e+00 -7.274335e+00 -9.864703e+00 -7.116627e+00 -9.872026e+00
<VARIANCE> 8
 7.239818e+01 2.379208e+01 6.511806e+01 2.477308e+01 7.087845e+01 2.484800e+01 7.988470e+01 2.356397e+01
<GCONST> 4.455455e+01
<TRANSP> 6
 0.000000e+00 1.000000e+00 0.000000e+00 0.000000e+00 0.000000e+00 0.000000e+00
 0.000000e+00 5.390936e-01 4.609064e-01 0.000000e+00 0.000000e+00 0.000000e+00
 0.000000e+00 0.000000e+00 9.275487e-01 7.245135e-02 0.000000e+00 0.000000e+00
 0.000000e+00 0.000000e+00 0.000000e+00 9.188014e-01 8.119863e-02 0.000000e+00
 0.000000e+00 0.000000e+00 0.000000e+00 0.000000e+00 9.363922e-01 6.360782e-02
 0.000000e+00 0.000000e+00 0.000000e+00 0.000000e+00 0.000000e+00 0.000000e+00
<ENDHMM>
~h "w"
<BEGINHMM>
<NUMSTATES> 6
<STATE> 2
<MEAN> 8
 -3.990787e+00 -4.093081e+00 -4.325192e+00 -4.246940e+00 -4.068979e+00 -4.216527e+00 -4.048622e+00 -4.303736e+00
<VARIANCE> 8
 4.831534e+01 7.446078e+01 4.976777e+01 7.463210e+01 5.116950e+01 7.471992e+01 4.931617e+01 7.615534e+01
<GCONST> 4.759089e+01
<STATE> 3
<MEAN> 8
 -9.283854e+00 -1.371620e+01 -9.193686e+00 -1.367582e+01 -1.003772e+01 -1.382237e+01 -9.298094e+00 -1.382509e+01
<VARIANCE> 8
 6.973747e+01 4.959598e+01 6.958265e+01 5.301290e+01 7.962785e+01 5.157186e+01 8.009179e+01 4.860600e+01
<GCONST> 4.765198e+01
<STATE> 4
<MEAN> 8
 -4.046578e+00 -6.278815e+00 -1.732542e+01 -1.050881e+01 3.029521e+00 -1.136015e+01 -5.257724e+00 -2.550220e+00
<VARIANCE> 8
 2.895720e+00 4.793542e+01 5.560867e+01 1.071356e+01 2.132146e+01 6.634874e+00 3.765628e+00 4.673354e+01
<GCONST> 3.614839e+01
<STATE> 5
<MEAN> 8
 -7.254910e+00 -1.012729e+01 -6.523083e+00 -9.956264e+00 -6.960425e+00 -9.888539e+00 -7.096417e+00 -1.011918e+01
<VARIANCE> 8
 6.205254e+01 2.226235e+01 6.013237e+01 2.372431e+01 5.191459e+01 2.532199e+01 5.615723e+01 2.197094e+01
<GCONST> 4.349609e+01
<TRANSP> 6
 0.000000e+00 1.000000e+00 0.000000e+00 0.000000e+00 0.000000e+00 0.000000e+00
 0.000000e+00 9.216751e-01 7.832484e-02 0.000000e+00 0.000000e+00 0.000000e+00
 0.000000e+00 0.000000e+00 9.224620e-01 7.753795e-02 0.000000e+00 0.000000e+00
 0.000000e+00 0.000000e+00 0.000000e+00 0.000000e+00 1.000000e+00 0.000000e+00
 0.000000e+00 0.000000e+00 0.000000e+00 0.000000e+00 9.452798e-01 5.472018e-02
 0.000000e+00 0.000000e+00 0.000000e+00 0.000000e+00 0.000000e+00 0.000000e+00
<ENDHMM>
~h "x"
<BEGINHMM>
<NUMSTATES> 6
<STATE> 2
<MEAN> 8
 -6.119670e+00 -1.057720e+01 -6.113155e+00 -1.036461e+01 -6.291215e+00 -1.045565e+01 -5.997199e+00 -1.050298e+01
<VARIANCE> 8
 4.077370e+01 1.789052e+01 3.572968e+01 1.927593e+01 3.523577e+01 1.749170e+01 4.150491e+01 1.847207e+01
<GCONST> 4.089602e+01
<STATE> 3
<MEAN> 8
 -4.200833e+00 -6.090063e+00 -4.390807e+00 -6.425919e+00 -4.251421e+00 -6.108988e+00 -4.087872e+00 -6.457265e+00
<VARIANCE> 8
 1.517081e+01 1.530757e+01 1.654645e+01 1.400688e+01 1.589364e+01 1.446762e+01 1.528999e+01 1.615197e+01
<GCONST> 3.654353e+01
<STATE> 4
<MEAN> 8
 -1.020062e+01 -9.542864e+00 -7.704257e+00 -1.152699e+01 -3.104390e+00 -1.381286e+01 -1.528950e+01 -1.045133e+01
<VARIANCE> 8
 1.621872e+01 1.780584e+01 1.904109e+01 2.018023e+01 7.470766e+00 4.706554e+01 3.296594e+01 1.187181e+01
<GCONST> 3.815219e+01
<STATE> 5
<MEAN> 8
 -5.229360e+00 -9.723016e+00 -5.720536e+00 -9.230474e+00 -6.224027e+00 -1.005041e+01 -4.525809e+00 -8.448408e+00
<VARIANCE> 8
 1.495959e+01 1.806886e+01 3.950628e+01 3.219452e+01 8.762799e+01 1.564857e+01 2.290068e+01 2.381392e+01
<GCONST> 4.097573e+01
<TRANSP> 6
 0.000000e+00 1.000000e+00 0.000000e+00 0.000000e+00 0.000000e+00 0.000000e+00
 0.000000e+00 9.544615e-01 4.553854e-02 0.000000e+00 0.000000e+00 0.000000e+00
 0.000000e+00 0.000000e+00 9.380173e-01 6.198273e-02 0.000000e+00 0.000000e+00
 0.000000e+00 0.000000e+00 0.000000e+00 4.764336e-02 9.523566e-01 0.000000e+00
 0.000000e+00 0.000000e+00 0.000000e+00 0.000000e+00 7.168545e-01 2.831455e-01
 0.000000e+00 0.000000e+00 0.000000e+00 0.000000e+00 0.000000e+00 0.000000e+00
<ENDHMM>
~h "y"
<BEGINHMM>
<NUMSTATES> 6
<STATE> 2
<MEAN> 8
 -4.037205e+00 -7.695411e+00 -4.154025e+00 -7.363543e+00 -4.545182e+00 -7.329251e+00 -4.138264e+00 -7.498049e+00
<VARIANCE> 8
 4.145689e+01 3.741954e+01 3.980706e+01 4.085929e+01 4.132900e+01 3.569307e+01 4.228160e+01 3.456264e+01
<GCONST> 4.402768e+01
<STATE> 3
<MEAN> 8
 -6.756651e+00 -6.804857e+00 -7.689794e+00 -8.024109e+00 -2.233728e+00 -1.151703e+01 -4.460986e+00 -7.283904e+00
<VARIANCE> 8
 3.746966e+01 5.333489e+01 2.900299e+01 1.599335e+01 4.804412e+01 3.678748e+01 2.526598e+01 9.013805e+01
<GCONST> 4.365079e+01
<STATE> 4
<MEAN> 8
 -9.101147e+00 -7.665184e+00 6.416616e+00 -1.064959e+01 -4.626234e+00 5.020157e+00 -1.538045e+01 -7.293989e+00
<VARIANCE> 8
 1.940644e+01 6.375015e+00 3.052964e+01 6.825131e+00 3.651989e+00 7.446943e+01 3.994325e+01 6.858124e+00
<GCONST> 3.607887e+01
<STATE> 5
<MEAN> 8
 -5.538393e+00 -9.503245e+00 -5.938773e+00 -9.792995e+00 -7.028544e+00 -9.296757e+00 -6.240005e+00 -9.422255e+00
<VARIANCE> 8
 5.726158e+01 2.652795e+01 5.062078e+01 4.743088e+01 5.517935e+01 2.174331e+01 5.366052e+01 2.210005e+01
<GCONST> 4.398064e+01
<TRANSP> 6
 0.000000e+00 1.000000e+00 0.000000e+00 0.000000e+00 0.000000e+00 0.000000e+00
 0.000000e+00 9.574164e-01 4.258354e-02 0.000000e+00 0.000000e+00 0.000000e+00
 0.000000e+00 0.000000e+00 7.592598e-01 2.407402e-01 0.000000e+00 0.000000e+00
 0.000000e+00 0.000000e+00 0.000000e+00 0.000000e+00 1.000000e+00 0.000000e+00
 0.000000e+00 0.000000e+00 0.000000e+00 0.000000e+00 8.991674e-01 1.008327e-01
 0.000000e+00 0.000000e+00 0.000000e+00 0.000000e+00 0.000000e+00 0.000000e+00
<ENDHMM>
~h "z"
<BEGINHMM>
<NUMSTATES> 6
<STATE> 2
<MEAN> 8
 -4.913456e+00 -9.913457e+00 -3.391551e+00 -9.496722e+00 -6.358794e+00 -8.162107e+00 -8.157882e+00 -7.746483e+00
<VARIANCE> 8
 7.559376e+01 1.142419e+01 3.250787e+01 9.320676e+01 2.198548e+01 8.008089e+01 2.470157e+01 1.815936e+01
<GCONST> 4.305990e+01
<STATE> 3
<MEAN> 8
 -5.159382e+00 -1.356303e+01 -6.292300e+00 -9.810714e+00 -7.460341e+00 -1.009273e+01 -3.390584e+00 -1.184299e+01
<VARIANCE> 8
 4.955828e+01 5.017958e+01 1.523141e+01 3.696476e+01 1.881177e+01 1.823629e+01 5.301414e+01 2.520979e+01
<GCONST> 4.189079e+01
<STATE> 4
<MEAN> 8
 -5.385916e+00 -1.359352e+00 -8.934559e+00 -8.046942e+00 -7.561748e+00 -3.526919e+00 -3.015794e+00 -1.510206e+01
<VARIANCE> 8
 4.331972e+00 5.512893e+01 2.350584e+01 3.661304e+00 5.994028e+00 1.618067e+01 5.297476e+00 3.826483e+01
<GCONST> 3.452013e+01
<STATE> 5
<MEAN> 8
 -5.803867e+00 -8.897441e+00 -5.723946e+00 -8.888427e+00 -5.693151e+00 -8.952741e+00 -5.845774e+00 -8.815877e+00
<VARIANCE> 8
 3.553072e+01 2.332817e+01 3.529327e+01 2.395309e+01 3.743223e+01 2.439441e+01 3.740495e+01 2.422798e+01
<GCONST> 4.178906e+01
<TRANSP> 6
 0.000000e+00 1.000000e+00 0.000000e+00 0.000000e+00 0.000000e+00 0.000000e+00
 0.000000e+00 6.979614e-01 3.020386e-01 0.000000e+00 0.000000e+00 0.000000e+00
 0.000000e+00 0.000000e+00 7.442259e-01 2.557741e-01 0.000000e+00 0.000000e+00
 0.000000e+00 0.000000e+00 0.000000e+00 1.699463e-02 9.830053e-01 0.000000e+00
 0.000000e+00 0.000000e+00 0.000000e+00 0.000000e+00 9.856467e-01 1.435327e-02
 0.000000e+00 0.000000e+00 0.000000e+00 0.000000e+00 0.000000e+00 0.000000e+00
<ENDHMM>
~h "sil"
<BEGINHMM>
<NUMSTATES> 6
<STATE> 2
<MEAN> 8
 -5.262858e+00 -8.318139e+00 -5.624328e+00 -8.617026e+00 -5.797662e+00 -7.920812e+00 -5.935036e+00 -8.447882e+00
<VARIANCE> 8
 9.908834e+01 1.998808e+02 1.090881e+02 1.980845e+02 1.067424e+02 1.954990e+02 1.080873e+02 1.926267e+02
<GCONST> 5.446727e+01
<STATE> 3
<MEAN> 8
 -4.639901e+00 -6.370665e+00 -7.191916e+00 -5.932224e+00 -7.280078e+00 -6.197964e+00 -7.113310e+00 -6.104082e+00
<VARIANCE> 8
 4.548592e+01 3.219239e+01 3.316321e+01 3.809544e+01 3.343682e+01 3.194480e+01 3.627956e+01 2.891083e+01
<GCONST> 4.306282e+01
<STATE> 4
<MEAN> 8
 -4.276867e+00 -1.058143e+01 -9.465822e+00 -8.410235e+00 -7.065753e+00 -1.022315e+01 -4.849122e+00 -1.256839e+01
<VARIANCE> 8
 1.226895e+01 1.590787e+02 3.539776e+01 3.793609e+01 7.431243e+01 3.264626e+01 1.467249e+01 1.609886e+02
<GCONST> 4.504335e+01
<STATE> 5
<MEAN> 8
 -6.910492e+00 -1.218261e+01 -6.542467e+00 -1.237063e+01 -6.588840e+00 -1.229630e+01 -6.700871e+00 -1.216844e+01
<VARIANCE> 8
 4.611049e+01 5.071779e+01 4.692448e+01 5.284010e+01 4.716153e+01 5.789481e+01 4.972726e+01 5.247513e+01
<GCONST> 4.605524e+01
<TRANSP> 6
 0.000000e+00 1.000000e+00 0.000000e+00 0.000000e+00 0.000000e+00 0.000000e+00
 0.000000e+00 8.947871e-01 1.052129e-01 0.000000e+00 0.000000e+00 0.000000e+00
 0.000000e+00 0.000000e+00 9.079625e-01 9.203753e-02 0.000000e+00 0.000000e+00
 0.000000e+00 0.000000e+00 0.000000e+00 2.926413e-05 9.999708e-01 0.000000e+00
 0.000000e+00 0.000000e+00 0.000000e+00 0.000000e+00 9.329759e-01 6.702416e-02
 0.000000e+00 0.000000e+00 0.000000e+00 0.000000e+00 0.000000e+00 0.000000e+00
<ENDHMM>
