   1            "_" 84685  92599.062500
   2            "a" 2822  9572.159180 4489.555664 3160.969727
   3            "i"  394  1455.736328 986.997192 798.510620
   4        "u-r+a"  265  640.824097 434.192963 432.691193
   5        "u-r+b"  161  345.640320 285.780640 120.050110
   6        "u-r+f"   84  209.187332  79.974045 106.412155
   7        "u-r+g"   75  196.562637 107.086609  76.683174
   8        "u-r+i"   92  345.090851 135.549500  63.282703
   9        "u-r+n"   83  179.428497  61.901619  96.038902
  10        "u-r+t"  170  387.959198 204.116653 200.260101
  11        "u-r+y"  164  381.900482 158.180405 106.723434
  12        "u-s+e"  329  841.247681 365.604492 424.291016
  13        "u-s+t"  689  1388.608521 933.228027 963.176697
  14        "h-y+s"   78  177.341660 107.356392 190.536560
  15        "u-t+i"  256  577.685425 160.780548 156.208023
  16        "u-t+t"   83  171.631393  33.041603  38.970940
  17        "k-e+d"  166  413.627167  97.877167  98.045036
  18        "k-e+e"   83  155.338409  65.372917  81.774734
  19        "k-e+n"  338  850.375916 249.477875 394.148956
  20        "k-e+r"   86  269.105469  26.004021  20.994783
  21        "k-e+s"  406  847.318115 311.720551 423.410675
  22        "k-e+t"  338  583.348450 214.748688 122.561943
  23        "k-e+u"   76  203.366547  67.645775  82.065941
  24        "x-a+m"   82  240.247696  99.535980  69.737892
  25        "x-a+s"   89  275.073761 183.150513 174.299286
  26        "x-a+t"   83  241.593567 135.203613  94.104698
  27        "x-c+e"  168  630.482910 315.186646 305.798096
  28        "x-c+h"  167  521.030457 235.437561 193.865707
  29        "x-c+i"  173  712.501770 184.790359 190.130203
  30        "k-i+d"   87  210.316452 134.459534 131.414780
  31        "k-i+e"  161  271.452423 240.689438 232.766235
  32        "k-i+l"   81  293.699524  92.103729 188.257065
  33        "k-i+m"   78  153.220551 181.114166 122.439072
  34        "k-i+n"  584  1029.264648 625.944336 514.242065
  35        "k-i+s"   90  202.450333 132.677689 190.143082
  36        "x-e+r"   84  222.763062 162.857758 167.349503
  37        "k-l+e"   78  231.843491  61.927662  62.698723
  38        "k-l+y"   87  176.329651  48.754501  42.391415
  39        "k-n+e"   83  238.281830 142.557220 127.141876
  40        "k-n+o"   73  167.208252 116.136917  53.938099
  41        "x-i+m"   84  227.027130  96.191521 142.750610
  42        "a-b+i"   86  233.288940 148.152451  57.195255
  43        "a-b+l"  257  662.058777 177.807678 175.150482
  44        "a-b+o"  258  703.538086 563.934204 337.635986
  45        "a-c+c"  589  1329.198242 718.941956 685.379272
  46        "a-c+e"  329  856.798828 653.171387 331.356995
  47        "a-c+h"  348  853.711853 540.678162 363.276306
  48        "a-c+k"  334  850.885498 323.842834 326.922241
  49        "a-c+t"  339  927.477173 533.268066 347.543091
  50        "a-c+y"   86  210.677795  42.022705  54.484497
  51        "a-d+a"   80  231.930908  63.253506  52.638145
  52        "a-d+d"  166  409.863892 223.529373 132.762848
  53        "a-d+e"  170  486.603790 131.615753 217.918396
  54        "a-d+u"   85  223.209946 123.917290  67.733910
  55        "x-p+e"  524  1583.510498 649.600220 807.979675
  56        "a-f+e"   78  216.681320 161.327393 176.294373
  57        "a-f+f"   86  159.607559  91.024345 117.020622
  58        "x-p+r"   84  204.295395 142.655472 106.988777
  59        "a-f+r"   83  207.869110 126.299393 160.998749
  60        "n-a+c"   85  344.023499  90.670517  60.072403
  61        "n-a+d"   80  221.368561 111.882988  66.532425
  62        "n-a+l"  338  782.920959 293.965393 305.548462
  63        "n-a+r"   90  245.395721 229.258224  64.483597
  64        "n-a+t"  648  1470.023804 731.073303 542.218384
  65        "n-a+v"   86  248.790894 134.026443  69.424942
  66        "a-g+a"   78  198.019806  74.863457 106.330811
  67        "a-g+e"  162  423.686584 218.493881 220.507950
  68        "a-g+h"   79  177.499054  86.194672 117.345963
  69        "a-g+i"  166  409.629089 303.481659 329.276672
  70        "a-g+o"   83  196.599792  76.604622 118.671974
  71        "a-g+r"   77  256.293396  84.031647  91.097321
  72        "k-w+a"   80  206.570221  80.322639  99.597458
  73        "a-h+e"   81  215.298355 107.682686 120.318748
  74        "n-c+e"  850  2119.631104 988.791077 911.782654
  75        "n-c+o"   87  274.931396 196.944946 144.658142
  76        "n-c+r"   91  230.251877 102.505219 108.036041
  77        "n-c+y"   91  242.044739  72.528633  55.774494
  78        "a-i+d"   83  202.951660 135.318558 120.208038
  79        "a-i+l"  508  1005.657776 880.554626 775.291565
  80        "a-i+n"  662  1534.669312 926.286316 783.811768
  81        "a-i+r"  163  399.738739 245.823395 212.639038
  82        "n-d+e"  410  1109.844849 404.793976 348.164124
  83        "n-d+i"   83  340.850494  75.024391  84.755066
  84        "n-d+l"   79  271.170319 106.260246  71.837822
  85        "n-d+o"   81  251.920837  79.995895  67.947929
  86        "n-d+s"   87  201.486359 100.894424 200.692780
  87        "n-d+y"   79  224.411133  59.852280  75.651680
  88        "a-j+e"   87  301.148010  50.544319  83.278870
  89        "x-t+r"   93  264.511353  50.540550  65.568871
  90        "n-e+a"   97  231.452515  81.027504  54.736050
  91        "n-e+c"  165  406.438782 163.587875 114.313591
  92        "n-e+d"  172  454.722412 153.393005 209.922211
  93        "n-e+e"  337  720.687439 328.957825 289.580719
  94        "n-e+l"   85  194.514954  87.974083  69.838577
  95        "n-e+r"  338  691.767456 286.083191 331.059753
  96        "n-e+s"  264  649.773071 231.522522 207.404343
  97        "n-e+v"  422  939.235168 292.642273 443.431702
  98        "n-e+w"  173  375.212677 208.203583 245.230591
  99        "n-e+y"   80  181.454620  60.810902  69.002060
 100        "a-k+e"  832  1945.549683 1023.849304 1171.787354
 101        "a-k+i"   80  189.015472  81.456924  73.250000
 102        "n-f+e"   96  309.047852 139.533386 161.757324
 103        "n-f+i"   83  223.900620 151.899261 117.284004
 104        "n-f+o"  244  634.726807 400.650940 526.589661
 105        "a-l+e"   85  268.585876  74.043312  78.005241
 106        "a-l+g"   77  179.603897 121.000694  88.351494
 107        "a-l+i"  254  693.782776 193.129898 198.201950
 108        "a-l+k"  164  516.129150 218.543900 162.246368
 109        "a-l+l" 1661  3909.021240 1327.398315 1426.644653
 110        "a-l+o"   80  355.792633  79.010292  61.864140
 111        "a-l+w"  162  514.977478 225.020737 205.285263
 112        "n-g+e"  597  1439.699463 560.264648 886.114380
 113        "n-g+i"   78  197.395905 111.713120  64.328079
 114        "n-g+s"  165  392.793427 131.679077 190.898346
 115        "n-g+u"   87  250.185730  96.490562 120.463318
 116        "a-m+a"   77  273.955963 110.763718 159.265884
 117        "a-m+b"  246  806.078552 275.272949 369.440521
 118        "a-m+e"  243  725.631653 380.796051 294.249359
 119        "a-m+m"   75  276.432495 120.322845 211.107773
 120        "a-m+o"   87  410.928284 158.574478 220.492981
 121        "a-m+p"   82  163.258987  99.438103  64.761482
 122        "a-m+s"   80  258.062805 121.535469 128.503220
 123        "a-n+a"   80  255.870697 178.261383 109.835678
 124        "a-n+c"  423  887.970642 476.523956 456.394745
 125        "a-n+d" 1061  2499.752930 1696.281250 1842.917969
 126        "a-n+e"   85  168.324310  89.191902  97.513130
 127        "a-n+g"  417  869.105835 437.954834 377.578644
 128        "a-n+i"  248  538.916260 332.462982 341.017914
 129        "a-n+k"  239  592.586731 380.812134 444.566742
 130        "a-n+n"  244  476.957184 256.368256 436.871002
 131        "a-n+s"  406  959.279724 661.349670 563.581848
 132        "a-n+t"  675  1438.402954 1063.289307 1153.168457
 133        "a-n+y"  323  753.597168 437.887115 421.510895
 134        "n-i+a"   76  161.283630 144.821243 101.899139
 135        "n-i+c"  245  511.298218 264.990356 313.120026
 136        "n-i+e"  168  344.488403 341.233154 329.683929
 137        "n-i+g"  165  432.769501 160.038544 194.018555
 138        "n-i+l"   80  194.918716 127.517540  83.951553
 139        "n-i+m"   87  199.719101 152.005875 438.983429
 140        "n-i+n"   82  175.280945 116.369347  84.740807
 141        "n-i+s"  157  377.694824 337.246796 272.500885
 142        "n-i+t"   87  178.285019 126.870529 189.051605
 143        "n-i+v"  247  593.961365 462.161743 544.337097
 144        "a-p+a"   90  272.498169  48.247448 103.086807
 145        "a-p+e"   80  216.079575  42.097466  55.918011
 146        "a-p+h"   78  162.807724  60.084000  62.396690
 147        "a-p+i"  249  823.524353 185.793091 179.714600
 148        "a-p+p"  264  613.409485 272.727509 173.557709
 149        "n-k+i"   87  203.733536  86.644020  85.364456
 150        "n-l+y"  166  446.725189 126.717651 196.180374
 151        "a-r+b"   97  249.772690 128.552734 143.009918
 152        "a-r+c"   84  166.149689  74.277641 108.018570
 153        "a-r+d"  339  786.170044 372.723938 327.420685
 154        "a-r+e" 2417  5650.615723 2819.197510 2852.169678
 155        "a-r+g"  169  419.546417 181.938141 125.165070
 156        "a-r+i"  242  602.945374 308.925690 361.643341
 157        "a-r+k"  347  716.369324 332.610504 308.000763
 158        "a-r+l"   84  251.637970 151.538666 114.890808
 159        "a-r+o"   77  238.780792 145.920731 160.978348
 160        "a-r+p"   91  220.558044  87.152077  68.721603
 161        "a-r+r"  166  412.005219 262.132050 166.546829
 162        "a-r+s"  503  1357.446655 547.705078 553.852722
 163        "a-r+t"  591  1535.062500 646.815369 541.071289
 164        "a-r+y"  507  1266.361206 543.598938 391.794434
 165        "n-m+e"  326  992.412048 671.822083 692.972107
 166        "a-s+e"  416  921.197998 592.099182 675.283813
 167        "a-s+h"  161  389.068604 229.869370 163.168060
 168        "a-s+i"   83  209.705765 180.640060 162.969635
 169        "a-s+k"  162  443.545715 242.650513 212.544815
 170        "a-s+o"  259  634.854370 435.289062 531.346008
 171        "a-s+p"  177  620.300476 292.556702 282.599731
 172        "a-s+s"  248  507.611572 329.593170 251.502563
 173        "a-s+t"  583  1313.319214 838.660339 988.791504
 174        "a-s+u"   84  281.658600  96.403725  99.855988
 175        "a-s+y"  160  393.630737 253.652191 223.789581
 176        "n-n+e"  252  468.600586 274.705231 197.736053
 177        "n-n+i"  239  420.826630 186.525070 194.826904
 178        "n-n+o"  163  348.284851 234.525711 148.350937
 179        "n-n+y"   81  143.932312  69.563408 106.791458
 180        "a-t+c"  339  914.438110 303.181030 239.564163
 181        "a-t+e" 1486  3645.800537 1288.067993 1057.753418
 182        "a-t+h"  259  678.187622 275.713867 186.373489
 183        "a-t+i" 2319  5565.791992 1842.214844 1652.015015
 184        "a-t+m"   80  335.773041 106.157478  62.981461
 185        "a-t+o"  166  529.269409 198.760574 193.532822
 186        "a-t+r"   90  275.255524  86.618141  80.333572
 187        "a-t+s"   85  264.543701 117.662109 101.628044
 188        "a-t+t"   88  263.628662  50.942768  57.115776
 189        "n-o+b"   80  260.605774  66.346100  92.834274
 190        "n-o+c"   73  137.683136 128.376160  68.552292
 191        "n-o+m"  163  337.810822 321.307953 375.100525
 192        "n-o+n"   82  232.907501  87.318367  98.479919
 193        "n-o+t"  986  2351.951660 1383.993042 1540.175903
 194        "n-o+u"  250  655.375854 437.829407 595.878906
 195        "n-o+w"   85  226.021805  92.997169 124.868919
 196        "a-u+g"   81  220.188614 107.334824 107.787453
 197        "a-u+l"   90  172.795975  83.169037  92.127022
 198        "a-u+r"   87  231.695267  95.576660  64.700500
 199        "a-u+s"   80  199.883560 120.572754  89.934074
 200        "a-u+t"  171  458.699921 270.737732 185.644058
 201        "a-v+a"  169  467.314728 369.311249 229.011276
 202        "a-v+e"  513  1250.984375 597.111023 658.440918
 203        "a-v+i"   79  175.264114  56.078579  66.948074
 204        "a-v+o"  593  1877.305664 819.634033 718.360962
 205        "d-a+i"   87  218.837158  30.916651  28.229374
 206        "d-a+r"   75  206.140869  62.510731  59.829590
 207        "d-a+s"   85  250.640823 107.910507  59.709888
 208        "d-a+u"   81  285.545410  86.730858  69.676849
 209        "d-a+y"  504  1233.022461 365.232483 331.246460
 210        "a-w+a"  255  628.789307 324.665375 316.159241
 211        "a-w+l"  163  428.308838 244.236740 262.742188
 212        "a-w+n"   76  179.113541  69.460884 132.202728
 213        "a-x+a"   83  216.217438 111.912720 160.292603
 214        "a-x+i"   84  230.559235 126.845657 120.461578
 215        "n-s+a"   85  220.400024 159.175598 178.974014
 216        "n-s+c"   88  260.018005  93.373436 159.669876
 217        "n-s+e"  166  429.286224 160.107773 239.034302
 218        "n-s+i"  600  1205.110962 1036.829224 724.730347
 219        "n-s+p"   87  223.990341 119.660789 131.604141
 220        "n-s+t"   80  165.614365 106.332260  83.924744
 221        "n-s+u"   79  236.200302 110.731400 155.193207
 222        "n-s+w"   84  199.766785 113.347542  99.776260
 223        "a-y+e"   87  179.250137 110.076385 135.866486
 224        "a-y+i"   75  203.885483 132.798035 103.106956
 225        "a-y+s"  321  673.543945 375.742218 438.638458
 226        "d-d+i"   83  248.665405  77.263924  39.432446
 227        "d-d+l"   83  200.238220  80.617012  62.809967
 228        "n-t+a"  167  473.624908 151.563995 158.691925
 229        "n-t+e"  415  1002.025330 354.238403 354.767487
 230        "n-t+h"  176  382.121490 126.450043  83.271347
 231        "n-t+i"  343  837.237854 255.584503 173.215988
 232        "n-t+l"   80  244.085693  73.253838  62.936161
 233        "n-t+m"   92  242.828094 130.897247  56.665428
 234        "n-t+r"  257  597.646667 179.187622 168.454330
 235        "n-t+s"  513  1322.366821 477.602142 442.278107
 236        "n-t+u"  170  501.170715 103.070961 139.420074
 237        "n-t+y"   84  219.666992  27.701715  23.975754
 238        "a-z+e"   79  239.814880 136.090576 119.541481
 239        "a-z+i"  160  221.640305 153.019241 239.522446
 240        "d-e+c"  163  404.081390 135.246887 176.701721
 241        "d-e+d"  253  765.889465 330.177521 206.309174
 242        "d-e+l"  173  491.443573 269.631958 288.572388
 243        "d-e+n"  340  864.338013 224.974640 231.612045
 244        "d-e+p"   84  217.575729  61.250481  70.391205
 245        "d-e+r"  917  2176.220215 591.120544 695.987610
 246        "d-e+s"  498  1452.015503 478.403900 466.012756
 247        "d-e+t"  170  568.355835 187.162094 128.613632
 248        "d-e+w"   84  260.421082  45.766796 101.290878
 249        "n-u+m"   79  195.026993  96.797020 114.578674
 250        "n-u+t"   83  181.820084  98.349098  87.659889
 251        "n-v+e"   89  294.090485 103.231590 124.310287
 252        "n-v+i"  160  392.747467 277.743774 187.195129
 253        "d-g+e"  172  534.624268 179.676453 233.633041
 254        "d-i+a"  247  594.241028 406.244904 387.037933
 255        "d-i+c"  330  682.526245 424.313232 420.751099
 256        "d-i+e"   90  186.738724 150.667267 151.546005
 257        "d-i+f"  258  559.995239 371.918579 334.556793
 258        "d-i+l"   79  194.160599 166.922638 192.498123
 259        "d-i+n"  177  338.878815 199.337494 157.093369
 260        "d-i+p"  175  363.146423 212.440475 253.231735
 261        "d-i+s"  420  956.962524 690.337036 611.211304
 262        "d-i+t"  168  333.253815 262.295746 318.659241
 263        "d-i+v"   77  169.346466 142.329727 170.024765
 264        "n-y+m"   80  192.826416 125.157372  96.714821
 265        "n-y+t"   79  175.033035 115.447060 114.331902
 266        "d-l+e"   83  226.658737  81.813293 110.375504
 267        "d-l+y"  246  633.738464 198.105179 166.015732
 268        "d-n+i"   86  223.511703  93.368690 103.123955
 269        "d-o+c"   85  190.256592 104.271568  88.996758
 270        "d-o+e"   86  210.292389 107.289864 197.686737
 271        "d-o+g"  245  538.307922 307.408051 311.184753
 272        "d-o+u"  246  515.396790 322.704834 541.847046
 273        "d-o+w"   81  194.169647  64.470566  76.404175
 274        "d-r+a"  167  400.630432 179.813339 168.351944
 275        "d-r+e"  396  1124.619873 596.924011 599.523804
 276        "d-r+i"  407  1157.284912 426.818359 614.362671
 277        "d-r+o"   84  238.825607 105.542526 171.567978
 278        "d-r+u"  253  566.069275 402.800934 434.042328
 279        "d-r+y"   84  230.544373 108.853722  91.401489
 280        "d-u+e"   83  213.189133 130.895844 155.598877
 281        "d-u+l"  168  443.197144 253.059280 227.890793
 282        "g-a+i"   78  201.880661  38.578262  66.488197
 283        "g-a+l"   88  222.608566  69.106377  77.815659
 284        "g-a+m"  175  512.882568 124.049896  92.978912
 285        "g-a+p"   82  241.317047  73.403725  25.175196
 286        "g-a+s"   86  292.212616  79.771271  98.255539
 287        "g-a+t"  251  500.671234 129.127243 141.208298
 288        "g-e+d"  257  562.849976 197.900925 283.995544
 289        "g-e+l"   81  213.081528  58.591789 151.227219
 290        "g-e+m"   87  224.642548  66.166618  71.717262
 291        "g-e+n"   82  146.208649 106.265167  64.746941
 292        "g-e+r"  418  878.646301 243.842651 296.304016
 293        "g-e+s"  172  407.158264 135.297668 164.583420
 294        "g-e+t"  331  840.210388 257.955627 290.531372
 295        "q-u+a"  321  605.439209 235.233978 203.017624
 296        "q-u+e"  488  1012.531799 413.404877 388.761536
 297        "q-u+i"  413  928.050293 265.359802 197.533112
 298        "t-a+b"  257  616.106445 380.574249 145.186600
 299        "t-a+g"   75  213.651184 144.267700  92.482178
 300        "t-a+i"   80  256.368317  94.894325  48.573036
 301        "t-a+k"  160  380.823975 219.397537 131.716095
 302        "t-a+l"  244  526.276550 253.158005 248.261932
 303        "t-a+n"  609  1492.515503 652.854858 551.300720
 304        "t-a+r"   84  273.236359 262.877106  77.276245
 305        "t-a+s"   83  236.349289 147.073044  81.453850
 306        "t-a+t"  167  296.329285 399.019806 219.946548
 307        "t-a+u"   87  219.571548 102.904190  97.646179
 308        "t-a+x"   83  202.501358 119.720100  38.699482
 309        "t-a+y"   84  253.608749 110.906212 139.390137
 310        "t-b+a"  178  364.896576 348.685791 129.786331
 311        "g-h+e"   79  206.304565  75.573517  89.965569
 312        "g-h+t"  406  857.709717 481.164429 372.258484
 313        "g-h+w"   86  254.091476  58.309750 106.942665
 314        "t-c+h"  339  1033.917358 462.842651 264.811371
 315        "g-i+n"  244  477.052887 343.258362 400.671051
 316        "g-i+o"   85  217.890015 107.814842 156.020874
 317        "g-i+s"  250  520.287964 376.583130 438.709839
 318        "t-e+a"   79  248.887085 139.265274 153.658920
 319        "t-e+c"  171  427.031372 170.004959 127.412117
 320        "t-e+d"  574  1405.114014 537.893616 732.484192
 321        "t-e+l"  256  607.999695 294.917633 243.192429
 322        "t-e+m"  248  676.879578 275.438782 232.312134
 323        "t-e+n"  156  396.643463  83.576996 124.633743
 324        "t-e+p"   92  199.731445  72.169891  79.908051
 325        "t-e+r" 1761  3879.007568 1605.589722 1647.447876
 326        "t-e+s"  261  566.617676 309.473633 178.769684
 327        "t-h+a"  679  1518.171997 774.167236 765.737793
 328        "t-h+d"  176  416.352539 205.218445 209.305313
 329        "t-h+e" 7962  19051.578125 7594.874023 7541.840332
 330        "t-h+i" 1577  3964.925293 1493.416504 1552.645020
 331        "t-h+l"  171  498.101044 197.095978 203.375305
 332        "t-h+m"   77  245.299866 231.080536  90.227592
 333        "t-h+o"  163  404.747772 230.456741 198.628281
 334        "t-h+r"  405  1117.891235 460.921204 498.677795
 335        "t-h+s"   90  167.441422  77.717941  79.602455
 336        "t-h+y"   84  218.984787 157.821609 110.637833
 337        "g-n+m"   83  267.380890  67.817070 115.228241
 338        "t-i+a"   83  229.941788  99.435066 131.812485
 339        "t-i+c"  432  1042.747925 516.624329 530.284668
 340        "t-i+e"  263  623.341187 388.130402 372.152649
 341        "t-i+f"  171  336.713165 222.589310 222.264481
 342        "t-i+g"   89  215.887192 131.776855 148.555206
 343        "t-i+l"   85  190.591644 115.304611 131.299316
 344        "t-i+m"  493  1127.529053 664.376160 709.354614
 345        "t-i+n"  677  1291.047852 1003.308472 819.547363
 346        "t-i+o" 3568  6480.688477 5245.718750 5141.446289
 347        "t-i+q"   84  252.922852 118.438011 261.995026
 348        "t-i+r"   87  175.515350  82.847359 102.854805
 349        "t-i+v"  174  356.187042 244.396881 263.931213
 350        "g-o+l"  164  509.338867 142.280014 184.876724
 351        "g-o+o"  413  907.299683 541.431885 367.624542
 352        "g-o+r"   77  211.628616  56.778988  68.597252
 353        "g-o+t"   80  183.232162  60.112038 137.158234
 354        "g-o+v"   83  202.782700 101.364639 133.884109
 355        "t-l+e"  338  778.933228 337.143188 280.396179
 356        "t-l+y"   80  234.090637  79.311684  33.378845
 357        "g-r+a"   78  168.614441  90.211235  65.188843
 358        "g-r+e"  233  606.703064 434.835968 446.061188
 359        "g-r+o"  165  410.574951 192.548386 197.666977
 360        "t-m+a"   80  315.256836 163.667297  78.496468
 361        "t-m+e"  266  847.529907 540.992126 450.777954
 362        "t-n+e"   85  250.151611 190.485657 195.272141
 363        "t-o+c"   89  185.504547 112.945976 109.119621
 364        "t-o+d"  328  729.539978 392.459320 964.064697
 365        "t-o+e"   83  245.228012 130.066345 211.324326
 366        "t-o+g"   78  198.589859  59.026646 103.552139
 367        "t-o+i"   77  189.549438 107.582947 186.336365
 368        "t-o+m"  164  282.752777 301.742584 202.042053
 369        "t-o+n"  240  546.472046 259.536499 493.369049
 370        "t-o+o"  990  1853.936401 1074.807983 1382.922241
 371        "t-o+p"   76  159.486969  91.206139 176.903595
 372        "t-o+r"  599  1535.262573 897.769714 1010.696594
 373        "t-o+s"   77  202.407791 152.013657 127.544144
 374        "g-u+i"   89  261.926361  74.134888  51.858494
 375        "g-u+l"   87  188.229660  71.628296  96.698441
 376        "g-u+n"   87  216.138794  69.733093  46.415581
 377        "j-a+c"   83  238.922974  57.890663  45.435822
 378        "j-a+m"   75  269.944214 148.341919  29.741823
 379        "t-r+a" 1029  2743.478271 1199.588501 957.678772
 380        "t-r+e"  265  684.105713 402.733978 431.149048
 381        "t-r+i"  250  711.542053 268.971863 337.569061
 382        "t-r+o"   77  244.479492 204.731766  76.493607
 383        "t-r+u"  165  404.385498 203.227066 276.634003
 384        "t-r+y"  247  525.726562 231.025223 290.494019
 385        "t-s+h"   85  226.488205 132.508163 129.958817
 386        "t-t+e"  349  962.459900 189.723450 214.282944
 387        "t-t+i"  156  396.497101 103.737228  98.225502
 388        "t-t+l"  253  567.889587 120.785812 259.708923
 389        "t-t+o"   80  213.375580  63.023865  62.316166
 390        "t-t+y"   83  201.955460  82.630585  67.289154
 391        "j-e+c"  345  796.228210 285.311188 298.304382
 392        "j-e+s"   87  216.224869 109.956734  97.348351
 393        "t-u+a"   90  264.874603  63.392166  64.402542
 394        "t-u+c"   80  198.414566  75.131355  80.035339
 395        "t-u+n"   76  214.344833 104.714394  70.754036
 396        "t-u+r"  407  1068.672974 527.161804 586.441467
 397        "w-a+l"  259  663.477661 223.580536 262.514099
 398        "w-a+n"   83  319.334381  78.016487  63.023987
 399        "w-a+r"  260  661.820435 246.112183 213.588959
 400        "w-a+s" 1106  2508.787109 1140.964111 1104.303955
 401        "w-a+t"  503  1161.096313 325.661041 314.459778
 402        "w-a+y"  655  1420.756592 497.003448 376.503845
 403        "t-w+e"   84  215.394958 110.701744 131.979507
 404        "t-w+o"   84  346.349487 119.629150 150.643250
 405        "t-y+l"   87  225.933960  99.297920  85.642845
 406        "w-d+e"   83  248.991730 134.723694 144.757690
 407        "w-d+r"   84  198.952164  70.184608  63.978149
 408        "w-e+a"  326  932.564453 210.143356 238.842896
 409        "w-e+b"   83  181.708725 106.003067  58.102478
 410        "w-e+e"  244  562.112122 215.536880 244.822327
 411        "w-e+l"   80  194.570847  94.438599  76.637360
 412        "w-e+n"  165  449.850128 145.811417 188.822021
 413        "w-e+r"  250  546.520691 169.448181 228.311859
 414        "w-h+a"  168  457.906494 259.948059 198.069244
 415        "w-h+e"   86  260.771912 129.825500 238.133087
 416        "w-h+i"   81  245.446091  70.295448  86.834915
 417        "w-i+d"   82  163.988281 139.080856 141.075287
 418        "w-i+l"  511  945.463074 587.818604 533.028259
 419        "w-i+n"  493  1075.080200 717.692139 742.417114
 420        "w-i+s"   87  203.420425 153.972076 111.002373
 421        "w-i+t"  923  1904.298706 1471.219604 1405.422119
 422        "j-o+i"   82  283.700439 106.581947 113.416878
 423        "w-l+i"  163  501.475861 140.272919 150.265244
 424        "w-o+m"   84  238.984375 296.571716 193.648438
 425        "w-o+n"   82  226.572525  59.004284  59.573452
 426        "w-o+r"  896  1982.254883 1000.374878 1501.807495
 427          "a+b"  258  817.807678 333.861115 238.162750
 428          "a+c"  504  1499.316772 521.542114 428.332703
 429          "a+d"  168  459.890717 232.534973 168.871185
 430          "a+f"   83  287.983429 104.269264  47.028599
 431          "a+g"  155  388.863220 241.267639 115.117630
 432          "a+h"   81  212.698166 105.894501  83.248970
 433          "a+l"  885  2835.508789 1200.007812 1082.999390
 434          "a+m"  164  582.618958 147.337097 139.767868
 435          "a+n" 1822  5125.708984 2485.113281 1964.277710
 436          "a+p"  271  661.819641 387.152069 212.077103
 437          "a+r" 2330  6250.353516 3205.928467 1922.608887
 438          "a+s"  422  1239.903931 615.313110 473.343018
 439          "a+t"  255  594.348389 331.403564 311.870972
 440          "a+v"   83  299.716522  88.556038  63.701775
 441          "a+w"  164  534.559509 201.715652 105.660065
 442          "a-d"  486  1402.929199 561.539429 487.202698
 443          "a-k"   82  209.979523 147.504715  79.356232
 444          "a-l" 1001  2743.177734 1091.308350 802.055237
 445          "a-m"  241  972.746155 375.654022 457.747559
 446          "a-n" 1103  3148.524170 1565.052734 1568.623657
 447          "a-p"   82  289.723511 197.532410  60.734665
 448          "a-r"  175  534.233398 195.676193 210.490906
 449          "a-s" 1622  3610.074463 2256.790039 2110.049805
 450          "a-t"  927  2913.910400 890.463196 788.887878
 451          "a-x"  172  462.669769 280.318329 289.368347
 452          "a-y" 1310  3270.442139 1647.262085 1483.848511
 453        "j-u+d"   90  281.182983 105.739159  86.476471
 454        "j-u+m"  170  481.770416 162.532776 160.727951
 455        "j-u+s"  177  479.675720 152.322617 135.747742
 456          "b+a"  882  2497.361572 1532.861206 756.326355
 457          "b+e" 1598  5147.342773 2525.010498 1772.446167
 458          "b+i"  415  1197.567505 501.527802 322.163940
 459          "b+l"  248  710.355469 300.865448 241.686905
 460          "b+o"  420  1092.368774 702.101135 349.093811
 461          "b+r"  778  2459.694824 1190.112183 864.921692
 462          "b+u"  580  1778.931763 868.441162 529.685547
 463          "b+y"  415  1254.907837 659.323242 425.123810
 464          "b-e"  753  1854.353638 639.744995 562.155212
 465          "b-s"   86  167.430038 198.163834 226.541473
 466          "b-y"  437  895.967285 681.162476 596.550476
 467        "m-a+c"  263  609.224731 207.914536 193.075668
 468        "m-a+d"  170  420.540283 190.508316 127.257538
 469        "m-a+g"   75  180.353165  75.683998  34.164452
 470        "m-a+i"  169  551.576111 233.354141 119.086777
 471        "m-a+j"   87  274.740784 122.335609 133.104568
 472        "m-a+k"  586  1382.546021 536.280334 435.752106
 473        "m-a+l"   80  199.190674 101.069054 108.091316
 474        "m-a+n"  401  915.902161 412.008179 466.132660
 475        "m-a+r"  244  703.023132 290.800781 209.744598
 476        "m-a+s"   82  210.264587 145.853058  91.146454
 477        "m-a+t"  168  529.741028 156.812424  98.725456
 478        "m-a+x"   84  285.808167 138.419540  56.415318
 479        "m-a+z"   77  242.065598 209.155365  75.033478
 480          "c+a" 1160  3249.439453 1618.102661 1217.645508
 481          "c+e"   80  279.010040 253.881363  98.140373
 482          "c+h"  820  2490.323486 1155.214233 864.407227
 483          "c+i"   85  472.217529 159.576782 232.255524
 484          "c+l"  158  481.165131 278.202240 232.365768
 485          "c+o" 2593  6911.300293 2408.010010 2622.551270
 486          "c+r"  245  737.347168 226.023056 270.029510
 487          "c+u"   88  282.238068 240.262070 121.424522
 488          "c-e" 1246  3497.512451 1816.457275 1227.964722
 489          "c-h"  589  1696.196289 798.639771 714.432678
 490          "c-k"  662  1590.817627 670.512878 808.048218
 491          "c-s"  163  458.532715 262.331421 237.785400
 492          "c-t"  246  674.601685 192.316620 278.468842
 493          "c-y"  177  392.176910 242.226929 190.634293
 494        "m-b+e"  157  380.599670 287.245819 181.695892
 495        "m-b+l"   90  232.903290 166.326019  82.158539
 496        "w-r+i"   80  235.000732  86.242500  68.651474
 497        "w-r+o"  329  860.948792 515.295227 337.392059
 498          "d+a"  507  1642.915527 675.501404 521.668701
 499          "d+e"  988  2741.254883 1417.572266 1169.939941
 500          "d+i"  935  2612.712158 1198.825195 1293.140259
 501          "d+o" 1054  2973.557373 1560.819458 1342.449951
 502          "d+r"  987  2832.078613 1056.260254 1044.264771
 503          "d+u"   83  239.379456  90.384430  80.949898
 504          "d-a"   80  309.086731 129.530197  70.368744
 505          "d-e"  170  546.919495 200.170700 150.723206
 506          "d-o"  484  1474.146729 503.049042 827.601624
 507          "d-s"  501  1080.820190 828.156311 749.199402
 508          "d-y"  335  931.218750 515.442871 406.934937
 509        "w-s+e"   83  216.401123  89.228401 104.591736
 510          "e+a"  343  1228.441406 665.058716 447.299194
 511          "e+c"   81  283.816528 186.977142 102.000854
 512          "e+d"   85  241.956650 112.814827  73.231407
 513          "e+f"   92  218.700653  97.946495  90.509056
 514          "e+g"   78  344.093140 143.357635  81.519287
 515          "e+l"  250  854.635498 500.510345 370.855804
 516          "e+m"   83  248.379532  70.863487 199.018066
 517          "e+n"  671  1998.721191 978.073547 639.723389
 518          "e+q"   75  196.355667  97.999229  91.398643
 519          "e+t"   84  326.479126 132.996124  91.406021
 520          "e+v"  442  1208.285400 514.640991 432.204102
 521          "e+x" 1464  4282.535645 2671.769043 1993.179077
 522          "e-b"   83  462.592804 149.567444 149.758041
 523          "e-d" 3838  9293.573242 3750.280029 3811.912354
 524          "e-e"  585  1696.085449 743.695312 362.329987
 525          "e-k"   81  303.106659 160.107529 144.673904
 526          "e-l"  166  406.124695 216.839371 150.733368
 527          "e-m"  246  729.307739 508.347137 589.624207
 528          "e-n"  747  1721.334717 907.625916 1163.844238
 529          "e-p"  175  505.519226  85.148430 112.700142
 530          "e-r" 3231  7803.939453 3880.649170 2827.559326
 531          "e-s" 2858  6924.554199 4131.720215 3837.790527
 532          "e-t"  852  2677.722168 681.479492 787.098022
 533          "e-w"   85  317.374603  94.343842 138.521545
 534          "e-y"  167  329.566742 210.961090 178.658844
 535          "f+a" 1034  2718.380615 1816.325928 1887.569946
 536          "f+e"  182  549.063049 353.263123 336.358612
 537          "f+i"  765  1776.135742 1382.093628 1332.143188
 538          "f+l"  156  457.895020 219.398087 278.502106
 539          "f+o" 1594  3934.435547 2552.134277 2577.814941
 540          "f+r"  496  1283.281738 973.963928 1073.403931
 541          "f+u"  178  487.934723 280.595734 370.580780
 542          "f-e"  174  476.005341 302.471466 212.552612
 543        "m-e+a"  153  366.869873 185.790436 216.066376
 544        "m-e+d"  407  1119.067505 626.225403 415.893707
 545        "m-e+e"  259  544.246399 292.755615 301.367462
 546        "m-e+n" 1090  2368.600586 1055.625854 842.591492
 547        "m-e+o"   73  209.244980 162.553772  57.214817
 548        "m-e+r"  241  528.638977 178.011948 143.419861
 549        "m-e+s"  171  433.630157 139.285889 364.010468
 550        "m-e+t"   79  316.854462  75.287498  76.911423
 551          "g+a"  431  1274.079468 610.106750 882.392456
 552          "g+e"  494  1546.163330 678.568481 763.100159
 553          "g+o"  897  2648.538574 1035.414673 1262.865723
 554          "g+r"  321  1032.603516 318.429993 450.458435
 555          "g+u"  176  502.908325 198.775375 299.389832
 556          "g-e"  324  848.055908 392.748901 310.755188
 557          "g-h"  651  1914.392090 871.359802 842.681946
 558          "g-n"   91  267.123199 154.190140 187.063171
 559          "g-o"  318  856.539856 460.634888 404.296967
 560          "g-s"  418  982.692444 650.303284 598.482971
 561          "g-y"   83  182.500473 136.924789 145.278122
 562          "h+a" 1418  4414.432129 2139.093506 2097.246826
 563          "h+e" 1074  3507.906738 1493.795532 1424.643188
 564          "h+i"  582  1902.329712 792.331604 829.622009
 565          "h+o"  424  1245.764648 634.259338 694.861206
 566          "h-e" 7864  15914.523438 7118.115723 5991.370605
 567          "h-m"   77  294.090698  69.731201 142.152176
 568          "h-s"  168  414.094574 322.003174 198.204514
 569          "h-t"  325  1197.521118 258.254822 350.928589
 570          "h-y"   84  233.835632 100.237854 109.910995
 571          "i+c"   80  223.796860 130.547806 152.462082
 572          "i+d"   84  266.036621 177.263153 175.871506
 573          "i+f"   86  186.084946 161.817825 167.448502
 574          "i+m"  405  1049.284790 800.788818 681.031189
 575          "i+n" 1855  4413.455078 3151.643066 2905.693359
 576          "i+s" 3291  6916.169922 6090.281738 5552.368652
 577          "i+t"  407  1265.397095 923.155701 752.791382
 578          "i-a"   83  349.804443  62.932209 117.011261
 579          "i-c"  340  1135.393188 419.900757 457.017761
 580          "i-d"  165  525.411865 280.182343 260.290955
 581          "i-e"  260  811.075867 284.867645 452.875610
 582          "i-f"   86  270.908752 122.223724 165.900421
 583          "i-g"  172  413.107910 121.856270 210.371475
 584          "i-l"  246  754.515564 292.505859 204.796631
 585          "i-m"   84  232.543823 132.852478  97.677284
 586          "i-n" 1581  3987.963623 2284.718506 2409.642578
 587          "i-o"   82  255.522598 135.982681 151.530670
 588          "i-p"   91  207.768402  42.999744  15.999453
 589          "i-r"  253  786.769958 351.112457 297.569305
 590          "i-s" 4614  10189.374023 6313.998535 5018.188477
 591          "i-t"  744  2176.393799 959.483154 664.547607
 592          "i-x"  256  759.378174 321.703400 307.322754
 593          "j+a"  158  613.544312 442.412842 258.585938
 594          "j+o"   82  455.787720 228.916641  45.955185
 595          "j+u"  437  1472.208618 454.240692 478.809204
 596        "m-i+c"  163  378.207916 177.895981 158.375397
 597        "m-i+d"   86  222.324234 212.819748 159.567459
 598        "m-i+n"  258  577.183228 248.292450 387.019958
 599        "m-i+s"  243  597.775940 432.619293 353.429474
 600        "m-i+t"  168  417.154236 290.389465 254.274872
 601        "m-i+x"   85  215.439255 139.569839 137.142609
 602          "k+e"   83  235.477890 111.878708  82.845497
 603          "k+i"  177  449.062164 277.846344 227.261932
 604          "k+n"  156  524.052612 210.528290 240.398880
 605          "k-e"  591  1469.577026 610.973267 465.555756
 606          "k-s"  409  995.006287 476.535461 544.469604
 607          "l+a"  568  1625.441284 573.632385 618.153320
 608          "l+e"  175  599.280273 251.878494 281.693542
 609          "l+i" 1164  3408.123291 1398.180298 1344.074463
 610          "l+o" 1022  2772.951904 1109.813843 1044.161621
 611          "l+u"   81  223.652176 134.569901  91.653969
 612          "l+y"   83  322.123474  82.729652 106.255096
 613          "l-a"   80  332.581757  73.453468  57.974411
 614          "l-d"  659  1729.514282 714.967102 588.476807
 615          "l-e" 1562  4060.082520 1994.139038 1322.411865
 616          "l-k"   87  326.212097 190.218338 148.945938
 617          "l-l" 1906  4096.048340 1456.901001 1016.468140
 618          "l-p"  247  562.728882 209.612640 148.238037
 619          "l-s"  253  613.266602 396.290344 455.761078
 620          "l-t"  518  1430.074707 449.561890 519.200317
 621          "l-y" 1343  3376.052979 2334.120361 1932.207397
 622        "z-e+d"   79  270.457123  60.576336  73.352020
 623        "z-e+r"   87  273.743408  96.960976  76.737381
 624          "m+a" 1673  5066.664062 2669.864258 2216.697021
 625          "m+e"  915  3008.641357 1346.316895 1611.625977
 626          "m+i"  506  1388.241211 807.915771 582.414246
 627          "m+o" 1186  3949.263672 2101.651367 2132.893799
 628          "m+u"  661  1791.610840 989.442200 869.621582
 629          "m+y" 1184  4023.310303 2114.209473 1936.676880
 630          "m-b"   78  319.161682 103.507912 114.775070
 631          "m-e" 1004  3258.478027 1445.321045 959.930115
 632          "m-s"  158  461.221680 322.761841 253.860077
 633          "m-y" 1182  2587.816650 1799.145874 1639.414917
 634          "n+a"  411  947.058044 507.193176 643.601501
 635          "n+e"  946  1934.662109 1265.101074 1479.514648
 636          "n+i"   78  254.277374  95.521690  90.500267
 637          "n+o" 1230  2739.015625 2419.698242 2592.710938
 638          "n+u"  162  428.938202 230.913635 312.159729
 639          "n-d" 1649  4034.093750 1816.744507 1391.361572
 640          "n-e"  656  2053.034668 767.859375 807.017456
 641          "n-g" 4583  12067.577148 4863.565430 6567.881836
 642          "n-k"  393  874.553284 592.701538 631.341919
 643          "n-o"  244  703.579956 433.923035 617.151855
 644          "n-s" 1227  2796.275146 2415.098389 1959.405640
 645          "n-t" 1683  4559.096191 1419.171509 1245.763794
 646          "n-y"  245  541.303772 371.683838 313.869812
 647        "m-m+e"  317  1082.699463 416.043518 396.058990
 648        "m-m+u"  167  467.318695 301.290161 105.236435
 649          "o+b"  335  838.641174 509.923035 588.116699
 650          "o+c"  165  453.998993 227.458084 235.073975
 651          "o+f" 2410  5087.061523 2996.007812 4533.359863
 652          "o+l"  162  430.938446 283.095917 462.412750
 653          "o+n"  750  1653.464722 1339.297729 1153.118286
 654          "o+r"  175  474.623383 229.050476 315.302399
 655          "o+u"  846  2156.897461 1199.886841 1521.053101
 656          "o+v"  155  444.963898 361.795715 382.749207
 657          "o-d"  577  1635.877930 809.167419 837.205017
 658          "o-f" 2151  5594.342285 3866.468994 3586.422363
 659          "o-g"  245  697.654907 278.298004 432.624237
 660          "o-k"  170  434.725952 166.422852 248.957886
 661          "o-m"  344  1139.646729 653.714478 732.472168
 662          "o-n" 3807  8973.964844 5155.227539 5999.056641
 663          "o-o"  739  1679.536133 837.933960 1092.007935
 664          "o-p"  160  397.205750  65.386978 100.196014
 665          "o-r"  996  2626.848145 1446.134399 1101.928833
 666          "o-t"  991  2897.662842 996.034790 800.085815
 667          "o-u" 1418  3639.306885 1769.461670 1870.167725
 668          "o-w"  419  1067.789551 559.640442 567.632324
 669          "o-x"   87  267.763885 144.043869 172.981766
 670          "p+a"  771  2030.957397 581.299683 607.356323
 671          "p+e"  559  1750.485840 698.498413 569.830261
 672          "p+h"  238  652.324646 205.797501 230.561234
 673          "p+i"  170  560.862488  88.584923  87.634491
 674          "p+l"  644  1616.808838 377.447845 528.210938
 675          "p+o"  491  1622.154663 524.098145 635.011841
 676          "p+r" 1432  4876.857422 1289.457031 1409.088867
 677          "p+s"  173  511.883636 336.830444 183.306580
 678          "p+u"   84  258.421967  26.002024  43.941544
 679          "p-e"   80  302.483459  64.281845  85.711502
 680          "p-t"   80  237.520447 114.063095  77.415390
 681        "z-i+n"  160  319.701233 204.605286 177.333649
 682        "m-o+d"   84  196.058426 123.365089 318.700592
 683        "m-o+m"   85  282.420135 222.439957 306.452148
 684        "m-o+n"  263  626.710266 305.741638 579.363464
 685        "m-o+r"  402  855.333618 571.498291 953.760620
 686        "m-o+s"  252  502.569000 423.346985 572.363342
 687        "m-o+t"  174  397.664398 303.188477 377.610840
 688        "m-o+u"   87  249.922775 297.642578 161.825119
 689        "m-o+v"  170  429.285645 318.196106 372.343384
 690          "q+u"  735  2185.558350 720.652710 746.791626
 691        "m-p+a"  252  675.726074 215.367050 171.170807
 692        "m-p+e"   87  273.220612  83.983871 120.968872
 693        "m-p+i"  168  575.684631 169.115891 133.165146
 694        "m-p+l"  579  1452.436157 702.149780 482.265198
 695        "m-p+o"  166  576.843140 140.981232 170.929977
 696          "r+a"  584  1497.815796 800.207458 494.100037
 697          "r+e" 1358  3568.046387 1925.411011 1739.889526
 698          "r+i"  161  508.119904 196.561310 241.019958
 699          "r+o"  166  578.385986 354.562927 262.719391
 700          "r+u"   82  161.277924 117.390633 165.915314
 701          "r-a"  171  542.998169 156.084671 152.355621
 702          "r-d"  260  928.126343 215.241501 225.162537
 703          "r-e" 3331  7826.168457 3291.803955 1988.272705
 704          "r-k"  498  1122.206421 625.681458 610.880554
 705          "r-n"   83  215.876282 130.163254  97.838882
 706          "r-o"   87  304.115601 200.036026 107.830170
 707          "r-s" 1621  3920.157715 2721.811035 2281.802246
 708          "r-t"  337  1040.318604 267.509247 322.408447
 709          "r-y" 3114  6924.339355 4867.197266 4221.190918
 710        "c-a+l"  414  944.524780 342.471619 394.957977
 711        "c-a+m"   78  233.946701  83.723206  44.550579
 712        "c-a+n"  330  884.830994 365.814423 338.374084
 713        "c-a+p"  330  752.407349 364.399323 193.825562
 714        "c-a+r"  344  843.228638 386.634064 263.027527
 715        "c-a+s"   83  224.875259  95.417686  69.479446
 716        "c-a+t"  485  918.887146 541.224976 300.110199
 717          "s+a"  486  1306.473511 940.165833 873.404480
 718          "s+c"  170  473.811005 263.298462 248.422638
 719          "s+e"  927  2319.187012 1331.269165 1437.472412
 720          "s+h"  910  1905.717651 1148.585449 775.906433
 721          "s+i"  601  1513.047852 969.836731 873.408997
 722          "s+k"   78  277.800232 122.701035  95.168121
 723          "s+l"   91  186.269440  80.093491 139.207458
 724          "s+m"  162  398.811584 269.667145 288.917572
 725          "s+n"   85  228.962753 144.350418  85.245895
 726          "s+o"  494  1221.457031 722.465515 741.172546
 727          "s+p"  937  2059.369141 929.936523 986.890137
 728          "s+q"   80  276.186493 120.199165 160.605194
 729          "s+t" 1004  2197.990479 1533.440796 1684.741089
 730          "s+u"  903  2200.501953 1063.714233 1093.378784
 731          "s+w"   85  201.559341 126.423866  96.881241
 732          "s+y"  252  717.684387 446.130493 544.373169
 733          "s-e"  845  2302.159180 1161.049683 1072.005005
 734          "s-h"   83  302.535461 109.184135 115.271652
 735          "s-k"   82  269.706207 105.702065 201.577438
 736          "s-o"   77  161.576248 133.713196 173.696747
 737          "s-s"  314  803.233521 348.656830 279.017181
 738          "s-t" 1697  4888.249512 1641.834229 1515.393188
 739          "s-y"  160  492.236755 214.296814 298.761566
 740          "t+a"  403  1269.180542 394.517212 440.628998
 741          "t+e"  325  996.708008 323.618713 214.951035
 742          "t+h" 10283  26606.031250 11453.675781 9023.929688
 743          "t+i"  582  1385.720947 501.224548 508.355194
 744          "t+o" 2739  7066.992676 2022.700439 1867.251099
 745          "t+r"  932  2394.073975 806.420349 741.866577
 746          "t+u"  252  751.129150 250.159760 229.415161
 747          "t+w"   84  247.029984  90.067017  71.050339
 748          "t-a"   80  295.987122  89.030960  57.198849
 749          "t-e" 1780  5294.138184 2243.571777 1842.600098
 750          "t-h"  755  1880.341675 545.559998 737.807861
 751          "t-i"   79  244.445831 174.714035 187.224640
 752          "t-o" 1110  2586.665283 1560.829102 1712.620361
 753          "t-s" 1289  2950.608154 2051.998535 2016.305664
 754          "t-y"  578  1350.271851 905.781128 691.187256
 755        "c-c+a"   83  249.666702  70.059464  51.251816
 756        "c-c+e"  253  621.728577 504.863098 188.242355
 757        "c-c+i"   87  249.689819 140.818420  83.840424
 758        "c-c+o"  249  697.432556 190.171661 228.114975
 759        "c-c+u"   82  300.623383  52.476173  45.902222
 760        "m-s+t"   85  212.085312 130.194092 145.134659
 761          "sil" 46636  58644.554688 92599.062500 47016.738281
 762          "u+n"  569  1292.021851 679.805115 609.026794
 763          "u+p"  164  448.040222 161.436020 243.167160
 764          "u+s"  246  857.968140 451.415497 371.808960
 765          "u-d"   78  219.959106  66.063606 116.262497
 766          "u-e"   83  255.305817  54.805233  35.082863
 767          "u-l"  340  1107.025513 414.271423 383.662323
 768          "u-m"  333  1201.123291 521.835449 560.983276
 769          "u-n"  183  483.403961 221.236969 313.951691
 770          "u-p"  240  497.913818 115.272461 152.762253
 771          "u-r" 1858  4450.077148 2744.990967 2357.614014
 772          "u-s"  324  928.835327 543.102539 442.690948
 773          "u-t" 1011  2971.722168 1051.393433 1166.101807
 774          "v+a"  161  615.772339 279.846008 234.198425
 775          "v+e" 1348  3730.582520 1831.214722 1846.060181
 776          "v+i"  253  824.294800 423.173248 222.317017
 777          "v+o"  262  886.741150 435.282928 306.547638
 778          "v-e" 1350  3176.404053 1618.953003 1216.662720
 779        "c-e+e"   84  230.925385 122.830734  42.161785
 780        "c-e+l"  168  402.361023 130.936996 145.269577
 781        "c-e+n"  168  462.990417 162.307617 179.673416
 782        "c-e+p"  253  739.426514 272.175079 222.314911
 783        "c-e+r"   90  271.692627  53.995949  37.849461
 784        "c-e+s"  423  994.946167 371.745575 658.162659
 785        "m-u+c"  237  478.603424 205.437790 218.034302
 786        "m-u+m"  171  484.141144  82.280312 110.067200
 787        "m-u+n"  167  413.499237 183.173721 159.211746
 788        "m-u+s"  424  824.028259 438.369568 445.584717
 789          "w+a" 2028  5072.368652 2342.277588 2535.980469
 790          "w+e" 1582  4540.239258 2690.156006 2971.870361
 791          "w+h"  249  602.235901 266.508728 233.334930
 792          "w+i" 2021  5281.621582 2338.780029 2565.116943
 793          "w+o" 1062  2537.586914 1347.813477 1400.801270
 794          "w+r"  409  1117.952881 445.365173 690.860352
 795          "w-e"  838  2377.668701 1088.710083 866.119324
 796          "w-n"  163  417.043427 266.858551 271.694824
 797          "w-o"   84  352.459381 181.598053 324.078461
 798          "w-s"   88  266.834106 117.088043 122.026474
 799        "p-a+c"   78  224.270691  92.813972  74.374451
 800        "p-a+g"   79  242.927963  77.939041  71.953789
 801        "p-a+i"   88  198.403458 117.543396  69.249207
 802        "p-a+n"  253  572.496460 226.535858 134.263824
 803        "p-a+r"  690  1444.180298 488.486542 494.077820
 804        "p-a+s"   75  179.777054 138.402206  92.855904
 805        "p-a+t"  166  297.386841  98.983292 127.633110
 806          "y+e"  166  508.099548 350.922852 206.241364
 807          "y+o" 2589  6321.799316 4264.406250 3870.450928
 808          "y-s"  403  1095.942261 547.743774 619.998291
 809        "c-h+a"  586  1566.099731 781.898315 802.769592
 810        "c-h+e"  572  1682.041138 706.631042 748.045837
 811        "c-h+i"  421  1396.325562 605.181641 518.396484
 812        "c-h+o"  345  1009.875000 419.978485 413.697754
 813          "z+e"   87  162.959915 262.975739 154.837158
 814          "z-e"   81  314.218842  77.291161 114.192154
 815        "c-i+d"   87  222.668640 142.953125 125.135620
 816        "c-i+e"   88  188.577179 154.872696 169.361664
 817        "c-i+r"   85  218.573441 137.585861 153.983353
 818        "c-i+s"  247  537.146423 334.891937 319.005035
 819        "c-i+t"  173  418.213501 226.494385 265.122833
 820        "m-y+s"   83  161.210876 128.877029 148.879715
 821        "p-e+c"   91  218.501236  40.298866  34.818581
 822        "p-e+d"  259  581.187073 131.070953 180.378510
 823        "p-e+e"  422  821.057617 230.104706 307.191376
 824        "p-e+n"  433  775.219604 334.524384 272.460266
 825        "p-e+o"   80  200.702362  60.845085  82.162720
 826        "p-e+r"  575  1146.786011 278.120789 483.145233
 827        "p-e+t"   91  151.862778  32.987930  34.011036
 828        "c-k+e"  510  1206.487183 632.108582 609.145020
 829        "c-k+i"  154  368.477570 188.901260 130.695663
 830        "c-k+l"  165  366.690399 184.992554 152.454910
 831        "c-k+s"  241  564.047546 260.988373 318.227509
 832        "c-l+a"   80  380.208740  64.438103  80.633606
 833        "c-l+o"   78  215.645416  40.791035 118.356171
 834        "p-h+a"   83  185.076797 128.865128  64.915924
 835        "p-h+e"   82  176.132004  64.096519 132.696655
 836        "p-h+o"   78  171.343613  56.913193 121.721748
 837        "p-h+s"   78  176.946899  77.215393 107.640564
 838        "p-h+y"   78  233.950974  85.890228  85.080627
 839        "p-i+c"   85  165.715363 111.993477 108.753410
 840        "p-i+d"   82  184.989258  92.917641  86.061897
 841        "p-i+e"   80  184.033737 121.977081  88.788574
 842        "p-i+g"   90  229.538025 112.746147  50.404510
 843        "p-i+l"  171  392.651672 259.767761 191.285614
 844        "p-i+n"  250  543.707275 316.863708 170.920135
 845        "p-i+r"  175  337.263794 215.325912 177.315506
 846        "p-i+t"  167  391.167053 219.183487 237.336273
 847        "c-o+a"   83  206.342972 115.491455  89.464714
 848        "c-o+f"  173  404.568298 281.790344 251.040466
 849        "c-o+l"  261  500.970856 253.998871 279.773560
 850        "c-o+m"  999  1718.448364 1159.154053 1345.790283
 851        "c-o+n"  844  1569.168579 1051.942749 1664.113159
 852        "c-o+o"  161  326.743500 176.274231 269.086945
 853        "c-o+r"  256  729.441162 386.318481 409.233154
 854        "c-o+t"   80  192.416458 148.421356 139.203171
 855        "c-o+u"  423  854.786865 483.609253 882.749512
 856        "c-o+v"   78  198.224228  81.026680 146.435547
 857        "p-l+a"  552  1257.744873 499.327759 415.511505
 858        "p-l+e"  679  1594.803955 456.986176 578.944397
 859        "p-l+i"  236  612.601868 143.505402 226.692276
 860        "p-l+o"   86  236.963440  69.087410  63.045803
 861        "c-r+e"  262  754.788757 382.604462 263.361115
 862        "c-r+i"  167  496.141632 187.565033 126.236885
 863        "c-r+o"   83  279.166077 111.939224  79.549950
 864        "c-t+a"  356  900.236023 323.214905 299.453705
 865        "c-t+e"   80  204.399185  88.496773 135.340469
 866        "c-t+i"  834  2076.134033 475.586212 572.144104
 867        "c-t+o"  175  389.175964  65.474678 107.598351
 868        "c-t+r"   85  236.067841  91.206093  96.919525
 869        "c-t+s"  174  460.589996 141.369965 146.010681
 870        "p-o+i"   92  246.477463  98.690933  91.884384
 871        "p-o+l"  173  391.809631 159.339645 380.365814
 872        "p-o+o"   85  193.022797  44.731827 107.946785
 873        "p-o+p"  157  363.707794  97.087448 312.067719
 874        "p-o+r"  254  499.691498 221.603683 262.731628
 875        "p-o+s"   78  174.312408  86.980431 159.308105
 876        "p-o+t"   97  212.719788  76.471916  57.635872
 877        "p-o+w"   76  157.988876  94.996704  71.803856
 878        "c-u+l"  337  798.309814 288.842285 276.545654
 879        "c-u+m"   85  221.357025  35.867104  45.000626
 880        "c-u+r"   82  193.089233 104.280334  99.652290
 881        "c-u+s"   88  255.049011  62.357727  71.733658
 882        "p-p+e"  172  314.274750 193.792542 178.753922
 883        "p-p+i"  167  402.327515  57.004955  74.326324
 884        "p-p+l"   89  176.561691  71.735199  47.847569
 885        "p-p+o"   92  297.859406 126.996048  36.708912
 886        "f-a+c"  166  447.387238 214.599976 102.015518
 887        "f-a+l"   88  371.537903  94.385132  89.390907
 888        "f-a+s"  257  608.366272 321.769409 242.434113
 889        "f-a+v"  430  1172.210815 510.666748 333.385864
 890        "f-a+x"  172  425.738495 220.711533 161.770020
 891        "p-r+a"  250  551.363403 281.483490 298.542053
 892        "p-r+e"  614  1423.533569 695.909851 684.358215
 893        "p-r+i"  329  867.014282 365.263428 298.309967
 894        "p-r+o"  572  1183.277710 595.270935 595.408142
 895        "p-s+y"  173  393.289703 191.561386 155.891754
 896        "p-t+a"  173  389.505798 143.985336  98.743279
 897        "p-t+i"   85  196.964005  30.542068  36.659309
 898        "f-e+b"   93  249.002884  83.113152  39.493710
 899        "f-e+d"   84  192.528046  60.643349  66.605598
 900        "f-e+e"  262  688.957275 352.519287 239.604568
 901        "f-e+n"  179  394.485992 102.047737 124.681412
 902        "f-e+r"  353  757.197693 306.783905 275.863892
 903        "f-e+s"   83  198.170242 122.097862  85.531235
 904        "f-e+t"   78  186.915253  63.205917  62.143158
 905        "p-u+b"   84  190.520355  60.115822  36.117680
 906        "p-u+l"  157  350.539642 134.442642  96.737312
 907        "f-f+e"  432  1171.847046 608.030884 451.294861
 908        "f-f+i"  344  665.071960 548.042786 428.540100
 909        "f-f+o"   92  183.569351 110.069878  96.469124
 910        "s-a+c"   85  218.864609 132.483154  87.374474
 911        "s-a+d"  171  504.913635 355.980316 221.651260
 912        "s-a+f"   78  220.046631 118.927208  64.004257
 913        "s-a+l"  159  466.299194 165.335876 148.674774
 914        "s-a+m"   78  280.096893 317.887909  85.633278
 915        "s-a+n"   80  230.220673 118.558868  83.834190
 916        "s-a+r"   81  285.789215  59.910538  25.966249
 917        "s-a+s"   76  242.986252 217.132141 116.505730
 918        "s-a+u"   90  267.233978 156.473618 134.716660
 919        "s-a+y"   79  314.594574 137.304352 130.724152
 920        "s-c+h"  257  681.870239 399.873230 206.908386
 921        "s-c+i"   88  238.617966  75.869728  74.721062
 922        "s-c+o"   91  269.682953  65.024384  97.874748
 923        "s-c+r"  176  648.919800 313.898285 256.005310
 924        "f-i+c"  344  731.264221 404.302002 284.288605
 925        "f-i+d"   83  219.846573 126.666893 118.068962
 926        "f-i+e"   90  180.249893 179.280716 220.014587
 927        "f-i+l"   80  220.666763  93.123116 113.050629
 928        "f-i+n"  354  798.130920 453.599609 397.116821
 929        "f-i+r"  158  364.402039 201.803162 212.892868
 930        "f-i+s"   83  234.141724 178.530243 144.129257
 931        "s-e+a"  259  697.830322 461.391266 475.834808
 932        "s-e+c"   82  192.220779 148.501617  79.831764
 933        "s-e+d"  254  638.884460 330.397369 297.671326
 934        "s-e+e"   83  244.122559 197.567947 113.244942
 935        "s-e+m"   90  236.511490  94.982613 111.419380
 936        "s-e+n"  259  683.806763 323.049683 253.701599
 937        "s-e+q"   83  169.305832 129.314743 117.371140
 938        "s-e+r"  649  1608.177124 901.371521 676.117554
 939        "s-e+s"  251  686.045410 279.152557 265.113403
 940        "s-e+t"   83  246.412308  78.751884  38.796207
 941        "s-e+v"  162  438.949219 210.187164 270.232330
 942        "f-l+a"  156  445.359863 143.399429 131.748352
 943        "s-h+a"   81  271.077393 125.055359 115.382103
 944        "s-h+e"  158  426.630249 180.112518 251.135986
 945        "s-h+f"   87  295.487610  91.956345 128.530319
 946        "s-h+i"  336  1017.573059 378.148621 407.290985
 947        "s-h+m"   81  375.440643 173.924164 138.042404
 948        "s-h+o"  581  1825.878174 727.683838 878.258057
 949        "s-i+c"  168  317.884186 277.538727 163.360214
 950        "s-i+d"  264  501.136719 398.211029 459.786652
 951        "s-i+g"  174  419.185181 292.445587 321.193634
 952        "s-i+l"   81  158.217178 162.314178 119.149620
 953        "s-i+n"   90  187.365021  99.439491 111.045181
 954        "s-i+o"  403  791.575256 531.603271 648.335632
 955        "s-i+r"   82  152.763138 167.466537 130.785141
 956        "s-i+t"  344  667.728943 544.919556 484.698486
 957        "s-i+v"  433  731.372131 555.338867 508.892212
 958        "s-i+x"  171  314.590210 463.581360 483.936615
 959        "s-i+z"   81  191.770828 150.280991 153.984146
 960        "f-o+l"   89  200.567139 103.828285 131.408340
 961        "f-o+o"  177  407.875977 172.255249 243.555695
 962        "f-o+r" 1324  3159.100586 1725.006592 2251.863281
 963        "f-o+u"  339  908.655884 320.113617 385.183136
 964        "f-o+x"   87  203.798126 163.545578 148.498245
 965        "s-k+e"   80  264.761230 181.072876  84.416481
 966        "s-k+i"   78  267.816406 140.835709 128.976929
 967        "s-l+i"   91  203.953796  65.164467  55.389908
 968        "f-r+a"   83  238.127518 116.994820  79.602844
 969        "f-r+e"  158  587.296265 243.670792 220.040863
 970        "f-r+i"   79  250.097382 137.037201  33.579762
 971        "f-r+o"  259  612.171326 283.354675 357.265533
 972        "s-m+a"  162  564.556396 317.382568 261.699646
 973        "s-n+o"   85  205.453857 123.176216 115.008781
 974        "s-o+l"   92  215.959000 152.470261 178.018829
 975        "s-o+m"  244  399.723724 441.570343 524.406616
 976        "s-o+n"  579  1285.141724 720.980774 1258.823120
 977        "s-o+r"   83  245.755890 114.342941 163.977890
 978        "f-u+d"   82  264.734985  92.260101 130.256348
 979        "f-u+l"  340  748.150940 276.459991 321.956421
 980        "f-u+n"   96  273.641663  64.244759  45.122532
 981        "f-u+s"   80  236.691681  80.959755  74.276932
 982        "s-p+a"  157  498.676025 129.502884 227.118332
 983        "s-p+e"  350  879.035767 363.383820 372.629120
 984        "s-p+i"  346  1290.908691 637.909790 342.204651
 985        "s-p+o"  185  474.409821 220.966232 255.190247
 986        "s-p+r"  163  549.226379 205.702652 175.453506
 987        "i-a+l"  159  374.841400 126.975426 163.128876
 988        "i-a+t"  254  679.170349 172.808228 126.221626
 989        "s-q+u"   80  235.296173  56.622002  82.359985
 990        "i-b+r"  255  883.580688 539.673279 362.709167
 991        "i-c+a"  739  2270.559326 768.472778 601.673157
 992        "i-c+e"  502  1555.414185 898.702026 558.931335
 993        "i-c+k"  504  1444.679565 605.720093 437.293945
 994        "i-c+s"  163  506.424042 286.373779 210.880402
 995        "i-c+t"  246  834.763611 394.764832 363.777649
 996        "i-c+u"  337  977.071777 514.072815 447.520538
 997        "s-s+a"   90  198.558441 211.099731 169.885605
 998        "s-s+e"  170  408.233215 171.655777 193.463913
 999        "s-s+i"  253  522.333557 250.927811 227.385086
1000        "s-s+o"   83  244.398499  80.081421  80.658119
1001        "i-d+e"  772  1766.664673 776.683472 1020.413208
1002        "i-d+i"   79  224.110138  87.214012  93.665779
1003        "i-d+l"   82  235.798950 130.135376 117.422340
1004        "i-d+n"   86  195.034073 122.955299  87.781700
1005        "i-d+s"   87  189.485214 112.644394 146.170959
1006        "s-t+a"  581  1661.384521 880.945801 613.164185
1007        "s-t+e"  932  2161.231689 991.220642 769.813965
1008        "s-t+i"  507  1294.683594 330.747192 353.044464
1009        "s-t+o"  500  1252.764160 509.291046 366.276398
1010        "s-t+r"  493  1389.549072 469.441895 441.735352
1011        "s-t+s"   90  287.519043 126.602951  78.772591
1012        "s-t+u"  155  508.880096 152.266403 165.340729
1013        "s-t+y"  174  541.898499 249.675980 194.296356
1014        "i-e+d"  164  372.268524 197.226685 154.106186
1015        "i-e+l"   90  244.305359  68.652397  59.146713
1016        "i-e+n"  167  409.809723 163.844803 301.368103
1017        "i-e+s"  587  1382.766602 586.229553 440.459137
1018        "i-e+t"   86  206.644516  94.143196  60.487282
1019        "i-e+v"   90  237.187622 105.510170 166.131561
1020        "s-u+b"  329  714.143433 479.351959 542.116760
1021        "s-u+c"   86  221.770569 104.545769  85.694244
1022        "s-u+l"  164  427.883026 222.763107 341.235413
1023        "s-u+m"   81  273.344116 107.526474 104.694901
1024        "s-u+n"  164  351.638397 128.284332 162.936096
1025        "s-u+p"  168  471.737823 151.953720 142.224579
1026        "s-u+r"  159  442.419006 172.419724 216.357849
1027        "i-f+e"  174  580.477112 328.981262 315.473969
1028        "i-f+f"  258  582.960632 251.461639 438.373932
1029        "i-f+u"  171  389.607330 250.757538 311.688110
1030        "v-a+i"  172  407.718719 261.931061 188.004257
1031        "v-a+l"  171  442.937378 113.019844 214.925354
1032        "v-a+n"   80  311.011383  64.801048  49.785561
1033        "v-a+t"  258  631.085510 169.188904 153.773453
1034        "i-g+a"  251  693.268677 285.737366 380.573242
1035        "i-g+h"  569  1125.504883 387.480988 517.707214
1036        "i-g+i"   85  245.856186  74.192902 135.529541
1037        "i-g+n"  174  555.167664 225.354416 291.897705
1038        "s-w+e"  169  429.190979 231.766815 286.074860
1039        "s-y+c"  173  364.208038 227.391251 194.256256
1040        "s-y+m"   84  316.332306 148.451309 101.801369
1041        "s-y+s"  168  384.734924 232.383728 155.599625
1042        "v-e+e"   84  292.059387  91.426750 113.027496
1043        "v-e+l"  259  572.707092 213.261765 124.605431
1044        "v-e+n"  337  697.966553 192.377136 255.990875
1045        "v-e+r" 2845  5799.402344 1848.540649 2034.118286
1046        "v-e+s"   89  195.853302 114.119621  83.180809
1047        "v-e+w"   79  194.621841  69.503532 165.760101
1048        "i-k+e"  157  352.629791 214.021576 214.056885
1049        "i-l+a"  171  494.191895 252.341492 243.551651
1050        "i-l+d"   75  174.169357  51.090649  41.005692
1051        "i-l+e"  161  462.802765 192.012421 196.185486
1052        "i-l+i"  172  571.168640  91.176895 117.105782
1053        "i-l+l"  926  2103.968994 642.674500 652.517334
1054        "i-l+o"   79  307.028687 119.985733  79.341927
1055        "i-l+s"   80  257.693939  59.306210  35.753304
1056        "i-l+v"   81  220.639160  93.115936  59.155895
1057        "i-l+y"  168  497.471161 123.251640 157.736664
1058        "i-m+a"   75  262.812897 179.938873  83.125008
1059        "i-m+e"  497  1758.011353 939.754089 1015.900208
1060        "i-m+i"  168  535.197632 250.441986 159.919312
1061        "i-m+m"  242  589.662537 455.493225 285.719147
1062        "i-m+p"  166  450.374725 301.296722 230.507782
1063        "i-m+s"   78  262.496552 176.086975 136.546692
1064        "i-m+u"  171  506.626770 241.504730 264.649292
1065        "i-n+a"  165  412.714294 204.159042 355.574066
1066        "i-n+c"  171  448.443481 140.189865 217.730118
1067        "i-n+d"  428  1232.451172 558.845398 735.515137
1068        "i-n+e"  602  1373.486206 635.689087 783.129150
1069        "i-n+f"  168  523.912720 293.564453 214.307190
1070        "i-n+g" 4508  9518.625977 3996.458496 4568.912109
1071        "i-n+i"   87  213.292618  81.369591 106.356247
1072        "i-n+k"  241  604.155884 248.043854 309.109985
1073        "i-n+n"  172  314.862915 183.280792 200.697891
1074        "i-n+s"  250  721.599304 400.308990 534.919739
1075        "i-n+t"  583  1335.224243 972.857605 1021.447388
1076        "i-n+v"   89  291.456421 101.566521 173.333084
1077        "v-i+c"  157  338.023163 166.500595 202.253601
1078        "v-i+e"  170  369.646851 276.864075 305.451813
1079        "v-i+n"  238  457.996613 347.289429 293.768311
1080        "v-i+r"  160  456.779053 258.221283 217.207260
1081        "v-i+s"  252  494.492035 391.723969 403.505310
1082        "i-o+d"   79  258.124054 158.522873 162.619034
1083        "i-o+n" 3974  8724.312500 4191.944336 6048.330566
1084        "i-o+r"  168  643.650330 286.862183 287.949768
1085        "i-p+l"  161  606.448730 183.265610 120.015396
1086        "i-p+p"   89  148.664993 107.997787  34.178665
1087        "i-p+t"   85  211.083847  75.907173  87.643890
1088        "i-q+u"   84  205.651688  75.242889  75.727997
1089        "i-r+a"   88  259.275391 138.813507  79.768707
1090        "i-r+c"   85  268.032562 111.748405 114.399666
1091        "i-r+e"  333  861.909607 413.581909 493.326202
1092        "i-r+i"   87  229.483032  73.996178  39.438419
1093        "i-r+o"  160  495.178375 290.297821 210.055389
1094        "i-r+s"   79  264.872131  76.462654  53.129051
1095        "i-r+t"  260  690.114990 268.605408 234.082748
1096        "i-s+a"   76  193.439606 146.361206 138.133301
1097        "i-s+c"  269  629.335876 354.523468 257.235992
1098        "i-s+e"   84  176.977768 101.092484 131.239410
1099        "i-s+h"  251  506.617432 288.344543 237.825500
1100        "i-s+i"  415  974.808411 688.499756 545.113953
1101        "i-s+s"  255  543.638428 253.155060 239.598190
1102        "i-s+t"  668  1390.049561 738.700684 840.037048
1103        "i-t+a"  167  462.301270 137.369843 123.850029
1104        "i-t+e"  772  1849.734619 479.763519 479.834412
1105        "i-t+h"  915  2128.739746 1102.555176 747.743103
1106        "i-t+i"  765  1859.521973 370.247345 420.156464
1107        "i-t+n"   85  237.245850  45.933800  53.466843
1108        "i-t+o"   87  238.315445  25.056818  29.345186
1109        "i-t+t"  165  414.459045 118.664131 154.069717
1110        "i-t+y"  246  651.716736 116.247192 127.025406
1111        "v-o+i"  173  541.768372 137.321869 198.494949
1112        "v-o+r"  497  1038.760132 591.738892 1120.320923
1113        "v-o+t"  172  494.608124 231.830292 296.719696
1114        "v-o+u"   13   87.154739  14.015491 117.314468
1115        "i-u+m"   81  251.289825 116.216995 110.390350
1116        "i-v+a"   90  192.363602 121.436142  80.452126
1117        "i-v+e" 1101  2673.512939 1059.084839 1074.620728
1118        "i-v+i"  156  467.397644 160.274475 194.970078
1119        "l-a+b"   86  224.275360 127.392105  55.868488
1120        "l-a+c"   88  200.322662  43.170013  54.027458
1121        "l-a+g"   83  229.717377  96.612503  69.609406
1122        "l-a+i"   80  202.763077 111.014168  50.446136
1123        "l-a+m"   78  259.647186 378.464600  76.648193
1124        "l-a+r"  251  643.684021 220.626740 152.878510
1125        "l-a+s"  151  492.160248 238.339539 120.038437
1126        "l-a+t"  668  1559.437378 721.701904 482.627686
1127        "l-a+u"   80  344.634094  82.053955  70.785973
1128        "l-a+v"  163  577.871643 156.129150 123.651123
1129        "l-a+y"  384  845.159363 253.176376 205.472961
1130        "l-a+z"  162  467.502808 263.984375 144.269531
1131        "l-d+e"   83  279.257172  90.144295  72.204575
1132        "l-d+i"   79  370.579895 105.847351 154.212662
1133        "l-d+r"   75  290.676025  91.503883 101.627357
1134        "i-z+e"   81  145.271332 132.809570 110.223900
1135        "l-e+a"  172  339.066986 148.912872 176.566940
1136        "l-e+c"  167  532.876221 183.711624 124.002197
1137        "l-e+d"   81  217.139435  67.409798  57.508560
1138        "l-e+m"   78  187.425217  96.319183  87.484169
1139        "l-e+n"  260  600.698730 299.197266 228.138947
1140        "l-e+p"   83  281.608246 140.725143  76.053642
1141        "l-e+r"  178  374.049927 170.472290 110.718124
1142        "l-e+s"  171  433.545319 122.479561 101.167984
1143        "l-e+t"  527  1083.228149 395.960175 439.884644
1144        "l-e+v"   84  192.205917  92.318962  91.237099
1145        "l-f+e"   85  220.802963 127.197510 182.149719
1146        "l-g+o"   77  250.852783 157.163254 107.614349
1147        "y-b+o"   88  296.513214 196.187332  82.910995
1148        "y-c+h"  173  482.655548 223.842300 213.318237
1149        "l-i+b"  255  536.609558 521.856995 477.133636
1150        "l-i+c"  320  671.471191 437.494141 295.890106
1151        "l-i+e"   90  199.045670 149.079285 146.569260
1152        "l-i+f"  174  500.974365 250.600616 235.045120
1153        "l-i+g"  407  928.231140 535.424805 575.854126
1154        "l-i+k"  157  364.246094 233.656754 204.655731
1155        "l-i+m"  168  439.772766 222.244446 206.297745
1156        "l-i+n"  686  1447.598999 747.184326 781.074585
1157        "l-i+p"   91  180.346344 102.843666  86.379555
1158        "l-i+s"   90  203.252594 121.331299  84.652809
1159        "l-i+t"  507  1067.342285 716.927856 823.655334
1160        "l-i+u"   81  223.536758 112.916580 101.665550
1161        "l-i+v"  163  337.185242 367.406311 248.938797
1162        "y-d+i"   83  265.062073  87.398796  54.708370
1163        "y-e+a"   84  299.923401  56.753811  33.087856
1164        "y-e+r"   87  270.731079  92.501984  71.227852
1165        "y-e+s"   82  261.261383  73.136986  85.171112
1166        "l-k+i"   77  160.092697 117.579910 132.985931
1167        "l-l+a"   80  274.557190  62.737259  62.072029
1168        "l-l+e"  514  1046.096558 444.526764 426.617401
1169        "l-l+i"   83  266.288147  59.502151  52.398163
1170        "l-l+o"  173  413.097473 117.579834 131.339127
1171        "l-l+s"   86  268.543579  54.724052  58.509895
1172        "l-l+y"  171  359.917023  92.214668 121.134270
1173        "y-i+n"   75  163.038239 126.815788  93.147713
1174        "l-o+c"  247  506.801331 229.697235 358.673431
1175        "l-o+g"   83  146.097580  64.741531  69.893692
1176        "l-o+m"   86  172.740936  86.878517  57.538078
1177        "l-o+n"  170  312.590454 153.094681 153.843063
1178        "l-o+o"  123  291.429352 108.710052 138.325211
1179        "l-o+r"   84  178.250687 100.559242 183.076828
1180        "l-o+s"  475  849.239441 512.491638 735.024902
1181        "l-o+u"  164  279.881470 153.966034 182.977417
1182        "l-o+v"  245  590.210205 322.306702 596.977722
1183        "l-o+w"   89  193.621445  79.323776 109.087959
1184        "b-a+d"  156  549.754761  98.350800 125.986420
1185        "b-a+k"   80  201.996506  75.934578  40.006920
1186        "b-a+l"  335  726.535400 269.774811 236.348862
1187        "b-a+n"  236  587.165039 283.847626 371.446594
1188        "b-a+r"   82  222.897736  50.225677  57.130821
1189        "b-a+s"   78  247.856232  74.879341  50.056839
1190        "b-a+t"  168  362.798706 120.245789 100.223343
1191        "y-l+e"   87  219.282394  74.184959 101.864288
1192        "y-m+o"   80  307.900604 114.706604 157.826904
1193        "y-m+p"  169  470.580017 319.367676 254.299942
1194        "b-d+i"   77  251.476715 111.767700  66.399986
1195        "b-e+a"  250  591.643372 230.611053 162.897110
1196        "b-e+f"   86  230.559052  31.768789  32.753399
1197        "b-e+h"   85  172.877884  55.433460  44.573936
1198        "b-e+r"  157  326.495941  80.218285 129.841034
1199        "b-e+s"   82  261.375427  62.279068  78.567741
1200        "y-o+u" 2589  5568.102051 2555.631348 4077.079346
1201        "b-e+t"  258  595.733215 215.345871 165.575851
1202        "b-e+w"   84  239.445923  74.320442  44.266697
1203        "l-u+c"  173  429.771729 211.787994 219.479553
1204        "y-p+a"   75  241.744537  64.426682  68.698792
1205        "l-v+e"   81  266.424744 119.471367 176.113953
1206        "o-a+l"   83  312.771820  72.978188  85.788597
1207        "l-w+a"  162  421.911041 197.141830 194.342712
1208        "o-b+i"   83  313.300812 121.286438  86.907219
1209        "o-b+j"  171  481.169342 251.452530 137.021042
1210        "o-b+l"  157  596.900452 245.823380 206.570007
1211        "o-b+o"   80  231.106995 147.698456  81.341400
1212        "o-b+s"   85  324.656616 182.392960  93.028488
1213        "o-c+a"   82  210.183304 206.355255  98.502586
1214        "o-c+c"  165  492.900208 141.388535 173.126724
1215        "o-c+e"   90  272.794067 165.340744 103.901764
1216        "o-c+k"  327  985.135742 500.134308 268.030396
1217        "o-c+o"  175  579.837646 347.358734 286.718933
1218        "o-c+t"   85  253.608109  56.152706  46.812820
1219        "y-s+i"   78  198.951691 145.213516  97.293716
1220        "b-i+g"   82  167.247589  74.041916  57.571472
1221        "b-i+l"  250  480.941406 342.479462 372.402283
1222        "b-i+n"   83  218.417435 120.277084 113.615601
1223        "b-i+r"   85  196.158951 149.972733 152.160934
1224        "y-s+t"  251  501.825897 431.482666 405.466522
1225        "b-i+t"   84  170.703751 105.057579 169.256821
1226        "l-y+d"   83  210.778595 189.041809 130.379715
1227        "l-y+m"   85  239.247055 159.504532 124.560005
1228        "o-d+a"  240  765.102539 317.557983 273.432434
1229        "o-d+e"   84  251.950394 170.779556 108.186195
1230        "o-d+y"  256  748.458191 287.479767 299.612976
1231        "b-j+e"  254  727.334473 345.436035 268.410797
1232        "y-t+h"   79  191.188141  67.657104  68.460899
1233        "o-e+s"  169  467.072083 178.518509 234.827972
1234        "o-f+e"   83  231.691010 183.043427 176.057663
1235        "o-f+f"  432  1178.848267 531.173462 568.381958
1236        "b-l+a"  162  446.400208 125.616974 137.846710
1237        "b-l+e"  748  1925.254150 784.411926 720.302368
1238        "b-l+i"  163  500.728088  89.931320 115.247078
1239        "b-l+o"   86  261.390778  42.894592  45.686287
1240        "o-g+r"   78  165.363235  82.855797  85.516144
1241        "o-g+y"   83  182.215500  66.589607  60.835461
1242        "y-w+h"   86  247.077972  94.710182  96.762497
1243        "o-i+c"   90  235.978485 108.268906 120.596832
1244        "o-i+d"   83  181.736267 138.696671 104.174568
1245        "o-i+l"   77  184.134186 113.099022 103.898308
1246        "o-i+n"  174  329.786346 433.086792 442.212677
1247        "b-o+d"  168  324.863129 137.833725 135.134094
1248        "b-o+n"   79  226.211273  77.327583 124.297966
1249        "b-o+o"   87  206.907745 120.753670 153.501205
1250        "b-o+r"  172  426.161774 173.080872 129.449829
1251        "b-o+u"  258  559.239136 273.211456 319.988373
1252        "b-o+y"   82  190.997986  89.077560 265.802155
1253        "o-k+e"  262  648.248901 296.774841 348.970917
1254        "o-k+i"  161  326.915833 162.701508 187.318329
1255        "o-k+s"  168  431.038727 151.319244 227.275772
1256        "o-l+a"  175  534.683533 134.183792 198.508575
1257        "o-l+d"  334  957.450195 380.302368 353.240265
1258        "o-l+e"   80  199.556229  73.492416  98.524712
1259        "o-l+f"   85  206.502014  81.746315 143.862854
1260        "o-l+i"  173  640.702087 139.732407 169.571472
1261        "o-l+l"   89  247.380356  89.663521  75.636665
1262        "o-l+o"   83  218.699158  68.915634  53.568150
1263        "o-l+s"   87  210.958847 123.199867  93.463074
1264        "o-l+y"   85  400.357819  98.193031  56.353668
1265        "b-r+a"  255  553.453003 347.967834 263.172546
1266        "b-r+e"  172  492.392487 219.448517 244.581894
1267        "b-r+i"  174  563.576904 142.244415 192.027649
1268        "b-r+o"  432  995.153748 392.903259 355.334747
1269        "b-r+u"   93  221.617050 175.791122  63.410629
1270        "o-m+a"   86  227.106003  81.614059 299.120697
1271        "o-m+e"  665  2103.910156 1189.763916 1177.379395
1272        "o-m+i"   81  272.809601 103.576286 142.033768
1273        "o-m+m"  167  520.012817 185.257919 143.275192
1274        "o-m+o"  164  678.454529 409.318390 551.599182
1275        "o-m+p"  665  1481.862305 949.318848 831.723511
1276        "o-m+y"   81  374.294434 216.678253 199.604126
1277        "b-s+e"   85  268.146118  95.182991 109.339142
1278        "o-n+a"  424  873.407532 660.167969 607.660889
1279        "o-n+c"   88  266.572784  90.953850 146.441040
1280        "o-n+d"  164  338.426453 290.627686 231.152130
1281        "o-n+e"  569  1282.712646 745.760742 777.871338
1282        "o-n+f"  179  539.283630 194.277054 209.797363
1283        "o-n+g"  341  792.253601 399.620239 328.088318
1284        "o-n+i"  247  630.355652 343.686127 403.044708
1285        "o-n+l"  166  549.147522 210.244293 293.005432
1286        "o-n+m"  160  428.624664 335.110199 260.952606
1287        "o-n+n"   80  171.076141  97.601807 140.054672
1288        "o-n+o"   81  218.165939  95.778000  91.872154
1289        "o-n+s" 1324  3167.766113 1625.056152 2247.750732
1290        "o-n+t"  176  454.973083 315.138367 246.743317
1291        "b-t+r"   83  222.129272  47.843731  86.801956
1292        "o-o+d"  498  1311.673340 546.035522 358.947693
1293        "o-o+k"  499  796.721130 456.043640 640.412537
1294        "o-o+l"   87  193.752686 101.161896 100.212845
1295        "o-o+n"   83  213.828598  94.236923  42.664967
1296        "o-o+r"   85  157.737946  82.461761 152.525513
1297        "o-o+s"   42  133.407425  39.977142  64.878670
1298        "o-o+t"   90  203.099136 153.429581  72.887001
1299        "b-u+c"   78  238.065201  81.933510  74.458542
1300        "b-u+l"   89  194.183777  79.448318  51.861095
1301        "b-u+r"  165  369.344574 228.624313 205.169724
1302        "b-u+s"   83  174.552353  85.600281 102.120270
1303        "b-u+t"  251  518.382568 240.846436 223.834885
1304        "o-p+l"   80  241.181915  99.858665 102.999565
1305        "o-p+o"   78  296.426086  64.123146 104.265541
1306        "o-p+p"  167  479.660400  62.901340 112.491547
1307        "o-p+r"   86  618.369324 161.589294  89.537254
1308        "o-p+u"  157  545.038208 121.257225 175.739395
1309        "e-a+c"  171  469.696808 250.926132 139.636017
1310        "e-a+d"  164  560.339844 198.745132 155.221878
1311        "e-a+k"   82  231.505676  95.000366  67.569084
1312        "e-a+m"  323  1172.456909 527.654907 228.188629
1313        "e-a+n"  153  505.382141 174.696457 156.228210
1314        "e-a+r"  675  1916.125854 998.226868 548.903625
1315        "e-a+s"  852  2169.680420 1070.318481 796.197998
1316        "e-a+t"  342  930.529602 385.641296 402.518433
1317        "e-a+u"  171  471.705688 138.754150 128.373718
1318        "e-b+r"   93  456.402100 192.237335 182.288879
1319        "o-r+c"  160  496.831299 178.905869 178.119705
1320        "o-r+d"  345  795.862671 297.838959 396.226532
1321        "o-r+e"  823  1991.661743 905.379150 1187.611816
1322        "o-r+i"  919  2144.905518 1112.608887 1163.498291
1323        "o-r+k"  498  1008.555481 644.461121 542.597717
1324        "o-r+l"  150  362.174347 309.927551 302.211121
1325        "o-r+m"  168  574.105286 228.907822 157.481598
1326        "o-r+o"   86  307.595856 113.984077  85.096878
1327        "o-r+r"  330  727.817749 301.140594 250.738434
1328        "o-r+t"  504  1115.920776 497.987152 511.753754
1329        "o-r+w"   92  213.647339 117.114899 119.014748
1330        "o-r+y"   83  218.298294  89.664604  51.102089
1331        "e-c+h"   88  361.585938 130.966904 106.639839
1332        "e-c+i"  163  600.165466 191.889969 233.212723
1333        "e-c+k"  242  622.099609 346.846039 228.180756
1334        "e-c+o"  163  479.264832 291.306732 274.732544
1335        "e-c+t" 1023  2604.083496 1179.741211 992.843201
1336        "o-s+a"   78  153.762924 118.678741 148.491058
1337        "o-s+e"  434  1006.579346 496.777466 556.899536
1338        "o-s+s"   77  182.593658 123.339180 163.994141
1339        "o-s+t"  335  753.587097 405.112976 532.378967
1340        "b-y+p"   75  151.266205  75.067085  68.561829
1341        "e-d+e"   87  273.124603  99.431129 206.477982
1342        "e-d+i"  514  1205.293579 752.192322 479.002777
1343        "e-d+o"   92  230.502350 155.623962 119.410080
1344        "e-d+r"   78  248.531479 155.077164  78.145424
1345        "e-d+s"  166  380.291199 276.255157 235.169342
1346        "e-d+u"   83  230.097748 126.156387 156.857468
1347        "o-t+b"   90  188.137863  79.103615  76.969658
1348        "o-t+e"  502  1421.290283 598.332947 498.120758
1349        "o-t+h"  171  405.209808 155.459167 125.686058
1350        "o-t+i"   90  228.306625  32.520241  32.095947
1351        "o-t+o"   78  171.341263  55.761269  70.663162
1352        "o-t+t"   80  159.058838  68.209183  70.996719
1353        "e-e+c"   88  184.006943  80.204498  45.222221
1354        "e-e+d"  511  1093.309326 379.057556 344.833588
1355        "e-e+k"  241  535.531799 143.089294 141.373672
1356        "e-e+l"   89  228.790558  28.873623  78.589783
1357        "e-e+n"   84  191.473709  43.783028  65.214951
1358        "e-e+p"   83  192.159225  45.013252  35.035866
1359        "e-e+r"   80  135.712204 107.669060  58.178978
1360        "e-e+s"   83  244.755371  62.245197  79.474693
1361        "e-e+t"  350  802.771667 286.832764 207.616058
1362        "o-u+b"  323  689.948608 342.130707 323.368866
1363        "o-u+d"   85  239.581940  81.097542 104.174843
1364        "o-u+g"  493  1100.667358 509.104736 731.569031
1365        "o-u+l"  247  689.674194 226.860672 397.213715
1366        "o-u+n"  731  1396.327148 650.389832 652.726929
1367        "o-u+r" 2052  5632.417969 2477.864258 2842.142090
1368        "o-u+s"  164  428.305481 184.000809 212.291595
1369        "o-u+t"  845  1829.138916 766.965759 775.020386
1370        "e-f+e"   92  301.218384 182.060257 227.253540
1371        "e-f+f"   92  208.329971 131.135895 156.438782
1372        "e-f+o"   86  220.645447 132.299545 145.174301
1373        "e-f+u"   80  273.729126 146.349152 113.818359
1374        "o-v+e"  561  1488.182007 688.476379 793.260437
1375        "o-v+i"  250  657.567932 290.195465 204.719864
1376        "r-a+c"  421  940.848877 382.625946 263.528015
1377        "r-a+f"   86  174.234558  90.875786  52.179871
1378        "r-a+g"  178  428.841827 108.253044  98.407463
1379        "r-a+i"  499  1270.179077 313.101685 358.643372
1380        "r-a+n"  424  1124.734375 372.515381 350.784698
1381        "r-a+p"  160  410.953491 123.819153  91.622093
1382        "r-a+r"  255  681.360291 221.440063 201.346527
1383        "r-a+t"  678  1480.779907 427.802002 490.281403
1384        "r-a+v"  176  415.847839 140.346039 152.077591
1385        "r-a+w"  330  778.679382 307.429474 192.657227
1386        "r-a+y"   87  202.280685  85.107330  54.238529
1387        "e-g+i"  250  659.746765 290.547089 348.272949
1388        "e-g+o"   78  208.368332  69.482491 117.923164
1389        "o-w+d"   83  199.561661  92.627174 197.797073
1390        "o-w+e"   76  184.714294  73.738213  73.355362
1391        "o-w+i"   75  175.542068 136.692078 116.075653
1392        "o-w+n"   87  228.943497 124.633034  89.923714
1393        "o-w+s"   83  326.364685 145.469589 122.497536
1394        "r-b+a"   75  220.419601 134.025848 100.941696
1395        "r-b+s"   86  320.103912 121.209900  99.093369
1396        "r-b+y"   97  283.884674 106.039650  60.387394
1397        "e-h+i"   85  252.817139 197.346115 109.125771
1398        "r-c+e"  160  482.043365 215.679291 269.737030
1399        "r-c+h"   84  217.113373  62.046276  41.917755
1400        "r-c+i"   84  295.687622 129.441895 150.088623
1401        "r-c+u"   85  380.466034 141.601456 139.344360
1402        "e-i+r"   90  184.831955 102.925003  86.695526
1403        "o-y+s"   82  216.900116 108.109589 106.417923
1404        "r-d+e"  175  494.026642 213.598862 220.907806
1405        "r-d+i"   88  190.294678 170.210403  60.540646
1406        "r-d+r"   76  187.014725  83.167824 240.407608
1407        "r-d+s"  161  456.480255 114.508972  98.090866
1408        "e-j+e"   91  293.341095 136.500458 254.797638
1409        "r-e+a"  918  2156.750977 773.690613 929.849854
1410        "r-e+c"  169  428.961792  86.136726 133.010376
1411        "r-e+d" 1096  3034.155273 1057.033325 872.063599
1412        "r-e+e"  336  743.851685 304.130707 127.896194
1413        "r-e+f"  172  446.554047 133.795364 134.158020
1414        "r-e+g"  250  611.030090 245.177353 194.787994
1415        "r-e+j"   91  287.303406 102.736900  91.305466
1416        "r-e+l"  264  683.034851 202.903152 283.317780
1417        "r-e+n"  171  385.055878  81.314720  81.135033
1418        "r-e+q"  165  417.920258 135.780472 136.449020
1419        "r-e+s"  935  1975.738770 731.858765 617.246643
1420        "r-e+u"   78  231.810532  83.238373  83.466278
1421        "r-e+v"  166  337.792023 146.676605 226.656326
1422        "e-k+e"  160  494.072052 329.796478 254.245819
1423        "r-f+a"   79  180.752502 139.007507 165.247665
1424        "r-f+e"   84  174.871719 148.122452 229.096115
1425        "r-f+u"   82  205.192566 126.386024  91.743423
1426        "e-l+a"   87  238.621307 129.729752 117.831253
1427        "e-l+d"   90  342.965973 142.315689  53.252502
1428        "e-l+e"  250  846.461121 301.998779 238.126923
1429        "e-l+i"  523  1503.549438 543.359741 599.492920
1430        "e-l+l"  248  495.671295 161.422485 271.657501
1431        "e-l+p"  247  553.803101 182.867111 196.535248
1432        "e-l+u"   92  356.414337 149.056870 134.732346
1433        "e-l+y"  339  769.739014 298.328461 323.344482
1434        "r-g+e"  327  813.837646 350.152191 369.906250
1435        "e-m+a"   83  276.236755 122.075111 106.382141
1436        "e-m+e"  167  442.096710 312.026917 309.408691
1437        "e-m+i"  248  714.159973 361.950836 467.878723
1438        "e-n+c"  354  824.386902 335.805908 324.249054
1439        "e-n+d"  418  909.748779 395.961639 623.241150
1440        "e-n+e"  167  355.604919 242.386810 255.968475
1441        "e-n+g"  169  467.304718 175.616531 155.296631
1442        "e-n+i"   76  208.567688  85.606171 162.995178
1443        "e-n+n"   76  170.577087 101.434929 104.012032
1444        "e-n+o"  331  873.647949 492.890747 451.625275
1445        "e-n+s"  433  965.371887 468.297943 590.799133
1446        "e-n+t" 2214  4470.693359 2969.392090 3280.873535
1447        "e-n+v"  160  393.483917 282.868683 202.797699
1448        "r-i+c"  170  307.398346 262.124542 341.463043
1449        "r-i+d"  161  382.343323 207.788071 193.120972
1450        "r-i+e"  244  529.666565 476.854370 381.430664
1451        "r-i+m"   82  193.879028  74.213684  77.766830
1452        "r-i+n"  902  1786.134277 1109.369385 841.448425
1453        "r-i+o"  247  540.097473 548.074341 403.199249
1454        "r-i+p"  160  392.187225 176.294952 156.944229
1455        "r-i+s"   90  193.526245 247.658325 146.805084
1456        "r-i+t"  837  1592.711914 1226.603882 1107.894043
1457        "r-i+v"  253  519.340759 324.587128 309.212280
1458        "e-o+n"   73  126.965187  92.050545  56.536682
1459        "e-o+p"   80  165.009521 105.061821  73.036285
1460        "e-p+a"   84  196.920837 110.470184  74.352638
1461        "e-p+h"   83  166.866302  42.209686  55.882114
1462        "e-p+t"  253  630.939758 172.370850 237.251160
1463        "r-k+i"  267  588.781433 293.801208 168.959320
1464        "r-k+w"   80  172.423645  72.201027  70.699554
1465        "e-q+u"  323  779.074402 463.789093 472.823639
1466        "r-l+d"  150  476.713684 211.503036 102.419197
1467        "r-l+i"   84  224.865219  75.473640  82.936920
1468        "e-r+a"  500  1325.606201 491.982788 712.455688
1469        "e-r+c"   84  253.190796 111.918930 115.312805
1470        "e-r+d"   76  227.101410 125.659988 267.252228
1471        "e-r+e"  858  2188.778320 1112.073608 1038.072266
1472        "e-r+f"  161  392.938660 174.682373 247.135529
1473        "e-r+g"   83  229.403366  82.852142 130.249283
1474        "e-r+i"  159  381.994843 166.041351 196.658447
1475        "e-r+m"   82  199.080185 199.393555  76.889038
1476        "e-r+n"   83  243.479401 132.245544  95.790344
1477        "e-r+o"   87  285.228821 130.594223 117.157669
1478        "e-r+r"   92  294.861359 137.339661 101.765503
1479        "e-r+s" 1685  4031.365234 1737.128662 1954.498657
1480        "e-r+v"  324  707.556702 453.379211 459.579376
1481        "e-r+w"   75  180.108322  77.888649 170.164795
1482        "e-r+y" 2119  4489.821777 2273.133789 1700.996704
1483        "r-m+a"  250  715.289917 380.625061 774.218140
1484        "e-s+c"   85  197.273499 184.903000  92.091141
1485        "e-s+e"  406  1067.787964 571.646179 513.985413
1486        "e-s+i"  176  467.484985 354.414642 227.315353
1487        "e-s+s"  330  591.476013 355.740448 347.438385
1488        "e-s+t" 1274  2495.844727 1657.079102 1912.454102
1489        "e-s+u"   85  168.851273 123.153679 116.654907
1490        "r-n+m"   83  182.776169 168.902054  95.041771
1491        "e-t+a"   80  231.486526  51.019226  26.042835
1492        "e-t+b"   88  219.669632  59.580563  48.108067
1493        "e-t+e"  356  900.590027 263.114807 312.402496
1494        "e-t+i"  260  648.993713 132.566223 181.052521
1495        "e-t+o"   86  264.485779  45.214458  61.305225
1496        "e-t+s"  249  649.994141 203.561081 322.796509
1497        "e-t+t"  505  931.146362 254.168686 302.949524
1498        "e-t+w"   84  252.236389  85.608734  49.609795
1499        "e-t+y"   78  234.028488  45.095535  38.694855
1500        "r-o+b"  161  345.649170 276.744202 352.768524
1501        "r-o+c"   90  237.654846 121.705009 161.032974
1502        "r-o+f"   83  187.597168 125.368927 125.719238
1503        "r-o+k"  262  615.490906 251.824524 593.147278
1504        "r-o+m"  259  510.353088 347.470367 521.785889
1505        "r-o+n"  497  1056.294556 546.000610 855.109070
1506        "r-o+p"  248  560.073669 215.728027 288.393463
1507        "r-o+t"  245  651.084290 325.496368 341.391754
1508        "r-o+u"  563  1376.936035 631.362122 900.121521
1509        "r-o+v"   80  195.673218  58.757545 113.454231
1510        "r-o+w"  492  1196.693970 554.410156 782.187805
1511        "e-u+d"   78  168.707733 170.985657 182.324936
1512        "e-u+p"   76  205.918869  70.088684 100.451103
1513        "r-p+e"   91  259.319427  88.528915  85.215317
1514        "e-v+a"  176  517.188721 264.659576 212.322418
1515        "e-v+e" 1190  3301.483887 1600.698730 1603.445190
1516        "h-a+c"   81  206.451462  46.712635  32.421566
1517        "h-a+d"   78  337.535065  51.341908  74.797714
1518        "h-a+i"  163  454.843323  91.673660  97.097969
1519        "h-a+l"   91  212.504532  63.604431  83.619675
1520        "h-a+m"   78  159.472153  37.988251  16.983465
1521        "h-a+n"  753  1668.163818 430.103485 480.777374
1522        "h-a+r"  255  529.700623 132.072113 124.804787
1523        "h-a+s"  430  1181.041382 300.356293 402.736328
1524        "h-a+t"  670  1486.233276 579.694458 550.402100
1525        "h-a+v"  416  1084.946045 295.874054 242.222015
1526        "e-w+a"  163  381.546143 238.343414 269.302216
1527        "e-w+d"   84  252.627258  74.148041 199.843445
1528        "e-w+s"   88  213.433990  79.420609  68.157814
1529        "r-r+a"  166  419.812744 150.696045 208.977890
1530        "r-r+e"  174  345.094727 208.145935 155.111633
1531        "r-r+o"  164  504.297638 144.182465 177.823151
1532        "r-r+y"   84  253.512756  47.465492  39.336102
1533        "e-x+a"  171  542.456238 194.176559 317.067657
1534        "e-x+c"  508  1265.868164 608.183167 750.743774
1535        "e-x+e"   84  224.423553 174.713104 114.987961
1536        "e-x+p"  608  1752.122803 612.576843 555.067810
1537        "e-x+t"   93  230.205307  65.672539 102.639427
1538        "r-s+a"  162  374.533569 251.962708 284.579712
1539        "r-s+i"   85  257.965485 187.625458 132.130035
1540        "r-s+o"  239  499.564514 262.034424 254.819717
1541        "r-s+t"  160  286.878632 288.222046 257.129913
1542        "h-d+a"   85  217.217728  37.026051  24.531174
1543        "h-d+r"   91  249.153244 102.820618 136.249191
1544        "r-t+a"  166  414.242584 167.921890 119.953163
1545        "r-t+e"   80  221.287384  41.124752  53.935265
1546        "r-t+h"  256  614.494324 268.756256 160.818832
1547        "r-t+i"   88  228.338791  39.425224  31.381294
1548        "r-t+l"   85  224.057678  46.764259  58.704044
1549        "r-t+m"  174  422.038971 121.314049 117.550888
1550        "r-t+s"  263  644.986206 212.784256 320.160614
1551        "r-t+u"   76  257.822113  38.943455  57.624100
1552        "h-e+a"  252  484.395142 180.017136 184.902588
1553        "h-e+c"  157  320.679596 160.247665 130.574615
1554        "h-e+d"  416  900.787415 196.669998 305.465393
1555        "h-e+i"   90  173.940247  48.211105  71.266968
1556        "h-e+l"  247  515.114807 262.263458 294.424042
1557        "h-e+m"  158  298.482086 130.605713 112.849525
1558        "h-e+n"   82  216.112991  66.104469  62.310272
1559        "h-e+r"  503  959.649109 266.189514 272.943024
1560        "h-e+s"  159  359.062622 153.167221 113.195656
1561        "h-e+t"   79  142.896042  49.859707  53.581726
1562        "h-e+y"   87  198.224319  12.971268  31.731743
1563        "r-u+a"   93  226.368103 119.847160 138.945602
1564        "r-u+c"  165  435.141602 281.098267 264.426483
1565        "r-u+g"  253  590.456238 333.454620 400.370300
1566        "r-u+n"   82  209.372162  95.315186  65.496986
1567        "h-f+u"   87  230.021378 112.750610 108.514313
1568        "r-v+a"   85  242.539505 132.518280  99.378448
1569        "r-v+e"  160  563.411926 220.692932 345.859497
1570        "r-v+i"   79  179.502899 160.686920  94.438240
1571        "u-a+k"   86  243.096619 163.093460  57.591324
1572        "u-a+l"   90  321.586456  99.825485  70.790550
1573        "u-a+n"   80  245.896988 114.487991 113.430336
1574        "u-a+r"  173  508.930389 152.059555 140.333649
1575        "u-a+t"   75  153.736176  34.648529  49.959473
1576        "r-w+a"   92  249.538101 109.149254 109.392891
1577        "r-w+e"   75  205.209503 141.907104 111.498543
1578        "u-b+d"   77  265.498505 143.417679 107.134071
1579        "u-b+j"   83  257.083771 135.912766  78.949799
1580        "u-b+l"  407  1030.532471 738.580688 444.098846
1581        "u-b+t"   83  349.498718 143.106384  58.179134
1582        "u-b+u"   86  247.175537 216.173477 152.679138
1583        "u-c+h"  237  606.850342 168.349243 204.211807
1584        "u-c+k"  325  913.536987 228.457886 283.931732
1585        "u-c+t"  257  703.467468 158.808212 195.367172
1586        "h-i+a"   90  288.529846 174.707657 140.563522
1587        "h-i+g"  244  590.500549 382.689850 309.330139
1588        "h-i+l"  156  326.208984 266.136383 194.367584
1589        "h-i+m"   84  141.098145  71.664040  81.841873
1590        "h-i+n" 1001  1733.453247 877.709534 994.261963
1591        "h-i+r"  175  371.020966 207.461533 168.544754
1592        "h-i+s" 1332  2569.677002 1743.003418 1764.490845
1593        "r-y+b"   88  239.892380 107.452553  89.627411
1594        "r-y+w"   86  187.859024 130.196274  68.424583
1595        "u-d+g"  172  461.963989 163.416428 132.231339
1596        "u-d+l"   85  210.559128 127.685837 129.274185
1597        "u-e+n"  163  356.570862 109.878120 134.521774
1598        "u-e+s"  241  539.345459 176.995758 186.987503
1599        "u-e+t"   84  249.825455  71.544571  47.682297
1600        "h-l+e"   85  301.544525 101.518143 137.704163
1601        "h-l+y"   86  212.492035  63.955555  53.879204
1602        "u-g+h"  574  1125.748535 534.253662 693.638000
1603        "u-g+s"  253  684.069580 230.764801 343.904816
1604        "h-m+e"   81  247.299408 111.115250 144.755005
1605        "u-i+c"  247  491.140778 196.189453 219.379562
1606        "u-i+d"   89  234.123871 165.378235 121.104179
1607        "u-i+r"   85  202.097687 104.558640 150.775818
1608        "u-i+t"   81  211.467255  83.417984  96.383308
1609        "h-o+c"  175  426.155334 127.795799 250.752411
1610        "h-o+l"  163  268.880951 122.962349 180.553696
1611        "h-o+m"  169  394.432251  73.932167 132.111984
1612        "h-o+n"   90  198.071976  44.438446  44.295269
1613        "h-o+o"   87  157.807739  41.143982 113.995064
1614        "h-o+p"  167  423.838928 110.572723 161.809219
1615        "h-o+r"   82  191.395218  87.220825  82.086868
1616        "h-o+t"   78  174.254593  35.792664  40.605175
1617        "h-o+u"  580  1225.962891 642.166443 786.845764
1618        "u-l+a"  323  815.214294 320.788055 415.683899
1619        "u-l+d"  247  729.781921 233.101471 212.809296
1620        "u-l+i"   83  237.958221  31.280663  54.351875
1621        "u-l+l"   89  262.367279  70.432556 100.248566
1622        "u-l+o"   79  245.920975  88.221329  66.343979
1623        "u-l+t"  518  1346.072266 400.945831 475.368591
1624        "h-r+e"   79  199.789291  96.477524 126.662621
1625        "h-r+o"  326  922.265259 596.982422 447.667725
1626        "u-m+b"   79  212.763275 107.944748  94.021713
1627        "u-m+p"  170  403.432404 242.590149 271.148499
1628        "u-m+s"   85  258.716553 169.446381 193.151657
1629        "u-n+a"  247  622.307556 422.500977 294.510315
1630        "u-n+c"   83  186.304749  93.858223 145.971329
1631        "u-n+d"  397  948.400330 374.528137 621.157776
1632        "u-n+f"   76  196.534653  86.854202 135.625244
1633        "u-n+g"   75  197.242126  67.105545  54.425320
1634        "u-n+i"  333  815.114624 398.428619 458.956360
1635        "u-n+n"  163  262.171265 138.450027 128.066437
1636        "u-n+s"   83  319.305298 145.052109 279.964203
1637        "u-n+t"  332  630.988770 500.834320 470.271790
1638        "h-t+e"   81  182.557983  48.028732  69.247429
1639        "u-p+e"  168  402.443573 136.417999 201.457260
1640        "h-w+a"   86  248.385483  93.518845  98.516380
