~o
<STREAMINFO> 1 20
<VECSIZE> 20<NULLD><USER><DIAGC>
~h "_"
<BEGINHMM>
<NUMSTATES> 3
<STATE> 2
<MEAN> 20
 -7.250485e+00 -2.093247e+00 -1.455679e+01 -1.091859e+01 -8.660292e+00 -1.228451e+01 -1.486557e+01 -1.432063e+01 -4.033768e+00 -1.235114e+01 -1.086898e+01 -1.222449e+01 4.984310e-01 -1.150327e+01 -6.147203e+00 -9.130588e+00 4.985538e+00 -9.933453e+00 -1.487953e+00 -9.491229e+00
<VARIANCE> 20
 8.972733e+00 1.581623e+00 8.203211e+01 1.390601e+01 2.579043e+01 6.360754e+00 7.217245e+01 3.712638e+01 1.644996e+01 7.107823e+00 6.241044e+01 4.766208e+01 1.490122e+01 8.117511e+00 3.571146e+01 3.049761e+01 2.365429e+01 9.296849e+00 4.484184e+01 3.511351e+01
<GCONST> 9.674608e+01
<TRANSP> 3
 0.000000e+00 1.000000e+00 0.000000e+00
 0.000000e+00 5.000000e-01 5.000000e-01
 0.000000e+00 0.000000e+00 0.000000e+00
<ENDHMM>
