~o
<STREAMINFO> 1 20
<VECSIZE> 20<NULLD><USER><DIAGC>
~h "b"
<BEGINHMM>
<NUMSTATES> 8
<STATE> 2
<MEAN> 20
 -7.318105e+00 -1.807144e+00 -1.184733e+01 -1.068995e+01 -9.258846e+00 -1.248752e+01 -1.333116e+01 -1.785000e+01 -4.498968e+00 -1.278411e+01 -9.457713e+00 -1.704209e+01 2.314417e-01 -1.208980e+01 -5.111534e+00 -1.483387e+01 5.145178e+00 -1.059080e+01 2.780278e-01 -1.368901e+01
<VARIANCE> 20
 9.648219e+00 9.926112e-01 7.791492e+01 1.155739e+01 2.524886e+01 5.497798e+00 5.385608e+01 4.973058e+01 1.221682e+01 5.947020e+00 3.933455e+01 7.447020e+01 7.086118e+00 5.652768e+00 2.555256e+01 6.960113e+01 1.090633e+01 5.093162e+00 2.546957e+01 4.470451e+01
<GCONST> 9.314272e+01
<STATE> 3
<MEAN> 20
 -7.318105e+00 -1.807144e+00 -1.184733e+01 -1.068995e+01 -9.258846e+00 -1.248752e+01 -1.333116e+01 -1.785000e+01 -4.498968e+00 -1.278411e+01 -9.457713e+00 -1.704209e+01 2.314417e-01 -1.208980e+01 -5.111534e+00 -1.483387e+01 5.145178e+00 -1.059080e+01 2.780278e-01 -1.368901e+01
<VARIANCE> 20
 9.648219e+00 9.926112e-01 7.791492e+01 1.155739e+01 2.524886e+01 5.497798e+00 5.385608e+01 4.973058e+01 1.221682e+01 5.947020e+00 3.933455e+01 7.447020e+01 7.086118e+00 5.652768e+00 2.555256e+01 6.960113e+01 1.090633e+01 5.093162e+00 2.546957e+01 4.470451e+01
<GCONST> 9.314272e+01
<STATE> 4
<MEAN> 20
 -7.318105e+00 -1.807144e+00 -1.184733e+01 -1.068995e+01 -9.258846e+00 -1.248752e+01 -1.333116e+01 -1.785000e+01 -4.498968e+00 -1.278411e+01 -9.457713e+00 -1.704209e+01 2.314417e-01 -1.208980e+01 -5.111534e+00 -1.483387e+01 5.145178e+00 -1.059080e+01 2.780278e-01 -1.368901e+01
<VARIANCE> 20
 9.648219e+00 9.926112e-01 7.791492e+01 1.155739e+01 2.524886e+01 5.497798e+00 5.385608e+01 4.973058e+01 1.221682e+01 5.947020e+00 3.933455e+01 7.447020e+01 7.086118e+00 5.652768e+00 2.555256e+01 6.960113e+01 1.090633e+01 5.093162e+00 2.546957e+01 4.470451e+01
<GCONST> 9.314272e+01
<STATE> 5
<MEAN> 20
 -7.318105e+00 -1.807144e+00 -1.184733e+01 -1.068995e+01 -9.258846e+00 -1.248752e+01 -1.333116e+01 -1.785000e+01 -4.498968e+00 -1.278411e+01 -9.457713e+00 -1.704209e+01 2.314417e-01 -1.208980e+01 -5.111534e+00 -1.483387e+01 5.145178e+00 -1.059080e+01 2.780278e-01 -1.368901e+01
<VARIANCE> 20
 9.648219e+00 9.926112e-01 7.791492e+01 1.155739e+01 2.524886e+01 5.497798e+00 5.385608e+01 4.973058e+01 1.221682e+01 5.947020e+00 3.933455e+01 7.447020e+01 7.086118e+00 5.652768e+00 2.555256e+01 6.960113e+01 1.090633e+01 5.093162e+00 2.546957e+01 4.470451e+01
<GCONST> 9.314272e+01
<STATE> 6
<MEAN> 20
 -7.318105e+00 -1.807144e+00 -1.184733e+01 -1.068995e+01 -9.258846e+00 -1.248752e+01 -1.333116e+01 -1.785000e+01 -4.498968e+00 -1.278411e+01 -9.457713e+00 -1.704209e+01 2.314417e-01 -1.208980e+01 -5.111534e+00 -1.483387e+01 5.145178e+00 -1.059080e+01 2.780278e-01 -1.368901e+01
<VARIANCE> 20
 9.648219e+00 9.926112e-01 7.791492e+01 1.155739e+01 2.524886e+01 5.497798e+00 5.385608e+01 4.973058e+01 1.221682e+01 5.947020e+00 3.933455e+01 7.447020e+01 7.086118e+00 5.652768e+00 2.555256e+01 6.960113e+01 1.090633e+01 5.093162e+00 2.546957e+01 4.470451e+01
<GCONST> 9.314272e+01
<STATE> 7
<MEAN> 20
 -7.318105e+00 -1.807144e+00 -1.184733e+01 -1.068995e+01 -9.258846e+00 -1.248752e+01 -1.333116e+01 -1.785000e+01 -4.498968e+00 -1.278411e+01 -9.457713e+00 -1.704209e+01 2.314417e-01 -1.208980e+01 -5.111534e+00 -1.483387e+01 5.145178e+00 -1.059080e+01 2.780278e-01 -1.368901e+01
<VARIANCE> 20
 9.648219e+00 9.926112e-01 7.791492e+01 1.155739e+01 2.524886e+01 5.497798e+00 5.385608e+01 4.973058e+01 1.221682e+01 5.947020e+00 3.933455e+01 7.447020e+01 7.086118e+00 5.652768e+00 2.555256e+01 6.960113e+01 1.090633e+01 5.093162e+00 2.546957e+01 4.470451e+01
<GCONST> 9.314272e+01
<TRANSP> 8
 0.000000e+00 1.000000e+00 0.000000e+00 0.000000e+00 0.000000e+00 0.000000e+00 0.000000e+00 0.000000e+00
 0.000000e+00 5.000000e-01 5.000000e-01 0.000000e+00 0.000000e+00 0.000000e+00 0.000000e+00 0.000000e+00
 0.000000e+00 0.000000e+00 5.000000e-01 5.000000e-01 0.000000e+00 0.000000e+00 0.000000e+00 0.000000e+00
 0.000000e+00 0.000000e+00 0.000000e+00 5.000000e-01 5.000000e-01 0.000000e+00 0.000000e+00 0.000000e+00
 0.000000e+00 0.000000e+00 0.000000e+00 0.000000e+00 5.000000e-01 5.000000e-01 0.000000e+00 0.000000e+00
 0.000000e+00 0.000000e+00 0.000000e+00 0.000000e+00 0.000000e+00 5.000000e-01 5.000000e-01 0.000000e+00
 0.000000e+00 0.000000e+00 0.000000e+00 0.000000e+00 0.000000e+00 0.000000e+00 5.000000e-01 5.000000e-01
 0.000000e+00 0.000000e+00 0.000000e+00 0.000000e+00 0.000000e+00 0.000000e+00 0.000000e+00 0.000000e+00
<ENDHMM>
