~o
<STREAMINFO> 1 20
<VECSIZE> 20<NULLD><USER><DIAGC>
~h "e"
<BEGINHMM>
<NUMSTATES> 8
<STATE> 2
<MEAN> 20
 -7.329485e+00 -1.935136e+00 -1.274000e+01 -1.018157e+01 -8.865844e+00 -1.241172e+01 -1.496099e+01 -1.533116e+01 -4.207783e+00 -1.249607e+01 -1.093458e+01 -1.363323e+01 3.364826e-01 -1.162929e+01 -6.098760e+00 -1.027533e+01 4.935487e+00 -1.001101e+01 -1.539833e+00 -9.563560e+00
<VARIANCE> 20
 9.119133e+00 1.526329e+00 7.340730e+01 1.209093e+01 2.646346e+01 6.230100e+00 6.791217e+01 3.325449e+01 1.613236e+01 6.923762e+00 6.287090e+01 4.661834e+01 1.332592e+01 7.797386e+00 3.344908e+01 3.161811e+01 2.048030e+01 8.822969e+00 3.472991e+01 2.943900e+01
<GCONST> 9.543968e+01
<STATE> 3
<MEAN> 20
 -7.329485e+00 -1.935136e+00 -1.274000e+01 -1.018157e+01 -8.865844e+00 -1.241172e+01 -1.496099e+01 -1.533116e+01 -4.207783e+00 -1.249607e+01 -1.093458e+01 -1.363323e+01 3.364826e-01 -1.162929e+01 -6.098760e+00 -1.027533e+01 4.935487e+00 -1.001101e+01 -1.539833e+00 -9.563560e+00
<VARIANCE> 20
 9.119133e+00 1.526329e+00 7.340730e+01 1.209093e+01 2.646346e+01 6.230100e+00 6.791217e+01 3.325449e+01 1.613236e+01 6.923762e+00 6.287090e+01 4.661834e+01 1.332592e+01 7.797386e+00 3.344908e+01 3.161811e+01 2.048030e+01 8.822969e+00 3.472991e+01 2.943900e+01
<GCONST> 9.543968e+01
<STATE> 4
<MEAN> 20
 -7.329485e+00 -1.935136e+00 -1.274000e+01 -1.018157e+01 -8.865844e+00 -1.241172e+01 -1.496099e+01 -1.533116e+01 -4.207783e+00 -1.249607e+01 -1.093458e+01 -1.363323e+01 3.364826e-01 -1.162929e+01 -6.098760e+00 -1.027533e+01 4.935487e+00 -1.001101e+01 -1.539833e+00 -9.563560e+00
<VARIANCE> 20
 9.119133e+00 1.526329e+00 7.340730e+01 1.209093e+01 2.646346e+01 6.230100e+00 6.791217e+01 3.325449e+01 1.613236e+01 6.923762e+00 6.287090e+01 4.661834e+01 1.332592e+01 7.797386e+00 3.344908e+01 3.161811e+01 2.048030e+01 8.822969e+00 3.472991e+01 2.943900e+01
<GCONST> 9.543968e+01
<STATE> 5
<MEAN> 20
 -7.329485e+00 -1.935136e+00 -1.274000e+01 -1.018157e+01 -8.865844e+00 -1.241172e+01 -1.496099e+01 -1.533116e+01 -4.207783e+00 -1.249607e+01 -1.093458e+01 -1.363323e+01 3.364826e-01 -1.162929e+01 -6.098760e+00 -1.027533e+01 4.935487e+00 -1.001101e+01 -1.539833e+00 -9.563560e+00
<VARIANCE> 20
 9.119133e+00 1.526329e+00 7.340730e+01 1.209093e+01 2.646346e+01 6.230100e+00 6.791217e+01 3.325449e+01 1.613236e+01 6.923762e+00 6.287090e+01 4.661834e+01 1.332592e+01 7.797386e+00 3.344908e+01 3.161811e+01 2.048030e+01 8.822969e+00 3.472991e+01 2.943900e+01
<GCONST> 9.543968e+01
<STATE> 6
<MEAN> 20
 -7.329485e+00 -1.935136e+00 -1.274000e+01 -1.018157e+01 -8.865844e+00 -1.241172e+01 -1.496099e+01 -1.533116e+01 -4.207783e+00 -1.249607e+01 -1.093458e+01 -1.363323e+01 3.364826e-01 -1.162929e+01 -6.098760e+00 -1.027533e+01 4.935487e+00 -1.001101e+01 -1.539833e+00 -9.563560e+00
<VARIANCE> 20
 9.119133e+00 1.526329e+00 7.340730e+01 1.209093e+01 2.646346e+01 6.230100e+00 6.791217e+01 3.325449e+01 1.613236e+01 6.923762e+00 6.287090e+01 4.661834e+01 1.332592e+01 7.797386e+00 3.344908e+01 3.161811e+01 2.048030e+01 8.822969e+00 3.472991e+01 2.943900e+01
<GCONST> 9.543968e+01
<STATE> 7
<MEAN> 20
 -7.329485e+00 -1.935136e+00 -1.274000e+01 -1.018157e+01 -8.865844e+00 -1.241172e+01 -1.496099e+01 -1.533116e+01 -4.207783e+00 -1.249607e+01 -1.093458e+01 -1.363323e+01 3.364826e-01 -1.162929e+01 -6.098760e+00 -1.027533e+01 4.935487e+00 -1.001101e+01 -1.539833e+00 -9.563560e+00
<VARIANCE> 20
 9.119133e+00 1.526329e+00 7.340730e+01 1.209093e+01 2.646346e+01 6.230100e+00 6.791217e+01 3.325449e+01 1.613236e+01 6.923762e+00 6.287090e+01 4.661834e+01 1.332592e+01 7.797386e+00 3.344908e+01 3.161811e+01 2.048030e+01 8.822969e+00 3.472991e+01 2.943900e+01
<GCONST> 9.543968e+01
<TRANSP> 8
 0.000000e+00 1.000000e+00 0.000000e+00 0.000000e+00 0.000000e+00 0.000000e+00 0.000000e+00 0.000000e+00
 0.000000e+00 5.000000e-01 5.000000e-01 0.000000e+00 0.000000e+00 0.000000e+00 0.000000e+00 0.000000e+00
 0.000000e+00 0.000000e+00 5.000000e-01 5.000000e-01 0.000000e+00 0.000000e+00 0.000000e+00 0.000000e+00
 0.000000e+00 0.000000e+00 0.000000e+00 5.000000e-01 5.000000e-01 0.000000e+00 0.000000e+00 0.000000e+00
 0.000000e+00 0.000000e+00 0.000000e+00 0.000000e+00 5.000000e-01 5.000000e-01 0.000000e+00 0.000000e+00
 0.000000e+00 0.000000e+00 0.000000e+00 0.000000e+00 0.000000e+00 5.000000e-01 5.000000e-01 0.000000e+00
 0.000000e+00 0.000000e+00 0.000000e+00 0.000000e+00 0.000000e+00 0.000000e+00 5.000000e-01 5.000000e-01
 0.000000e+00 0.000000e+00 0.000000e+00 0.000000e+00 0.000000e+00 0.000000e+00 0.000000e+00 0.000000e+00
<ENDHMM>
