~o
<STREAMINFO> 1 20
<VECSIZE> 20<NULLD><USER><DIAGC>
~h "z"
<BEGINHMM>
<NUMSTATES> 8
<STATE> 2
<MEAN> 20
 -7.742005e+00 -1.647059e+00 -1.450319e+01 -1.102052e+01 -1.053129e+01 -1.215068e+01 -1.504172e+01 -1.551010e+01 -4.849859e+00 -1.266171e+01 -8.141951e+00 -7.680626e+00 7.380096e-01 -1.217954e+01 -3.766401e+00 -6.873939e+00 6.391533e+00 -1.095518e+01 3.088675e-01 -9.258050e+00
<VARIANCE> 20
 2.442953e+00 8.096858e-01 3.440666e+01 7.942811e+00 1.330759e+01 4.539284e+00 4.846179e+01 2.848566e+01 1.266692e+01 4.603644e+00 9.966731e+00 1.964828e+01 1.189613e+01 4.250916e+00 8.022242e+00 2.064996e+01 1.081094e+01 4.381525e+00 1.386323e+01 4.309768e+01
<GCONST> 8.300845e+01
<STATE> 3
<MEAN> 20
 -7.742005e+00 -1.647059e+00 -1.450319e+01 -1.102052e+01 -1.053129e+01 -1.215068e+01 -1.504172e+01 -1.551010e+01 -4.849859e+00 -1.266171e+01 -8.141951e+00 -7.680626e+00 7.380096e-01 -1.217954e+01 -3.766401e+00 -6.873939e+00 6.391533e+00 -1.095518e+01 3.088675e-01 -9.258050e+00
<VARIANCE> 20
 2.442953e+00 8.096858e-01 3.440666e+01 7.942811e+00 1.330759e+01 4.539284e+00 4.846179e+01 2.848566e+01 1.266692e+01 4.603644e+00 9.966731e+00 1.964828e+01 1.189613e+01 4.250916e+00 8.022242e+00 2.064996e+01 1.081094e+01 4.381525e+00 1.386323e+01 4.309768e+01
<GCONST> 8.300845e+01
<STATE> 4
<MEAN> 20
 -7.742005e+00 -1.647059e+00 -1.450319e+01 -1.102052e+01 -1.053129e+01 -1.215068e+01 -1.504172e+01 -1.551010e+01 -4.849859e+00 -1.266171e+01 -8.141951e+00 -7.680626e+00 7.380096e-01 -1.217954e+01 -3.766401e+00 -6.873939e+00 6.391533e+00 -1.095518e+01 3.088675e-01 -9.258050e+00
<VARIANCE> 20
 2.442953e+00 8.096858e-01 3.440666e+01 7.942811e+00 1.330759e+01 4.539284e+00 4.846179e+01 2.848566e+01 1.266692e+01 4.603644e+00 9.966731e+00 1.964828e+01 1.189613e+01 4.250916e+00 8.022242e+00 2.064996e+01 1.081094e+01 4.381525e+00 1.386323e+01 4.309768e+01
<GCONST> 8.300845e+01
<STATE> 5
<MEAN> 20
 -7.742005e+00 -1.647059e+00 -1.450319e+01 -1.102052e+01 -1.053129e+01 -1.215068e+01 -1.504172e+01 -1.551010e+01 -4.849859e+00 -1.266171e+01 -8.141951e+00 -7.680626e+00 7.380096e-01 -1.217954e+01 -3.766401e+00 -6.873939e+00 6.391533e+00 -1.095518e+01 3.088675e-01 -9.258050e+00
<VARIANCE> 20
 2.442953e+00 8.096858e-01 3.440666e+01 7.942811e+00 1.330759e+01 4.539284e+00 4.846179e+01 2.848566e+01 1.266692e+01 4.603644e+00 9.966731e+00 1.964828e+01 1.189613e+01 4.250916e+00 8.022242e+00 2.064996e+01 1.081094e+01 4.381525e+00 1.386323e+01 4.309768e+01
<GCONST> 8.300845e+01
<STATE> 6
<MEAN> 20
 -7.742005e+00 -1.647059e+00 -1.450319e+01 -1.102052e+01 -1.053129e+01 -1.215068e+01 -1.504172e+01 -1.551010e+01 -4.849859e+00 -1.266171e+01 -8.141951e+00 -7.680626e+00 7.380096e-01 -1.217954e+01 -3.766401e+00 -6.873939e+00 6.391533e+00 -1.095518e+01 3.088675e-01 -9.258050e+00
<VARIANCE> 20
 2.442953e+00 8.096858e-01 3.440666e+01 7.942811e+00 1.330759e+01 4.539284e+00 4.846179e+01 2.848566e+01 1.266692e+01 4.603644e+00 9.966731e+00 1.964828e+01 1.189613e+01 4.250916e+00 8.022242e+00 2.064996e+01 1.081094e+01 4.381525e+00 1.386323e+01 4.309768e+01
<GCONST> 8.300845e+01
<STATE> 7
<MEAN> 20
 -7.742005e+00 -1.647059e+00 -1.450319e+01 -1.102052e+01 -1.053129e+01 -1.215068e+01 -1.504172e+01 -1.551010e+01 -4.849859e+00 -1.266171e+01 -8.141951e+00 -7.680626e+00 7.380096e-01 -1.217954e+01 -3.766401e+00 -6.873939e+00 6.391533e+00 -1.095518e+01 3.088675e-01 -9.258050e+00
<VARIANCE> 20
 2.442953e+00 8.096858e-01 3.440666e+01 7.942811e+00 1.330759e+01 4.539284e+00 4.846179e+01 2.848566e+01 1.266692e+01 4.603644e+00 9.966731e+00 1.964828e+01 1.189613e+01 4.250916e+00 8.022242e+00 2.064996e+01 1.081094e+01 4.381525e+00 1.386323e+01 4.309768e+01
<GCONST> 8.300845e+01
<TRANSP> 8
 0.000000e+00 1.000000e+00 0.000000e+00 0.000000e+00 0.000000e+00 0.000000e+00 0.000000e+00 0.000000e+00
 0.000000e+00 5.000000e-01 5.000000e-01 0.000000e+00 0.000000e+00 0.000000e+00 0.000000e+00 0.000000e+00
 0.000000e+00 0.000000e+00 5.000000e-01 5.000000e-01 0.000000e+00 0.000000e+00 0.000000e+00 0.000000e+00
 0.000000e+00 0.000000e+00 0.000000e+00 5.000000e-01 5.000000e-01 0.000000e+00 0.000000e+00 0.000000e+00
 0.000000e+00 0.000000e+00 0.000000e+00 0.000000e+00 5.000000e-01 5.000000e-01 0.000000e+00 0.000000e+00
 0.000000e+00 0.000000e+00 0.000000e+00 0.000000e+00 0.000000e+00 5.000000e-01 5.000000e-01 0.000000e+00
 0.000000e+00 0.000000e+00 0.000000e+00 0.000000e+00 0.000000e+00 0.000000e+00 5.000000e-01 5.000000e-01
 0.000000e+00 0.000000e+00 0.000000e+00 0.000000e+00 0.000000e+00 0.000000e+00 0.000000e+00 0.000000e+00
<ENDHMM>
