~o
<STREAMINFO> 1 20
<VECSIZE> 20<NULLD><USER><DIAGC>
~h "b"
<BEGINHMM>
<NUMSTATES> 5
<STATE> 2
<NUMMIXES> 4
<MIXTURE> 1 3.541742e-01
<MEAN> 20
 -5.977944e+00 -1.194497e+00 -1.028652e+01 -8.091700e+00 -7.928987e+00 -9.704739e+00 -1.036868e+01 -1.407549e+01 -3.674941e+00 -9.983988e+00 -6.743377e+00 -1.337657e+01 5.729396e-01 -9.588751e+00 -2.699640e+00 -1.189435e+01 4.997685e+00 -8.604151e+00 1.702077e+00 -1.136543e+01
<VARIANCE> 20
 4.931251e-01 2.956434e-01 2.157636e+01 2.826979e+00 1.998907e+00 8.050358e-01 4.395192e+00 1.872540e+01 1.156366e+00 7.213289e-01 3.827511e+00 2.615441e+01 1.097180e+00 5.978566e-01 3.200034e+00 2.527395e+01 1.660505e+00 5.716602e-01 5.074981e+00 1.707619e+01
<GCONST> 5.663493e+01
<MIXTURE> 2 6.062850e-02
<MEAN> 20
 -4.787415e+00 -1.920368e+00 -5.202272e+00 -1.248192e+01 -4.844064e+00 -1.525968e+01 -5.657096e+00 -2.729939e+01 -1.748435e+00 -1.578888e+01 -3.421820e+00 -2.893975e+01 1.181986e+00 -1.489393e+01 -5.263902e-01 -2.686295e+01 4.279261e+00 -1.286303e+01 2.909228e+00 -2.251085e+01
<VARIANCE> 20
 6.348344e+01 1.591025e+00 2.127736e+02 1.160273e+01 1.510941e+02 4.293665e+00 2.672910e+02 2.061109e+01 5.274509e+01 4.259326e+00 1.619158e+02 3.054982e+01 1.121251e+01 4.270987e+00 6.757587e+01 4.129388e+01 3.019639e+01 4.284798e+00 3.468744e+01 3.314259e+01
<GCONST> 1.019072e+02
<MIXTURE> 3 4.059020e-01
<MEAN> 20
 -7.724832e+00 -1.984642e+00 -1.071352e+01 -1.065288e+01 -9.524900e+00 -1.244131e+01 -1.371231e+01 -1.617204e+01 -4.502508e+00 -1.264159e+01 -9.539013e+00 -1.516593e+01 5.731775e-01 -1.198337e+01 -5.201784e+00 -1.195010e+01 5.946205e+00 -1.059602e+01 -2.296037e-01 -1.150853e+01
<VARIANCE> 20
 6.514266e-01 4.921642e-01 2.907001e+01 4.587655e+00 3.139715e+00 1.117943e+00 5.501750e+00 3.268892e+01 2.540145e+00 9.817801e-01 5.473033e+00 4.385435e+01 2.788822e+00 7.457850e-01 4.716189e+00 2.546632e+01 3.151590e+00 8.627496e-01 6.400115e+00 1.988080e+01
<GCONST> 6.472236e+01
<MIXTURE> 4 1.792953e-01
<MEAN> 20
 -8.456058e+00 -2.017173e+00 -2.178358e+01 -1.048907e+01 -1.071536e+01 -1.248290e+01 -2.169604e+01 -1.347203e+01 -6.266297e+00 -1.249430e+01 -1.811439e+01 -9.789392e+00 -2.048331e+00 -1.147683e+01 -1.357378e+01 -8.012175e+00 1.873332e+00 -9.707358e+00 -8.049683e+00 -8.457424e+00
<VARIANCE> 20
 7.742606e+00 2.442697e+00 6.117246e+01 2.188514e+01 4.178923e+01 6.649131e+00 6.582613e+01 3.849908e+01 2.919544e+01 7.124184e+00 6.272346e+01 3.742279e+01 1.964094e+01 9.228196e+00 5.285994e+01 3.066188e+01 2.162542e+01 1.216931e+01 7.125597e+01 3.805829e+01
<GCONST> 9.952891e+01
<STATE> 3
<NUMMIXES> 4
<MIXTURE> 1 2.319683e-01
<MEAN> 20
 -5.428558e+00 -1.353252e+00 -9.471303e+00 -8.047978e+00 -6.117138e+00 -9.571230e+00 -9.198154e+00 -1.259643e+01 -2.551561e+00 -9.687065e+00 -6.083877e+00 -1.142233e+01 8.837661e-01 -9.099497e+00 -3.076852e+00 -9.881006e+00 4.356845e+00 -7.938868e+00 8.504805e-01 -9.799567e+00
<VARIANCE> 20
 9.136485e+00 5.530289e-01 6.012291e+01 7.200338e+00 2.080980e+01 3.810817e+00 5.132830e+01 2.856426e+01 8.425914e+00 3.772013e+00 3.142982e+01 3.761937e+01 4.732129e+00 3.249767e+00 2.056445e+01 3.140256e+01 1.013867e+01 2.898408e+00 2.432719e+01 2.394280e+01
<GCONST> 8.559706e+01
<MIXTURE> 2 2.786581e-01
<MEAN> 20
 -7.454880e+00 -2.075840e+00 -5.561450e+00 -9.939417e+00 -9.359382e+00 -1.348629e+01 -1.173276e+01 -2.425578e+01 -4.219241e+00 -1.382111e+01 -7.749259e+00 -2.595444e+01 6.924681e-01 -1.292361e+01 -2.861091e+00 -2.443238e+01 5.879375e+00 -1.103817e+01 3.039612e+00 -2.030842e+01
<VARIANCE> 20
 2.731020e-01 3.332860e-01 1.498535e+01 1.871966e+00 1.755941e+00 1.017038e+00 4.057103e+00 3.178025e+00 1.354454e+00 9.536525e-01 4.219053e+00 4.089554e+00 1.291131e+00 8.682098e-01 3.530602e+00 3.329202e+00 1.503463e+00 8.420543e-01 3.831822e+00 2.337256e+00
<GCONST> 4.894213e+01
<MIXTURE> 3 2.390540e-01
<MEAN> 20
 -9.346854e+00 -2.542708e+00 -1.889805e+01 -1.441276e+01 -1.080786e+01 -1.432599e+01 -1.568164e+01 -1.256987e+01 -5.054930e+00 -1.452256e+01 -9.971256e+00 -1.004630e+01 7.582003e-01 -1.388864e+01 -4.915641e+00 -9.080884e+00 6.710840e+00 -1.252674e+01 9.238843e-01 -1.075017e+01
<VARIANCE> 20
 1.121874e+00 1.162404e+00 4.557305e+01 1.244118e+01 1.019014e+01 2.084802e+00 1.174652e+01 1.446828e+01 8.065342e+00 1.886399e+00 6.477803e+00 1.093678e+01 7.187295e+00 1.625123e+00 6.058920e+00 1.155085e+01 7.742823e+00 1.639326e+00 2.031486e+01 2.273794e+01
<GCONST> 7.392037e+01
<MIXTURE> 4 2.503196e-01
<MEAN> 20
 -9.285294e+00 -1.567972e+00 -1.291085e+01 -1.243755e+01 -1.324135e+01 -1.506405e+01 -1.696991e+01 -2.742625e+01 -7.141535e+00 -1.577215e+01 -1.238076e+01 -2.942707e+01 -9.710771e-01 -1.498826e+01 -6.688138e+00 -2.607652e+01 5.677059e+00 -1.301519e+01 1.348411e+00 -2.174125e+01
<VARIANCE> 20
 1.081532e+00 9.132912e-01 4.770759e+01 5.277796e+00 5.641311e+00 2.031853e+00 1.378805e+01 1.476647e+01 4.398693e+00 1.968883e+00 1.400329e+01 2.054509e+01 4.079322e+00 1.866860e+00 1.346006e+01 4.567996e+01 4.982018e+00 1.894706e+00 2.090750e+01 3.360474e+01
<GCONST> 7.510098e+01
<STATE> 4
<NUMMIXES> 4
<MIXTURE> 1 5.824040e-02
<MEAN> 20
 7.869508e+00 -1.512088e+00 1.386243e+01 -1.084011e+01 1.079653e+01 -1.244326e+01 1.458488e+01 -2.101707e+01 5.133930e+00 -1.287123e+01 1.012626e+01 -2.018427e+01 -4.564994e-01 -1.218174e+01 4.131848e+00 -1.518169e+01 -6.018626e+00 -1.060480e+01 -9.185326e-01 -1.266088e+01
<VARIANCE> 20
 1.550837e+00 1.180587e+00 5.563890e+01 9.342706e+00 1.669917e+01 3.512250e+00 4.922436e+01 4.039157e+01 1.099689e+01 3.948264e+00 4.092157e+01 5.664222e+01 6.349540e+00 3.761550e+00 2.051192e+01 6.529403e+01 4.333542e+00 3.128137e+00 1.587291e+01 5.446049e+01
<GCONST> 8.654377e+01
<MIXTURE> 2 2.417121e-01
<MEAN> 20
 -7.746164e+00 -1.611256e+00 -7.955064e+00 -9.354972e+00 -1.156367e+01 -1.285029e+01 -1.598444e+01 -2.344496e+01 -6.530916e+00 -1.347316e+01 -1.233139e+01 -2.532425e+01 -1.466466e+00 -1.285734e+01 -7.084958e+00 -2.408978e+01 4.068392e+00 -1.127414e+01 -1.828492e-01 -2.033975e+01
<VARIANCE> 20
 3.452014e-01 3.923916e-01 2.232422e+01 3.016619e+00 1.506494e+00 8.838416e-01 4.668334e+00 2.141350e+00 1.101865e+00 8.569827e-01 5.653190e+00 2.837176e+00 9.562516e-01 8.655602e-01 5.476104e+00 2.567614e+00 1.119681e+00 9.182071e-01 5.492373e+00 2.172068e+00
<GCONST> 4.923548e+01
<MIXTURE> 3 4.220153e-01
<MEAN> 20
 -7.014153e+00 -2.131169e+00 -1.194480e+01 -1.109860e+01 -7.216667e+00 -1.196824e+01 -1.033871e+01 -1.506680e+01 -2.110540e+00 -1.195164e+01 -6.291036e+00 -1.277564e+01 2.862778e+00 -1.107521e+01 -2.288981e+00 -1.035072e+01 7.874538e+00 -9.497813e+00 3.073658e+00 -1.053900e+01
<VARIANCE> 20
 1.002904e+00 7.698772e-01 4.453521e+01 1.002136e+01 3.279366e+00 2.357539e+00 5.620904e+00 3.736664e+01 3.093473e+00 2.076229e+00 5.189161e+00 4.464236e+01 3.624502e+00 1.605481e+00 5.050296e+00 3.257526e+01 4.282580e+00 1.367934e+00 1.110598e+01 2.614920e+01
<GCONST> 7.160085e+01
<MIXTURE> 4 2.780321e-01
<MEAN> 20
 -9.750399e+00 -1.689841e+00 -2.008351e+01 -1.319843e+01 -1.389131e+01 -1.424804e+01 -2.058073e+01 -2.038186e+01 -8.083824e+00 -1.490067e+01 -1.612679e+01 -1.818711e+01 -2.103140e+00 -1.433154e+01 -1.034362e+01 -1.512615e+01 4.062472e+00 -1.279894e+01 -3.341964e+00 -1.435411e+01
<VARIANCE> 20
 3.362281e+00 1.765921e+00 5.946077e+01 1.736562e+01 1.453223e+01 6.761502e+00 3.257835e+01 5.097683e+01 1.007914e+01 7.006433e+00 2.573232e+01 8.129776e+01 8.286510e+00 6.686563e+00 2.377259e+01 8.032207e+01 9.785467e+00 6.278887e+00 2.959564e+01 5.758784e+01
<GCONST> 9.251278e+01
<TRANSP> 5
 0.000000e+00 1.000000e+00 0.000000e+00 0.000000e+00 0.000000e+00
 0.000000e+00 7.601540e-01 2.398460e-01 0.000000e+00 0.000000e+00
 0.000000e+00 0.000000e+00 6.950262e-01 3.049738e-01 0.000000e+00
 0.000000e+00 0.000000e+00 0.000000e+00 7.133327e-01 2.866673e-01
 0.000000e+00 0.000000e+00 0.000000e+00 0.000000e+00 0.000000e+00
<ENDHMM>
