~o
<STREAMINFO> 1 20
<VECSIZE> 20<NULLD><USER><DIAGC>
~h "c"
<BEGINHMM>
<NUMSTATES> 8
<STATE> 2
<MEAN> 20
 -7.505510e+00 -1.785516e+00 -1.752699e+01 -9.853865e+00 -9.347164e+00 -1.226218e+01 -1.557870e+01 -1.479952e+01 -4.783373e+00 -1.244853e+01 -1.212132e+01 -1.334756e+01 -2.148134e-01 -1.173735e+01 -7.493158e+00 -1.078215e+01 4.361609e+00 -1.027324e+01 -2.421059e+00 -1.124231e+01
<VARIANCE> 20
 1.122136e+01 1.318319e+00 1.192345e+02 1.589318e+01 3.066508e+01 7.501512e+00 7.902039e+01 3.679368e+01 1.891309e+01 8.314443e+00 7.463989e+01 4.943130e+01 1.433570e+01 8.837917e+00 4.885159e+01 4.312753e+01 1.896458e+01 9.292498e+00 4.541882e+01 4.669445e+01
<GCONST> 9.900916e+01
<STATE> 3
<NUMMIXES> 4
<MIXTURE> 1 8.591510e-02
<MEAN> 20
 -2.469673e+00 -1.815959e+00 -8.375241e+00 -7.092301e+00 -3.251102e+00 -9.367215e+00 -1.017657e+01 -1.081421e+01 -1.870294e+00 -8.920218e+00 -9.455008e+00 -8.095263e+00 -7.488788e-01 -7.653253e+00 -5.043551e+00 -5.282487e+00 1.358582e-01 -5.892176e+00 -3.506939e+00 -4.798996e+00
<VARIANCE> 20
 3.342778e+01 3.211721e+00 2.630303e+02 2.378629e+01 8.989384e+01 9.709260e+00 2.980166e+02 3.971334e+01 5.253421e+01 1.016951e+01 2.800526e+02 4.425820e+01 4.135583e+01 1.243743e+01 1.092095e+02 3.653260e+01 5.591850e+01 1.552703e+01 8.964323e+01 3.922120e+01
<GCONST> 1.114975e+02
<MIXTURE> 2 4.222797e-01
<MEAN> 20
 -7.389726e+00 -1.643746e+00 -1.583352e+01 -9.505413e+00 -9.492490e+00 -1.100943e+01 -1.416981e+01 -1.247943e+01 -5.000040e+00 -1.128160e+01 -1.051013e+01 -1.160725e+01 -2.970935e-01 -1.089661e+01 -6.475564e+00 -9.796688e+00 4.668310e+00 -9.901921e+00 -1.696290e+00 -1.201969e+01
<VARIANCE> 20
 8.989384e-01 4.618763e-01 3.290862e+01 6.678492e+00 2.993927e+00 1.150394e+00 7.283313e+00 1.709687e+01 2.114799e+00 9.674023e-01 8.889621e+00 2.076050e+01 2.020209e+00 9.228528e-01 9.423444e+00 1.431388e+01 2.782723e+00 1.234550e+00 1.141047e+01 2.391847e+01
<GCONST> 6.563676e+01
<MIXTURE> 3 2.178512e-01
<MEAN> 20
 -9.718835e+00 -1.465846e+00 -2.908896e+01 -8.362473e+00 -1.378453e+01 -1.369668e+01 -2.402988e+01 -1.924862e+01 -9.238978e+00 -1.420232e+01 -2.118754e+01 -1.901810e+01 -4.431916e+00 -1.376120e+01 -1.694283e+01 -1.790894e+01 5.184929e-01 -1.240110e+01 -1.019548e+01 -1.761071e+01
<VARIANCE> 20
 2.011775e+00 1.224080e+00 4.235687e+01 1.557845e+01 1.097676e+01 4.099565e+00 1.311351e+01 2.088817e+01 6.949482e+00 3.767208e+00 1.573953e+01 2.540098e+01 4.562722e+00 3.462970e+00 2.228410e+01 2.771862e+01 6.814062e+00 3.452856e+00 3.304871e+01 2.783633e+01
<GCONST> 8.199477e+01
<MIXTURE> 4 2.739540e-01
<MEAN> 20
 -9.001445e+00 -2.298337e+00 -1.731965e+01 -1.314508e+01 -9.869577e+00 -1.458092e+01 -1.540228e+01 -1.750353e+01 -3.899869e+00 -1.476981e+01 -1.058573e+01 -1.531864e+01 2.020328e+00 -1.386131e+01 -5.140326e+00 -1.098350e+01 7.930581e+00 -1.206138e+01 1.428129e+00 -1.145997e+01
<VARIANCE> 20
 1.452009e+00 9.598890e-01 6.014832e+01 9.571821e+00 8.030467e+00 2.396830e+00 1.523964e+01 4.238844e+01 5.570361e+00 2.222369e+00 1.153813e+01 5.966523e+01 4.660935e+00 1.948194e+00 8.226366e+00 3.948093e+01 4.837131e+00 1.915094e+00 2.320287e+01 3.961761e+01
<GCONST> 7.896272e+01
<STATE> 4
<NUMMIXES> 4
<MIXTURE> 1 1.429649e-01
<MEAN> 20
 -4.768749e+00 -1.043764e+00 -1.068687e+01 -7.074564e+00 -6.020748e+00 -9.239519e+00 -8.489309e+00 -1.091298e+01 -2.424459e+00 -9.458609e+00 -5.587969e+00 -9.062642e+00 1.075932e+00 -8.909476e+00 -2.207526e+00 -7.424028e+00 4.520916e+00 -7.772177e+00 1.477511e+00 -7.825099e+00
<VARIANCE> 20
 2.099005e+01 7.925194e-01 1.657290e+02 1.054016e+01 5.358757e+01 4.106783e+00 1.152018e+02 2.611971e+01 2.430957e+01 4.528599e+00 7.712034e+01 3.503888e+01 1.095657e+01 4.817797e+00 3.800375e+01 2.806926e+01 1.365226e+01 5.596822e+00 2.195782e+01 3.071175e+01
<GCONST> 9.482954e+01
<MIXTURE> 2 3.897366e-01
<MEAN> 20
 -7.838204e+00 -2.489073e+00 -1.486105e+01 -1.325212e+01 -7.644992e+00 -1.304361e+01 -1.206244e+01 -1.274331e+01 -2.193166e+00 -1.302975e+01 -7.555116e+00 -1.008333e+01 3.183340e+00 -1.213648e+01 -3.487187e+00 -6.880552e+00 8.476367e+00 -1.052232e+01 1.620792e+00 -9.171615e+00
<VARIANCE> 20
 8.190168e-01 4.076976e-01 3.611252e+01 5.530152e+00 3.889088e+00 1.269519e+00 5.860087e+00 3.438531e+01 3.350273e+00 1.190438e+00 3.423604e+00 3.455412e+01 2.944892e+00 9.067902e-01 3.259759e+00 4.561231e+00 2.551991e+00 9.374362e-01 6.484473e+00 2.734828e+01
<GCONST> 6.374852e+01
<MIXTURE> 3 8.183962e-02
<MEAN> 20
 -5.547665e+00 -3.829323e+00 -2.538224e+01 -7.872494e+00 -1.116840e+01 -1.148830e+01 -3.304056e+01 -1.368708e+01 -9.617697e+00 -9.492725e+00 -3.521687e+01 -9.846925e+00 -8.781410e+00 -6.494982e+00 -2.069873e+01 -2.932243e+00 -8.542245e+00 -3.123736e+00 -1.858830e+01 -1.044537e+00
<VARIANCE> 20
 1.090465e+01 2.694879e+00 2.604241e+01 1.057358e+01 2.023686e+01 6.516015e+00 5.912650e+01 3.238548e+01 1.664522e+01 8.852219e+00 8.546248e+01 5.412872e+01 2.176546e+01 1.179593e+01 6.139661e+01 1.397106e+01 3.283993e+01 1.339343e+01 5.990235e+01 1.078517e+01
<GCONST> 9.648728e+01
<MIXTURE> 4 3.854589e-01
<MEAN> 20
 -8.780368e+00 -1.811417e+00 -2.181763e+01 -1.029645e+01 -1.116618e+01 -1.317255e+01 -1.945997e+01 -1.649653e+01 -6.504311e+00 -1.353670e+01 -1.609514e+01 -1.567576e+01 -1.751006e+00 -1.298103e+01 -1.177931e+01 -1.375729e+01 3.055657e+00 -1.159238e+01 -6.076450e+00 -1.446325e+01
<VARIANCE> 20
 1.726456e+00 1.245054e+00 4.860548e+01 9.719739e+00 1.233457e+01 3.278447e+00 9.784279e+00 3.029920e+01 8.412776e+00 3.017175e+00 1.361624e+01 3.648494e+01 5.783321e+00 2.701236e+00 1.948819e+01 3.243867e+01 7.606903e+00 2.904276e+00 3.002120e+01 3.613290e+01
<GCONST> 8.179679e+01
<STATE> 5
<NUMMIXES> 4
<MIXTURE> 1 6.875256e-02
<MEAN> 20
 -4.486822e+00 -2.495890e+00 -1.336090e+01 -9.490818e+00 -4.935268e+00 -1.309663e+01 -1.369490e+01 -1.518907e+01 -2.583768e+00 -1.262512e+01 -1.351580e+01 -1.284782e+01 -7.176397e-01 -1.098072e+01 -9.864015e+00 -8.150561e+00 5.219121e-01 -8.559671e+00 -6.508824e+00 -8.965694e+00
<VARIANCE> 20
 5.728210e+01 3.106764e+00 4.047062e+02 2.729480e+01 1.099234e+02 1.642868e+01 3.586915e+02 6.611295e+01 6.285294e+01 1.831197e+01 3.231455e+02 7.417239e+01 5.911076e+01 2.097686e+01 1.843256e+02 6.069939e+01 8.854410e+01 2.442728e+01 1.761674e+02 8.340706e+01
<GCONST> 1.196743e+02
<MIXTURE> 2 3.797754e-01
<MEAN> 20
 -6.646940e+00 -1.412487e+00 -1.411239e+01 -8.861366e+00 -8.209044e+00 -1.062420e+01 -1.182083e+01 -1.263044e+01 -3.463662e+00 -1.078338e+01 -7.829588e+00 -1.127600e+01 1.304992e+00 -1.019457e+01 -3.751529e+00 -8.690298e+00 6.145418e+00 -8.960699e+00 1.145831e+00 -9.258527e+00
<VARIANCE> 20
 8.975822e-01 6.098752e-01 2.920461e+01 9.844296e+00 3.257316e+00 2.071489e+00 5.791586e+00 2.080669e+01 2.573633e+00 1.758041e+00 6.067718e+00 2.659837e+01 2.679389e+00 1.315790e+00 5.479859e+00 1.442294e+01 3.201201e+00 1.245836e+00 7.537285e+00 1.818670e+01
<GCONST> 6.704422e+01
<MIXTURE> 3 3.048730e-01
<MEAN> 20
 -8.131722e+00 -1.879946e+00 -2.471377e+01 -7.616479e+00 -9.817877e+00 -1.236428e+01 -2.153065e+01 -1.690946e+01 -6.358887e+00 -1.243118e+01 -2.004704e+01 -1.686449e+01 -2.868232e+00 -1.172788e+01 -1.740321e+01 -1.617192e+01 4.212617e-01 -1.020911e+01 -1.260578e+01 -1.529959e+01
<VARIANCE> 20
 5.982000e-01 4.697174e-01 1.063728e+01 5.397647e+00 5.284786e+00 7.868937e-01 5.954583e+00 3.308440e+00 4.200678e+00 6.814125e-01 7.548245e+00 3.656597e+00 2.828611e+00 8.182021e-01 1.026957e+01 4.480963e+00 3.205135e+00 1.266414e+00 1.372346e+01 4.764136e+00
<GCONST> 5.856306e+01
<MIXTURE> 4 2.465990e-01
<MEAN> 20
 -1.029658e+01 -1.818648e+00 -2.529279e+01 -1.198201e+01 -1.384275e+01 -1.537584e+01 -1.968682e+01 -2.031732e+01 -7.778185e+00 -1.599738e+01 -1.518451e+01 -1.972166e+01 -1.538791e+00 -1.541404e+01 -9.121829e+00 -1.584443e+01 4.890924e+00 -1.382578e+01 -1.932696e+00 -1.671198e+01
<VARIANCE> 20
 1.740545e+00 1.003258e+00 8.402756e+01 1.397039e+01 8.878671e+00 3.898889e+00 1.060841e+01 5.465358e+01 5.816163e+00 3.708399e+00 1.185132e+01 7.432546e+01 4.643875e+00 3.239113e+00 9.632510e+00 6.316735e+01 5.390064e+00 2.963547e+00 1.652019e+01 6.067940e+01
<GCONST> 8.294513e+01
<STATE> 6
<NUMMIXES> 4
<MIXTURE> 1 6.648250e-02
<MEAN> 20
 7.840722e+00 -1.720135e+00 2.225688e+01 -7.955889e+00 1.275230e+01 -1.097273e+01 1.847382e+01 -1.286439e+01 8.541534e+00 -1.089268e+01 1.511035e+01 -1.228616e+01 4.058074e+00 -9.919889e+00 1.044328e+01 -1.077152e+01 -5.649682e-01 -8.273907e+00 5.076742e+00 -1.004961e+01
<VARIANCE> 20
 7.080472e+00 1.868738e+00 7.379134e+01 3.210362e+01 2.658904e+01 1.986352e+01 4.944287e+01 8.301609e+01 3.460613e+01 2.849724e+01 5.501872e+01 1.046606e+02 4.688636e+01 3.563627e+01 5.136872e+01 1.128496e+02 6.278973e+01 3.931713e+01 6.089017e+01 1.011750e+02
<GCONST> 1.098754e+02
<MIXTURE> 2 4.133276e-01
<MEAN> 20
 -7.654778e+00 -1.981999e+00 -1.810792e+01 -1.046335e+01 -8.750182e+00 -1.234530e+01 -1.613254e+01 -1.545694e+01 -4.101272e+00 -1.245445e+01 -1.269021e+01 -1.375130e+01 5.935883e-01 -1.171908e+01 -8.437761e+00 -1.106600e+01 5.281726e+00 -1.023789e+01 -3.289035e+00 -1.156202e+01
<VARIANCE> 20
 9.327673e-01 8.275076e-01 3.198148e+01 8.229524e+00 6.528327e+00 1.908144e+00 1.163541e+01 2.405466e+01 5.103121e+00 1.651431e+00 1.629791e+01 3.012527e+01 4.626203e+00 1.442482e+00 1.830290e+01 2.402349e+01 5.802582e+00 1.738131e+00 2.627152e+01 2.398784e+01
<GCONST> 7.529738e+01
<MIXTURE> 3 2.161382e-01
<MEAN> 20
 -9.918151e+00 -1.726686e+00 -2.775788e+01 -9.737565e+00 -1.399164e+01 -1.385597e+01 -2.455003e+01 -1.843917e+01 -9.175004e+00 -1.421917e+01 -2.167065e+01 -1.700419e+01 -4.353795e+00 -1.347436e+01 -1.637510e+01 -1.438995e+01 3.235528e-01 -1.180117e+01 -1.041311e+01 -1.479721e+01
<VARIANCE> 20
 4.887347e+00 2.299561e+00 5.568519e+01 1.920633e+01 2.535792e+01 6.067453e+00 3.547743e+01 3.980292e+01 1.775595e+01 7.140741e+00 5.006794e+01 5.478206e+01 1.448505e+01 9.400210e+00 4.185232e+01 5.977809e+01 2.369832e+01 1.242680e+01 6.146405e+01 6.925897e+01
<GCONST> 9.798022e+01
<MIXTURE> 4 3.040517e-01
<MEAN> 20
 -5.493356e+00 -8.629289e-01 -1.215317e+01 -6.903344e+00 -7.259274e+00 -8.393488e+00 -9.282111e+00 -1.012986e+01 -3.390687e+00 -8.628865e+00 -5.900082e+00 -8.898769e+00 5.040783e-01 -8.390830e+00 -2.536687e+00 -7.923449e+00 4.560932e+00 -7.697646e+00 1.209705e+00 -8.623623e+00
<VARIANCE> 20
 4.762065e-01 2.390711e-01 1.544589e+01 5.171526e+00 1.895836e+00 8.002855e-01 3.050320e+00 9.573587e+00 1.113532e+00 7.696053e-01 1.980977e+00 9.301780e+00 8.560695e-01 7.550839e-01 2.045130e+00 8.583083e+00 1.029158e+00 7.863845e-01 3.516916e+00 1.127538e+01
<GCONST> 5.141329e+01
<STATE> 7
<MEAN> 20
 -7.335418e+00 -1.728057e+00 -1.884862e+01 -9.414125e+00 -9.217971e+00 -1.209757e+01 -1.626547e+01 -1.520955e+01 -4.884242e+00 -1.225103e+01 -1.302571e+01 -1.401748e+01 -5.719627e-01 -1.152876e+01 -8.718105e+00 -1.171125e+01 3.690143e+00 -1.006354e+01 -3.830992e+00 -1.200630e+01
<VARIANCE> 20
 1.113869e+01 1.307485e+00 1.134215e+02 1.477055e+01 2.968757e+01 6.746601e+00 7.607018e+01 3.918559e+01 1.799074e+01 7.441619e+00 7.757513e+01 4.857201e+01 1.439009e+01 8.049363e+00 5.711291e+01 4.322040e+01 2.127341e+01 8.713569e+00 6.131678e+01 4.291597e+01
<GCONST> 9.895190e+01
<TRANSP> 8
 0.000000e+00 1.000000e+00 0.000000e+00 0.000000e+00 0.000000e+00 0.000000e+00 0.000000e+00 0.000000e+00
 0.000000e+00 4.690883e-02 9.530912e-01 0.000000e+00 0.000000e+00 0.000000e+00 0.000000e+00 0.000000e+00
 0.000000e+00 0.000000e+00 5.492460e-01 4.507540e-01 0.000000e+00 0.000000e+00 0.000000e+00 0.000000e+00
 0.000000e+00 0.000000e+00 0.000000e+00 5.235759e-01 4.764241e-01 0.000000e+00 0.000000e+00 0.000000e+00
 0.000000e+00 0.000000e+00 0.000000e+00 0.000000e+00 5.747548e-01 4.252452e-01 0.000000e+00 0.000000e+00
 0.000000e+00 0.000000e+00 0.000000e+00 0.000000e+00 0.000000e+00 5.406717e-01 4.593283e-01 0.000000e+00
 0.000000e+00 0.000000e+00 0.000000e+00 0.000000e+00 0.000000e+00 0.000000e+00 5.830185e-02 9.416982e-01
 0.000000e+00 0.000000e+00 0.000000e+00 0.000000e+00 0.000000e+00 0.000000e+00 0.000000e+00 0.000000e+00
<ENDHMM>
