~o
<STREAMINFO> 1 20
<VECSIZE> 20<NULLD><USER><DIAGC>
~h "g"
<BEGINHMM>
<NUMSTATES> 8
<STATE> 2
<MEAN> 20
 -6.850075e+00 -2.613662e+00 -1.655296e+01 -1.187362e+01 -8.423388e+00 -1.220779e+01 -1.814608e+01 -1.381878e+01 -4.449009e+00 -1.180261e+01 -1.286129e+01 -1.092147e+01 -6.211705e-01 -1.056719e+01 -8.208309e+00 -6.925243e+00 3.064631e+00 -8.766535e+00 -4.122522e+00 -8.488964e+00
<VARIANCE> 20
 1.043109e+01 2.686120e+00 9.072742e+01 1.629910e+01 3.397536e+01 7.093229e+00 1.120152e+02 3.475084e+01 2.694266e+01 9.870721e+00 6.736287e+01 4.387043e+01 3.038512e+01 1.511406e+01 3.754145e+01 2.172595e+01 4.924720e+01 2.088137e+01 5.207741e+01 5.176397e+01
<GCONST> 1.023843e+02
<STATE> 3
<NUMMIXES> 4
<MIXTURE> 1 4.027191e-01
<MEAN> 20
 -7.542248e+00 -2.663051e+00 -1.229872e+01 -1.290108e+01 -6.986331e+00 -1.282692e+01 -1.390644e+01 -1.355332e+01 -1.911866e+00 -1.287091e+01 -1.025154e+01 -1.158277e+01 3.215173e+00 -1.207304e+01 -5.697977e+00 -6.784122e+00 8.255373e+00 -1.054291e+01 -6.879240e-01 -9.015701e+00
<VARIANCE> 20
 5.261027e-01 2.814811e-01 3.629417e+01 2.838386e+00 3.093884e+00 1.162897e+00 7.046010e+00 2.428404e+01 2.592764e+00 1.081934e+00 8.904829e+00 2.400938e+01 2.189930e+00 8.419036e-01 4.962553e+00 4.679800e+00 1.933641e+00 7.426316e-01 7.398847e+00 2.162476e+01
<GCONST> 6.149559e+01
<MIXTURE> 2 1.446344e-01
<MEAN> 20
 -3.918281e+00 -2.109150e+00 -9.554127e+00 -9.257751e+00 -2.844785e+00 -9.881639e+00 -8.856276e+00 -1.146797e+01 -2.694056e-01 -9.495319e+00 -6.338826e+00 -8.111059e+00 1.848692e+00 -8.349985e+00 -4.008590e+00 -5.087869e+00 3.615902e+00 -6.770692e+00 -1.874586e+00 -6.006729e+00
<VARIANCE> 20
 1.818132e+01 2.075256e+00 1.299794e+02 9.466245e+00 3.956941e+01 5.563939e+00 1.140745e+02 2.126892e+01 1.835400e+01 4.624398e+00 6.355050e+01 2.312058e+01 1.322914e+01 5.103651e+00 3.077983e+01 1.043992e+01 2.528228e+01 6.981968e+00 3.570761e+01 2.231242e+01
<GCONST> 9.426414e+01
<MIXTURE> 3 3.075270e-01
<MEAN> 20
 -8.967852e+00 -1.303531e+00 -2.019936e+01 -1.140470e+01 -1.397055e+01 -1.234294e+01 -2.017527e+01 -1.313961e+01 -8.539646e+00 -1.315874e+01 -1.505118e+01 -1.177731e+01 -2.708902e+00 -1.305734e+01 -8.847532e+00 -8.433167e+00 3.346888e+00 -1.217459e+01 -3.514980e+00 -1.333831e+01
<VARIANCE> 20
 1.437790e+00 7.668488e-01 4.164603e+01 1.052419e+01 7.943560e+00 3.381657e+00 2.186020e+01 4.150293e+01 6.505382e+00 3.240872e+00 2.331136e+01 5.112824e+01 6.347401e+00 2.929934e+00 1.303824e+01 2.316005e+01 7.386163e+00 3.211157e+00 1.783991e+01 6.495953e+01
<GCONST> 8.202576e+01
<MIXTURE> 4 1.451196e-01
<MEAN> 20
 -6.567371e+00 -4.407588e+00 -2.668193e+01 -1.298801e+01 -1.020367e+01 -1.312418e+01 -3.343105e+01 -1.477017e+01 -8.322186e+00 -1.097584e+01 -2.332531e+01 -8.558726e+00 -7.382619e+00 -7.842961e+00 -1.807356e+01 -4.379198e+00 -7.162548e+00 -4.396521e+00 -1.651960e+01 -2.359746e+00
<VARIANCE> 20
 1.451439e+01 3.049861e+00 3.785526e+01 2.669117e+01 3.378289e+01 7.548692e+00 6.186008e+01 2.933867e+01 2.840176e+01 1.254463e+01 6.060324e+01 2.771075e+01 2.967491e+01 1.926132e+01 2.746374e+01 1.432769e+01 4.053249e+01 2.513472e+01 2.563974e+01 1.613457e+01
<GCONST> 9.908783e+01
<STATE> 4
<NUMMIXES> 4
<MIXTURE> 1 4.059964e-01
<MEAN> 20
 -6.791404e+00 -2.295829e+00 -1.331836e+01 -1.110023e+01 -6.483100e+00 -1.217107e+01 -1.343958e+01 -1.399985e+01 -1.913966e+00 -1.210771e+01 -9.890835e+00 -1.132834e+01 2.450037e+00 -1.112277e+01 -5.724443e+00 -6.986028e+00 6.570861e+00 -9.420034e+00 -1.664198e+00 -8.148192e+00
<VARIANCE> 20
 6.617653e+00 1.143763e+00 6.529644e+01 7.163085e+00 2.021891e+01 3.779272e+00 6.056846e+01 2.892188e+01 1.248751e+01 3.373445e+00 4.050762e+01 3.502744e+01 8.905194e+00 3.311871e+00 2.180677e+01 1.064777e+01 1.110611e+01 4.061349e+00 2.274894e+01 2.132580e+01
<GCONST> 8.655746e+01
<MIXTURE> 2 1.868229e-01
<MEAN> 20
 -3.875558e+00 -3.813967e+00 -1.448534e+01 -1.118101e+01 -7.923755e-02 -1.041234e+01 -1.735542e+01 -1.139583e+01 1.399246e+00 -8.367939e+00 -1.032029e+01 -5.572316e+00 1.318855e+00 -5.740962e+00 -8.201694e+00 -3.403479e+00 2.873895e-01 -3.135038e+00 -7.632045e+00 -2.000929e+00
<VARIANCE> 20
 4.242400e+00 1.023361e+00 3.454190e+01 1.088492e+01 6.644482e+00 3.111481e+00 1.764199e+01 7.684550e+00 7.443984e+00 2.368941e+00 8.778890e+00 2.474096e+00 1.048466e+01 2.291732e+00 4.999796e+00 1.246971e+00 1.571935e+01 2.710686e+00 6.694242e+00 1.227556e+00
<GCONST> 6.890946e+01
<MIXTURE> 3 2.462670e-01
<MEAN> 20
 -1.097808e+01 -2.528843e+00 -2.382148e+01 -1.560809e+01 -1.494380e+01 -1.627470e+01 -2.579707e+01 -1.667806e+01 -8.704874e+00 -1.694736e+01 -2.030203e+01 -1.464199e+01 -2.341021e+00 -1.633650e+01 -1.242288e+01 -8.969020e+00 3.751202e+00 -1.466367e+01 -6.284728e+00 -1.280567e+01
<VARIANCE> 20
 2.314003e+00 2.087784e+00 5.403130e+01 2.001341e+01 2.285929e+01 6.659492e+00 3.760782e+01 5.199071e+01 1.653762e+01 6.304695e+00 4.630523e+01 6.802886e+01 1.342652e+01 6.267883e+00 3.172816e+01 2.098750e+01 1.847735e+01 7.494901e+00 6.570622e+01 7.836479e+01
<GCONST> 9.503552e+01
<MIXTURE> 4 1.609137e-01
<MEAN> 20
 -3.927615e+00 -5.428404e+00 -2.796138e+01 -1.427803e+01 -1.258836e+01 -1.058638e+01 -4.095656e+01 -1.163596e+01 -1.299131e+01 -6.538774e+00 -2.464120e+01 -6.000268e+00 -1.356148e+01 -2.195892e+00 -2.001508e+01 -2.108927e+00 -1.419794e+01 1.859485e+00 -1.933570e+01 9.690567e-01
<VARIANCE> 20
 6.202352e+00 1.917947e+00 3.951147e+01 4.675648e+01 3.191908e+01 5.719365e+00 7.575222e+01 2.552556e+01 3.417800e+01 5.652763e+00 8.497414e+01 1.359319e+01 3.449006e+01 6.219205e+00 2.171718e+01 8.730342e+00 3.448066e+01 6.877210e+00 2.545568e+01 6.723950e+00
<GCONST> 9.306956e+01
<STATE> 5
<NUMMIXES> 4
<MIXTURE> 1 3.601654e-01
<MEAN> 20
 -6.187392e+00 -1.413935e+00 -1.255804e+01 -8.988437e+00 -7.390855e+00 -9.679901e+00 -1.137623e+01 -1.151425e+01 -3.028976e+00 -9.834654e+00 -7.750146e+00 -9.535085e+00 1.352551e+00 -9.344480e+00 -4.158378e+00 -6.057051e+00 5.774411e+00 -8.312655e+00 2.450871e-01 -8.123046e+00
<VARIANCE> 20
 6.278958e-01 2.968252e-01 2.225971e+01 3.981440e+00 4.805448e+00 1.260311e+00 6.650431e+00 1.560522e+01 3.606886e+00 1.129043e+00 5.174548e+00 1.952677e+01 2.839546e+00 1.012652e+00 3.688234e+00 7.160980e+00 2.582971e+00 1.137709e+00 5.581759e+00 1.964515e+01
<GCONST> 6.213042e+01
<MIXTURE> 2 3.844641e-01
<MEAN> 20
 -8.391800e+00 -2.811441e+00 -1.593969e+01 -1.329918e+01 -7.822793e+00 -1.412980e+01 -1.813950e+01 -1.631142e+01 -2.576965e+00 -1.424513e+01 -1.380645e+01 -1.351668e+01 2.543648e+00 -1.332480e+01 -8.160895e+00 -8.138828e+00 7.367452e+00 -1.154156e+01 -3.963301e+00 -9.159393e+00
<VARIANCE> 20
 1.109381e+00 8.238323e-01 4.962019e+01 5.641544e+00 1.221501e+01 1.803213e+00 2.027704e+01 2.371511e+01 1.059890e+01 1.498329e+00 2.014732e+01 3.335179e+01 8.750207e+00 1.452450e+00 1.528210e+01 1.364378e+01 8.881085e+00 2.094234e+00 2.000032e+01 2.100313e+01
<GCONST> 7.769105e+01
<MIXTURE> 3 1.630682e-01
<MEAN> 20
 -3.731373e+00 -4.343081e+00 -2.038383e+01 -1.234316e+01 -5.290402e+00 -1.080753e+01 -2.641350e+01 -1.280344e+01 -4.415762e+00 -8.218501e+00 -1.691379e+01 -5.907300e+00 -4.698360e+00 -5.030959e+00 -1.288431e+01 -3.101998e+00 -5.709576e+00 -1.861227e+00 -1.227834e+01 -1.028902e+00
<VARIANCE> 20
 8.485904e+00 1.395187e+00 4.556059e+01 1.735423e+01 2.056757e+01 7.320033e+00 5.558306e+01 1.698722e+01 1.858748e+01 9.322178e+00 4.960692e+01 5.410804e+00 2.010910e+01 1.011709e+01 1.369052e+01 4.375610e+00 2.484042e+01 1.005986e+01 1.293401e+01 4.374107e+00
<GCONST> 8.747868e+01
<MIXTURE> 4 9.230221e-02
<MEAN> 20
 -2.957613e+00 -2.956158e+00 -9.237489e+00 -1.127489e+01 -5.417773e+00 -1.254629e+01 -1.175562e+01 -1.255100e+01 -4.474790e+00 -1.152969e+01 -8.129821e+00 -9.034496e+00 -3.435198e+00 -9.469319e+00 -6.804274e+00 -5.286239e+00 -2.451051e+00 -6.878646e+00 -5.876316e+00 -5.382742e+00
<VARIANCE> 20
 6.534896e+01 5.126808e+00 6.173447e+02 4.548483e+01 2.183955e+02 1.777241e+01 8.820262e+02 6.948083e+01 1.415616e+02 2.766204e+01 5.505936e+02 8.315963e+01 1.052750e+02 4.220868e+01 2.716046e+02 4.728060e+01 1.113915e+02 5.677104e+01 2.126291e+02 8.008140e+01
<GCONST> 1.274607e+02
<STATE> 6
<NUMMIXES> 4
<MIXTURE> 1 2.995971e-01
<MEAN> 20
 -6.575550e+00 -3.768988e+00 -1.641464e+01 -1.309038e+01 -1.126394e+00 -1.357419e+01 -1.578437e+01 -1.505061e+01 2.963054e+00 -1.254281e+01 -1.019549e+01 -8.378304e+00 5.651717e+00 -1.039503e+01 -6.144699e+00 -5.424135e+00 7.293268e+00 -7.702511e+00 -4.181887e+00 -4.796085e+00
<VARIANCE> 20
 1.500671e+00 1.465096e+00 2.718048e+01 8.216029e+00 7.992774e+00 3.042413e+00 2.428642e+01 1.452096e+01 5.782127e+00 2.855958e+00 1.372050e+01 6.199334e+00 6.887840e+00 3.369424e+00 9.686766e+00 2.048653e+00 1.531040e+01 4.169974e+00 2.182668e+01 3.064276e+00
<GCONST> 7.375000e+01
<MIXTURE> 2 3.523520e-01
<MEAN> 20
 -7.824574e+00 -1.858902e+00 -1.384707e+01 -1.074871e+01 -9.840807e+00 -1.214391e+01 -1.496334e+01 -1.620119e+01 -4.863638e+00 -1.249251e+01 -1.111354e+01 -1.543783e+01 3.265025e-01 -1.192572e+01 -6.129782e+00 -8.874879e+00 5.690422e+00 -1.060536e+01 -1.469730e+00 -1.042683e+01
<VARIANCE> 20
 8.851469e-01 6.646112e-01 3.221087e+01 5.567392e+00 3.797596e+00 2.494726e+00 1.265272e+01 3.990152e+01 2.848099e+00 2.402553e+00 9.976307e+00 6.138025e+01 2.612793e+00 1.938303e+00 6.488201e+00 1.338077e+01 2.959809e+00 1.727353e+00 8.733622e+00 2.311732e+01
<GCONST> 7.125504e+01
<MIXTURE> 3 2.012376e-01
<MEAN> 20
 -2.458194e+00 -5.332648e+00 -1.981913e+01 -1.716772e+01 -3.138938e+00 -1.240944e+01 -2.771694e+01 -1.580052e+01 -3.327424e+00 -9.211057e+00 -1.283453e+01 -7.897422e+00 -4.849914e+00 -5.541461e+00 -1.229170e+01 -4.861583e+00 -7.116442e+00 -1.999009e+00 -1.229524e+01 -2.258927e+00
<VARIANCE> 20
 2.146095e+00 3.176736e-01 1.702620e+01 6.642954e+00 6.277411e+00 2.909487e+00 1.997708e+01 6.045911e+00 6.325586e+00 4.257254e+00 5.071127e+00 1.393048e+00 7.227781e+00 4.716967e+00 3.474904e+00 1.378164e+00 8.726653e+00 4.509826e+00 4.221940e+00 1.491017e+00
<GCONST> 6.465777e+01
<MIXTURE> 4 1.468132e-01
<MEAN> 20
 -6.708511e+00 -3.173564e+00 -2.376686e+01 -1.007256e+01 -1.123778e+01 -1.173682e+01 -2.836455e+01 -1.163931e+01 -8.332179e+00 -1.037255e+01 -2.009312e+01 -6.306430e+00 -5.765169e+00 -7.974014e+00 -1.477801e+01 -2.993330e+00 -3.634816e+00 -5.116511e+00 -1.205949e+01 -2.575630e+00
<VARIANCE> 20
 2.386169e+01 4.788905e+00 1.855832e+02 5.179727e+01 7.363534e+01 1.941067e+01 2.841943e+02 5.626417e+01 5.746907e+01 2.695174e+01 1.689988e+02 5.802054e+01 5.768080e+01 3.754049e+01 9.021120e+01 3.302326e+01 7.654419e+01 4.736993e+01 8.922336e+01 5.591562e+01
<GCONST> 1.165382e+02
<STATE> 7
<MEAN> 20
 -6.218222e+00 -3.156216e+00 -1.797157e+01 -1.228107e+01 -6.646830e+00 -1.238414e+01 -2.021543e+01 -1.451491e+01 -3.270805e+00 -1.141327e+01 -1.331644e+01 -9.959008e+00 -5.064726e-01 -9.546871e+00 -9.282372e+00 -6.087821e+00 1.801324e+00 -7.204616e+00 -6.499697e+00 -5.953817e+00
<VARIANCE> 20
 1.127931e+01 3.373321e+00 9.020255e+01 2.044122e+01 3.823979e+01 7.778679e+00 1.219175e+02 2.916452e+01 3.083890e+01 1.112750e+01 6.612997e+01 3.844638e+01 3.428621e+01 1.722754e+01 4.167101e+01 1.792421e+01 5.572739e+01 2.372313e+01 5.740117e+01 3.377707e+01
<GCONST> 1.032206e+02
<TRANSP> 8
 0.000000e+00 1.000000e+00 0.000000e+00 0.000000e+00 0.000000e+00 0.000000e+00 0.000000e+00 0.000000e+00
 0.000000e+00 1.308795e-02 9.869121e-01 0.000000e+00 0.000000e+00 0.000000e+00 0.000000e+00 0.000000e+00
 0.000000e+00 0.000000e+00 5.958207e-01 4.041792e-01 0.000000e+00 0.000000e+00 0.000000e+00 0.000000e+00
 0.000000e+00 0.000000e+00 0.000000e+00 4.549408e-01 5.450592e-01 0.000000e+00 0.000000e+00 0.000000e+00
 0.000000e+00 0.000000e+00 0.000000e+00 0.000000e+00 5.154126e-01 4.845874e-01 0.000000e+00 0.000000e+00
 0.000000e+00 0.000000e+00 0.000000e+00 0.000000e+00 0.000000e+00 5.868792e-01 4.131208e-01 0.000000e+00
 0.000000e+00 0.000000e+00 0.000000e+00 0.000000e+00 0.000000e+00 0.000000e+00 5.520567e-02 9.447944e-01
 0.000000e+00 0.000000e+00 0.000000e+00 0.000000e+00 0.000000e+00 0.000000e+00 0.000000e+00 0.000000e+00
<ENDHMM>
