~o
<STREAMINFO> 1 20
<VECSIZE> 20<NULLD><USER><DIAGC>
~h "h"
<BEGINHMM>
<NUMSTATES> 8
<STATE> 2
<MEAN> 20
 -6.448055e+00 -2.603479e+00 -1.675521e+01 -1.034113e+01 -7.925576e+00 -1.199134e+01 -1.857496e+01 -1.413810e+01 -4.145414e+00 -1.146291e+01 -1.548573e+01 -1.049675e+01 -7.080505e-01 -1.001549e+01 -8.854503e+00 -6.478549e+00 2.459600e+00 -7.979417e+00 -5.105080e+00 -6.469131e+00
<VARIANCE> 20
 9.752043e+00 2.628332e+00 8.447423e+01 1.342332e+01 2.915308e+01 6.626820e+00 1.216919e+02 3.126357e+01 2.647847e+01 8.967999e+00 1.625086e+02 4.274318e+01 3.556080e+01 1.320990e+01 6.434890e+01 2.569599e+01 5.974745e+01 1.780843e+01 8.040182e+01 3.275861e+01
<GCONST> 1.032672e+02
<STATE> 3
<NUMMIXES> 4
<MIXTURE> 1 4.078479e-01
<MEAN> 20
 -6.235718e+00 -1.376562e+00 -1.221912e+01 -8.989865e+00 -7.685951e+00 -9.799626e+00 -1.151928e+01 -1.167269e+01 -3.195376e+00 -9.978025e+00 -7.236335e+00 -8.415186e+00 1.282809e+00 -9.503150e+00 -3.406381e+00 -6.299058e+00 5.857090e+00 -8.470984e+00 6.554574e-01 -7.002748e+00
<VARIANCE> 20
 7.121659e-01 4.673656e-01 1.819747e+01 6.160084e+00 4.577392e+00 1.399513e+00 7.376796e+00 1.543005e+01 3.381216e+00 1.270193e+00 4.543329e+00 1.677172e+01 2.845757e+00 1.053922e+00 3.877268e+00 7.855651e+00 2.708036e+00 1.041819e+00 4.421137e+00 1.063822e+01
<GCONST> 6.216225e+01
<MIXTURE> 2 3.236526e-01
<MEAN> 20
 -8.252917e+00 -2.565826e+00 -1.711874e+01 -1.277504e+01 -8.357682e+00 -1.381230e+01 -1.692524e+01 -1.568987e+01 -3.003433e+00 -1.390509e+01 -1.154908e+01 -1.188135e+01 2.127017e+00 -1.293471e+01 -6.624001e+00 -8.900998e+00 7.034390e+00 -1.114391e+01 -1.044310e+00 -1.019636e+01
<VARIANCE> 20
 1.493014e+00 1.472121e+00 3.651131e+01 1.075307e+01 1.445044e+01 2.716018e+00 2.069708e+01 2.792474e+01 1.183359e+01 2.375098e+00 1.921658e+01 4.635382e+01 8.931092e+00 2.436606e+00 1.720930e+01 3.089891e+01 8.511150e+00 3.224477e+00 2.921318e+01 3.883341e+01
<GCONST> 8.337768e+01
<MIXTURE> 3 8.232424e-02
<MEAN> 20
 1.005699e+00 -2.235045e+00 2.920847e+00 -7.196707e+00 2.742514e+00 -9.945577e+00 4.361347e+00 -1.131948e+01 2.522821e+00 -9.140981e+00 3.991873e+00 -8.193684e+00 2.194146e+00 -7.406355e+00 2.886672e+00 -4.123158e+00 1.829101e+00 -5.185827e+00 2.426085e+00 -3.247407e+00
<VARIANCE> 20
 5.354438e+01 3.148066e+00 4.609788e+02 3.224651e+01 1.628207e+02 1.933591e+01 5.266802e+02 7.695799e+01 1.016109e+02 2.772174e+01 4.216211e+02 9.714278e+01 7.210522e+01 3.601996e+01 1.835846e+02 5.344663e+01 7.451563e+01 4.184264e+01 1.348782e+02 5.937967e+01
<GCONST> 1.228065e+02
<MIXTURE> 4 1.861753e-01
<MEAN> 20
 -4.339477e+00 -4.725027e+00 -2.335326e+01 -1.044734e+01 -8.246638e+00 -1.239474e+01 -3.076055e+01 -1.577366e+01 -7.874901e+00 -9.944929e+00 -3.322786e+01 -1.282751e+01 -8.352004e+00 -6.732161e+00 -1.964512e+01 -5.057665e+00 -9.409553e+00 -3.331822e+00 -1.869787e+01 -3.038357e+00
<VARIANCE> 20
 1.006825e+01 1.908339e+00 2.941969e+01 1.056772e+01 1.992337e+01 4.453110e+00 6.710143e+01 1.797371e+01 2.605888e+01 5.539777e+00 9.709454e+01 2.309060e+01 3.447800e+01 7.053383e+00 4.117196e+01 8.175886e+00 4.221789e+01 7.949009e+00 4.287196e+01 8.812268e+00
<GCONST> 9.278369e+01
<STATE> 4
<NUMMIXES> 4
<MIXTURE> 1 3.959072e-01
<MEAN> 20
 -7.225183e+00 -2.508893e+00 -1.340366e+01 -1.253917e+01 -6.242535e+00 -1.299087e+01 -1.488293e+01 -1.413265e+01 -8.037714e-01 -1.299104e+01 -8.870973e+00 -6.782006e+00 4.229855e+00 -1.192260e+01 -4.315045e+00 -4.879321e+00 8.904432e+00 -1.008619e+01 -8.183836e-02 -5.461235e+00
<VARIANCE> 20
 6.847353e-01 5.502871e-01 2.033731e+01 4.714097e+00 7.330647e+00 2.207036e+00 1.033768e+01 1.715222e+01 6.157913e+00 1.975330e+00 4.910485e+00 2.851014e+00 4.341344e+00 1.568380e+00 3.171065e+00 1.268987e+00 3.031947e+00 1.518674e+00 4.361763e+00 1.393119e+00
<GCONST> 6.008566e+01
<MIXTURE> 2 1.544891e-01
<MEAN> 20
 -3.559618e+00 -3.824334e+00 -1.550813e+01 -9.408639e+00 -2.448258e+00 -1.079300e+01 -2.011037e+01 -1.234938e+01 -1.522338e+00 -8.829947e+00 -2.135624e+01 -9.711926e+00 -1.877905e+00 -6.321404e+00 -1.204382e+01 -3.979171e+00 -3.172467e+00 -3.774182e+00 -1.077103e+01 -2.621703e+00
<VARIANCE> 20
 6.780183e+00 4.996115e-01 1.471124e+01 3.596143e+00 6.259478e+00 2.489025e+00 1.920551e+01 7.132123e+00 6.986512e+00 2.234109e+00 2.700342e+01 8.876234e+00 9.907926e+00 2.194403e+00 1.094900e+01 1.439784e+00 1.417235e+01 2.243782e+00 9.369336e+00 1.174354e+00
<GCONST> 6.953366e+01
<MIXTURE> 3 1.072494e-01
<MEAN> 20
 -4.087543e+00 -3.339825e+00 -1.987544e+01 -5.652086e+00 -9.180790e+00 -9.020189e+00 -2.561135e+01 -9.374635e+00 -7.823770e+00 -7.041767e+00 -2.545653e+01 -5.464165e+00 -6.825363e+00 -4.308862e+00 -1.396420e+01 -1.336459e+00 -6.188729e+00 -1.394244e+00 -1.207886e+01 1.175813e-01
<VARIANCE> 20
 1.941250e+01 4.670993e+00 1.948204e+02 2.802605e+01 8.066790e+01 1.449907e+01 3.398442e+02 5.645273e+01 6.721529e+01 1.508787e+01 3.799761e+02 7.007289e+01 6.834268e+01 1.771229e+01 1.411742e+02 2.738316e+01 8.331836e+01 2.031442e+01 1.295786e+02 2.595771e+01
<GCONST> 1.148213e+02
<MIXTURE> 4 3.423544e-01
<MEAN> 20
 -8.981441e+00 -1.802419e+00 -2.040074e+01 -1.083946e+01 -1.210610e+01 -1.332148e+01 -2.104325e+01 -1.516591e+01 -7.097211e+00 -1.373393e+01 -1.611231e+01 -1.361489e+01 -1.970502e+00 -1.310063e+01 -1.083327e+01 -1.129788e+01 3.194793e+00 -1.161058e+01 -5.210051e+00 -1.190185e+01
<VARIANCE> 20
 2.439169e+00 1.614861e+00 4.684256e+01 1.521847e+01 1.506637e+01 5.279978e+00 2.725444e+01 2.693573e+01 1.138643e+01 5.075028e+00 2.795084e+01 4.722303e+01 8.606598e+00 5.018789e+00 2.712395e+01 3.983628e+01 9.113503e+00 5.827875e+00 3.898149e+01 4.132002e+01
<GCONST> 8.902264e+01
<STATE> 5
<NUMMIXES> 4
<MIXTURE> 1 2.206132e-01
<MEAN> 20
 -5.142270e+00 -2.220731e+00 -1.158969e+01 -8.786835e+00 -3.258039e+00 -1.026379e+01 -1.081705e+01 -1.096979e+01 3.183647e-01 -9.728633e+00 -8.244502e+00 -7.202110e+00 3.237565e+00 -8.348858e+00 -4.616004e+00 -4.812498e+00 5.617515e+00 -6.469912e+00 -1.043362e+00 -4.847064e+00
<VARIANCE> 20
 9.438998e+00 1.630790e+00 8.100620e+01 1.268014e+01 2.731450e+01 6.423622e+00 7.870399e+01 1.529879e+01 1.756347e+01 5.871415e+00 6.543311e+01 1.632236e+01 1.498561e+01 5.656671e+00 3.272632e+01 1.014283e+01 2.102943e+01 6.328430e+00 3.926052e+01 1.573407e+01
<GCONST> 9.185826e+01
<MIXTURE> 2 3.877530e-01
<MEAN> 20
 -7.838172e+00 -2.015950e+00 -1.452044e+01 -1.115189e+01 -9.385520e+00 -1.269698e+01 -1.565342e+01 -1.570091e+01 -4.248506e+00 -1.296533e+01 -1.063170e+01 -1.367314e+01 9.371250e-01 -1.228130e+01 -5.952452e+00 -1.026073e+01 6.230497e+00 -1.080209e+01 -1.092567e+00 -1.028590e+01
<VARIANCE> 20
 8.060963e-01 7.912959e-01 3.119478e+01 6.244160e+00 4.215457e+00 1.862875e+00 1.146759e+01 3.090141e+01 3.492159e+00 1.726960e+00 8.594391e+00 5.393183e+01 3.427393e+00 1.350468e+00 7.855846e+00 3.029871e+01 3.631021e+00 1.256531e+00 9.403690e+00 2.298942e+01
<GCONST> 7.134534e+01
<MIXTURE> 3 2.379580e-01
<MEAN> 20
 -6.726078e+00 -4.415720e+00 -1.920131e+01 -1.211335e+01 -4.191542e+00 -1.438420e+01 -2.309834e+01 -1.876353e+01 -1.869501e+00 -1.281752e+01 -2.479242e+01 -1.535868e+01 -9.788018e-01 -1.015251e+01 -1.375450e+01 -5.796057e+00 -1.278440e+00 -7.003482e+00 -1.190934e+01 -4.391634e+00
<VARIANCE> 20
 6.740453e+00 5.942973e-01 1.328570e+01 2.988091e+00 5.197797e+00 1.274439e+00 1.397367e+01 7.906127e+00 7.219926e+00 1.312315e+00 2.926011e+01 1.576434e+01 1.336696e+01 1.533874e+00 9.421137e+00 1.771704e+00 2.258624e+01 1.725393e+00 1.168921e+01 1.141094e+00
<GCONST> 6.889371e+01
<MIXTURE> 4 1.536758e-01
<MEAN> 20
 -7.849689e+00 -3.432666e+00 -2.754885e+01 -9.974065e+00 -1.365855e+01 -1.336940e+01 -3.326018e+01 -1.524944e+01 -1.095493e+01 -1.216452e+01 -3.181252e+01 -1.171612e+01 -8.584599e+00 -9.926848e+00 -1.994992e+01 -6.642515e+00 -6.502573e+00 -7.151000e+00 -1.683001e+01 -5.706164e+00
<VARIANCE> 20
 1.669190e+01 5.279768e+00 4.644940e+01 2.050139e+01 2.318769e+01 1.075841e+01 9.165097e+01 2.913546e+01 2.474656e+01 1.711150e+01 1.574505e+02 3.982453e+01 4.088890e+01 2.705461e+01 5.850078e+01 3.228978e+01 7.213253e+01 3.670420e+01 6.631617e+01 4.799877e+01
<GCONST> 1.067960e+02
<STATE> 6
<NUMMIXES> 4
<MIXTURE> 1 4.048843e-01
<MEAN> 20
 -7.254719e+00 -2.090759e+00 -1.456821e+01 -1.080743e+01 -7.825972e+00 -1.239612e+01 -1.497977e+01 -1.410931e+01 -3.078518e+00 -1.244911e+01 -1.066097e+01 -1.065707e+01 1.460690e+00 -1.152280e+01 -6.372469e+00 -8.010547e+00 5.826531e+00 -9.850505e+00 -1.941180e+00 -8.182971e+00
<VARIANCE> 20
 9.339369e+00 1.764043e+00 8.708426e+01 1.497058e+01 3.372093e+01 7.421497e+00 7.352417e+01 3.064395e+01 2.332706e+01 7.490087e+00 5.460941e+01 3.745049e+01 1.651495e+01 7.443359e+00 3.646558e+01 2.380944e+01 1.525118e+01 7.956833e+00 3.069611e+01 2.643501e+01
<GCONST> 9.583686e+01
<MIXTURE> 2 2.071361e-01
<MEAN> 20
 -5.261717e+00 -3.755342e+00 -1.886123e+01 -9.324830e+00 -4.527338e+00 -1.159051e+01 -2.309301e+01 -1.346872e+01 -2.517139e+00 -9.702190e+00 -2.297535e+01 -9.835082e+00 -1.897091e+00 -6.939640e+00 -1.339954e+01 -3.410332e+00 -2.314384e+00 -3.966230e+00 -1.181374e+01 -1.963694e+00
<VARIANCE> 20
 7.571522e+00 8.315216e-01 1.873612e+01 9.676449e+00 1.054957e+01 4.930907e+00 2.520529e+01 1.461664e+01 8.605463e+00 5.463891e+00 3.606865e+01 2.042076e+01 1.073458e+01 5.724429e+00 1.278231e+01 3.983602e+00 1.594043e+01 5.625132e+00 1.162361e+01 3.827013e+00
<GCONST> 8.045065e+01
<MIXTURE> 3 1.710197e-01
<MEAN> 20
 -2.891639e+00 -4.944431e+00 -2.238812e+01 -1.028755e+01 -7.480866e+00 -1.315255e+01 -2.981437e+01 -1.738184e+01 -7.594887e+00 -1.063599e+01 -3.445038e+01 -1.472508e+01 -8.520990e+00 -7.388824e+00 -1.563540e+01 -5.156549e+00 -9.979038e+00 -3.876051e+00 -1.548577e+01 -2.923943e+00
<VARIANCE> 20
 2.111762e+00 2.495943e-01 6.138682e+00 2.551730e+00 3.083025e+00 1.066193e+00 7.179567e+00 4.602715e+00 3.085331e+00 1.565312e+00 6.663353e+00 6.370637e+00 4.086646e+00 2.058920e+00 2.273480e+00 1.140131e+00 5.313167e+00 2.274500e+00 2.318890e+00 1.185539e+00
<GCONST> 5.546508e+01
<MIXTURE> 4 2.169599e-01
<MEAN> 20
 -3.435020e+00 -5.555655e+00 -2.750611e+01 -9.020039e+00 -1.302707e+01 -1.142893e+01 -4.018349e+01 -1.446686e+01 -1.397042e+01 -7.971257e+00 -4.353216e+01 -1.108821e+01 -1.505851e+01 -4.000563e+00 -2.207101e+01 -3.813916e+00 -1.606331e+01 -1.244196e-01 -2.146173e+01 -1.068528e+00
<VARIANCE> 20
 2.887890e+00 9.455979e-01 1.846723e+01 8.093546e+00 1.208512e+01 3.421776e+00 4.521420e+01 9.371358e+00 1.586348e+01 4.109785e+00 7.871720e+01 1.229272e+01 1.867877e+01 4.586885e+00 2.184810e+01 4.277998e+00 1.881112e+01 4.335093e+00 1.824038e+01 4.135745e+00
<GCONST> 8.130535e+01
<STATE> 7
<MEAN> 20
 -6.274051e+00 -2.972230e+00 -1.722610e+01 -1.038169e+01 -7.676612e+00 -1.228571e+01 -2.023100e+01 -1.441758e+01 -4.455031e+00 -1.145981e+01 -1.826131e+01 -1.133208e+01 -1.725262e+00 -9.746852e+00 -1.041529e+01 -6.738107e+00 6.566800e-01 -7.500819e+00 -7.296112e+00 -6.095343e+00
<VARIANCE> 20
 1.163149e+01 3.081770e+00 8.818308e+01 1.374315e+01 3.143981e+01 7.100955e+00 1.313604e+02 2.619913e+01 2.933240e+01 9.100940e+00 1.776138e+02 3.446177e+01 3.948784e+01 1.345243e+01 6.877610e+01 2.086942e+01 6.610247e+01 1.850486e+01 8.118190e+01 2.649228e+01
<GCONST> 1.036223e+02
<TRANSP> 8
 0.000000e+00 1.000000e+00 0.000000e+00 0.000000e+00 0.000000e+00 0.000000e+00 0.000000e+00 0.000000e+00
 0.000000e+00 3.213142e-02 9.678686e-01 0.000000e+00 0.000000e+00 0.000000e+00 0.000000e+00 0.000000e+00
 0.000000e+00 0.000000e+00 5.580164e-01 4.419836e-01 0.000000e+00 0.000000e+00 0.000000e+00 0.000000e+00
 0.000000e+00 0.000000e+00 0.000000e+00 6.134543e-01 3.865457e-01 0.000000e+00 0.000000e+00 0.000000e+00
 0.000000e+00 0.000000e+00 0.000000e+00 0.000000e+00 5.282247e-01 4.717753e-01 0.000000e+00 0.000000e+00
 0.000000e+00 0.000000e+00 0.000000e+00 0.000000e+00 0.000000e+00 4.468109e-01 5.531891e-01 0.000000e+00
 0.000000e+00 0.000000e+00 0.000000e+00 0.000000e+00 0.000000e+00 0.000000e+00 3.235905e-02 9.676410e-01
 0.000000e+00 0.000000e+00 0.000000e+00 0.000000e+00 0.000000e+00 0.000000e+00 0.000000e+00 0.000000e+00
<ENDHMM>
