~o
<STREAMINFO> 1 20
<VECSIZE> 20<NULLD><USER><DIAGC>
~h "k"
<BEGINHMM>
<NUMSTATES> 5
<STATE> 2
<NUMMIXES> 4
<MIXTURE> 1 1.533113e-01
<MEAN> 20
 -5.582025e+00 -1.592793e+00 -1.087809e+01 -9.306237e+00 -6.587343e+00 -1.046338e+01 -1.017536e+01 -1.419823e+01 -2.378623e+00 -1.045308e+01 -8.408724e+00 -1.083572e+01 1.564302e+00 -9.604939e+00 -3.635690e+00 -5.883293e+00 5.286407e+00 -8.128484e+00 2.498498e-01 -5.989200e+00
<VARIANCE> 20
 1.198109e+01 1.186195e+00 7.170524e+01 1.464174e+01 2.396784e+01 4.549666e+00 6.738795e+01 4.170137e+01 1.285654e+01 4.181788e+00 7.047210e+01 3.473241e+01 1.310806e+01 4.152843e+00 2.464661e+01 1.519740e+01 2.442720e+01 4.900271e+00 2.409974e+01 1.754026e+01
<GCONST> 9.154278e+01
<MIXTURE> 2 3.651882e-01
<MEAN> 20
 -8.072309e+00 -2.313026e+00 -1.404887e+01 -1.277310e+01 -8.684018e+00 -1.322195e+01 -1.193025e+01 -1.641170e+01 -3.183548e+00 -1.336213e+01 -8.514321e+00 -1.498873e+01 2.368850e+00 -1.248346e+01 -4.205811e+00 -9.132445e+00 7.938600e+00 -1.077493e+01 7.563006e-01 -8.821531e+00
<VARIANCE> 20
 7.529571e-01 4.744273e-01 3.249400e+01 7.531181e+00 2.020825e+00 1.131597e+00 7.087350e+00 5.024831e+01 1.447278e+00 1.071247e+00 6.887574e+00 7.278995e+01 1.498571e+00 8.177600e-01 5.257186e+00 1.914461e+01 2.097233e+00 7.808536e-01 4.823044e+00 1.831959e+01
<GCONST> 6.437606e+01
<MIXTURE> 3 2.462538e-01
<MEAN> 20
 -7.949077e+00 -1.867862e+00 -1.949124e+01 -9.597901e+00 -1.010783e+01 -1.246427e+01 -1.919603e+01 -1.578409e+01 -5.844751e+00 -1.271220e+01 -1.650488e+01 -1.577284e+01 -1.366402e+00 -1.214414e+01 -1.231375e+01 -1.370124e+01 3.208961e+00 -1.077127e+01 -7.393104e+00 -1.330254e+01
<VARIANCE> 20
 7.975180e-01 7.969401e-01 4.378551e+01 8.400204e+00 5.442098e+00 1.017926e+00 9.124572e+00 1.035533e+01 3.638478e+00 7.125863e-01 1.357823e+01 1.359726e+01 2.528820e+00 6.876921e-01 1.621218e+01 1.592122e+01 3.542948e+00 1.009916e+00 1.898218e+01 1.584639e+01
<GCONST> 6.773135e+01
<MIXTURE> 4 2.352467e-01
<MEAN> 20
 -1.066266e+01 -1.742922e+00 -2.414025e+01 -1.404418e+01 -1.502390e+01 -1.575808e+01 -2.250746e+01 -2.497347e+01 -8.294234e+00 -1.670709e+01 -1.929970e+01 -2.391598e+01 -1.304907e+00 -1.615166e+01 -1.189033e+01 -1.300721e+01 5.632757e+00 -1.434076e+01 -4.950693e+00 -1.185115e+01
<VARIANCE> 20
 2.241390e+00 1.280978e+00 5.102188e+01 2.080396e+01 1.170154e+01 2.977315e+00 3.705516e+01 3.478123e+01 9.100636e+00 2.564068e+00 3.402478e+01 6.985604e+01 8.336643e+00 2.555150e+00 2.785596e+01 6.978523e+01 1.009992e+01 3.007262e+00 2.981515e+01 6.218368e+01
<GCONST> 8.798526e+01
<STATE> 3
<NUMMIXES> 4
<MIXTURE> 1 3.659591e-01
<MEAN> 20
 -5.981175e+00 -1.236768e+00 -1.035798e+01 -8.982959e+00 -7.789239e+00 -9.384786e+00 -9.593040e+00 -1.290436e+01 -3.432209e+00 -9.573658e+00 -6.270246e+00 -1.058801e+01 9.102336e-01 -9.185395e+00 -2.618854e+00 -6.674712e+00 5.362453e+00 -8.284549e+00 1.043114e+00 -6.745981e+00
<VARIANCE> 20
 5.393086e-01 3.236900e-01 1.627702e+01 4.870386e+00 2.262121e+00 1.373746e+00 2.897607e+00 2.069881e+01 1.658653e+00 1.203892e+00 2.318378e+00 1.237023e+01 1.663737e+00 9.737428e-01 1.905013e+00 9.949153e+00 2.132190e+00 8.013932e-01 2.844599e+00 8.074203e+00
<GCONST> 5.575484e+01
<MIXTURE> 2 3.207186e-01
<MEAN> 20
 -7.727463e+00 -2.632492e+00 -1.436973e+01 -1.401156e+01 -6.669320e+00 -1.391667e+01 -1.280168e+01 -2.009099e+01 -1.110027e+00 -1.394311e+01 -1.371931e+01 -1.382053e+01 3.992095e+00 -1.275546e+01 -6.081385e+00 -5.368869e+00 8.441191e+00 -1.065550e+01 -1.504572e+00 -5.245589e+00
<VARIANCE> 20
 5.891560e-01 9.621493e-01 1.752195e+01 5.999329e+00 4.954054e+00 9.117075e-01 1.403920e+01 4.158442e+01 3.820374e+00 6.965272e-01 2.501840e+01 3.175280e+01 2.683921e+00 7.875002e-01 6.297428e+00 4.935410e+00 3.097147e+00 1.156733e+00 7.058650e+00 2.989361e+00
<GCONST> 6.488899e+01
<MIXTURE> 3 1.168105e-01
<MEAN> 20
 -6.243222e+00 -1.484883e+00 -1.718483e+01 -7.175452e+00 -1.051903e+01 -1.022705e+01 -1.922710e+01 -1.219650e+01 -6.417465e+00 -1.025300e+01 -1.665064e+01 -9.627748e+00 -2.539452e+00 -9.126143e+00 -8.648376e+00 -3.307155e+00 8.343855e-01 -7.257100e+00 -5.307560e+00 -2.622131e+00
<VARIANCE> 20
 2.141184e+01 2.936639e+00 1.149366e+02 3.488205e+01 4.706884e+01 1.550403e+01 1.149360e+02 1.114845e+02 2.224799e+01 1.745477e+01 1.072302e+02 9.940494e+01 1.677780e+01 2.073109e+01 3.103256e+01 3.867881e+01 3.229470e+01 2.401794e+01 3.272938e+01 3.655688e+01
<GCONST> 1.071650e+02
<MIXTURE> 4 1.965119e-01
<MEAN> 20
 -9.433293e+00 -2.148727e+00 -2.434027e+01 -1.081201e+01 -1.111125e+01 -1.371349e+01 -2.410550e+01 -1.760623e+01 -7.024957e+00 -1.405672e+01 -2.364835e+01 -1.584732e+01 -3.146464e+00 -1.338741e+01 -1.818965e+01 -1.144775e+01 2.254289e-01 -1.174216e+01 -1.358429e+01 -1.120034e+01
<VARIANCE> 20
 1.551763e+00 7.699677e-01 2.876589e+01 7.582481e+00 1.249760e+01 9.797493e-01 1.538638e+01 1.965162e+01 8.417931e+00 7.579793e-01 2.224344e+01 1.793996e+01 4.887268e+00 9.663205e-01 3.214761e+01 2.909628e+01 8.978635e+00 1.855438e+00 4.666890e+01 2.961089e+01
<GCONST> 7.681713e+01
<STATE> 4
<NUMMIXES> 4
<MIXTURE> 1 8.375312e-02
<MEAN> 20
 4.939341e+00 -2.573785e+00 8.778846e+00 -1.433937e+01 5.036916e+00 -1.329943e+01 7.725366e+00 -1.905053e+01 1.798842e+00 -1.329558e+01 6.742101e+00 -1.446124e+01 -1.468879e+00 -1.233325e+01 3.299907e+00 -7.294309e+00 -4.612178e+00 -1.063052e+01 -8.250227e-01 -9.215734e+00
<VARIANCE> 20
 4.380791e+01 1.604641e+00 1.936501e+02 2.977471e+01 6.940224e+01 1.103009e+01 2.109583e+02 8.711726e+01 2.146935e+01 1.271353e+01 1.296201e+02 7.573057e+01 1.429726e+01 1.404822e+01 4.908221e+01 3.136826e+01 4.354750e+01 1.453691e+01 5.567255e+01 5.700674e+01
<GCONST> 1.080855e+02
<MIXTURE> 2 4.293379e-01
<MEAN> 20
 -6.890208e+00 -1.942195e+00 -1.262930e+01 -1.062690e+01 -7.275582e+00 -1.143263e+01 -1.271860e+01 -1.564980e+01 -2.648035e+00 -1.153016e+01 -1.057323e+01 -1.314202e+01 1.961223e+00 -1.080118e+01 -6.185154e+00 -8.323319e+00 6.452785e+00 -9.350281e+00 -1.609055e+00 -8.245753e+00
<VARIANCE> 20
 9.000974e-01 8.524912e-01 2.778437e+01 4.442326e+00 5.836156e+00 1.938797e+00 9.712474e+00 2.500748e+01 4.491129e+00 1.638819e+00 1.094578e+01 2.324064e+01 3.914686e+00 1.113225e+00 9.684055e+00 1.650111e+01 4.236977e+00 8.716062e-01 1.481839e+01 2.041161e+01
<GCONST> 7.032632e+01
<MIXTURE> 3 1.660173e-01
<MEAN> 20
 -9.192763e+00 -3.235981e+00 -1.944198e+01 -1.400453e+01 -8.731920e+00 -1.427695e+01 -1.826513e+01 -2.404261e+01 -4.031997e+00 -1.394686e+01 -2.674716e+01 -1.336467e+01 -3.410471e-01 -1.213668e+01 -1.095755e+01 -3.902116e+00 2.265867e+00 -9.503797e+00 -7.439726e+00 -3.510468e+00
<VARIANCE> 20
 1.227151e+00 5.895646e-01 8.070423e+00 2.876370e+00 4.995027e+00 1.000033e+00 1.356900e+01 6.156284e+00 4.286541e+00 1.046633e+00 1.820407e+01 1.094853e+01 5.618041e+00 1.584503e+00 7.493133e+00 9.635220e-01 1.034446e+01 2.408218e+00 1.072597e+01 8.506612e-01
<GCONST> 6.199760e+01
<MIXTURE> 4 3.208916e-01
<MEAN> 20
 -9.310344e+00 -2.007987e+00 -1.813418e+01 -1.416659e+01 -1.243644e+01 -1.444753e+01 -1.902498e+01 -1.891064e+01 -6.328343e+00 -1.494403e+01 -1.519088e+01 -1.519125e+01 -1.043488e-01 -1.433181e+01 -8.176425e+00 -9.181014e+00 6.131525e+00 -1.276617e+01 -1.999062e+00 -1.007108e+01
<VARIANCE> 20
 1.136850e+00 1.057912e+00 3.032063e+01 8.845263e+00 9.134180e+00 1.993633e+00 1.931866e+01 5.489467e+01 6.954902e+00 1.846323e+00 3.124478e+01 4.799700e+01 6.346697e+00 1.501405e+00 1.604916e+01 2.658110e+01 7.856442e+00 1.288811e+00 2.623929e+01 3.364734e+01
<GCONST> 7.967635e+01
<TRANSP> 5
 0.000000e+00 1.000000e+00 0.000000e+00 0.000000e+00 0.000000e+00
 0.000000e+00 7.147886e-01 2.852114e-01 0.000000e+00 0.000000e+00
 0.000000e+00 0.000000e+00 7.497030e-01 2.502970e-01 0.000000e+00
 0.000000e+00 0.000000e+00 0.000000e+00 6.972959e-01 3.027041e-01
 0.000000e+00 0.000000e+00 0.000000e+00 0.000000e+00 0.000000e+00
<ENDHMM>
