~o
<STREAMINFO> 1 20
<VECSIZE> 20<NULLD><USER><DIAGC>
~h "l"
<BEGINHMM>
<NUMSTATES> 5
<STATE> 2
<NUMMIXES> 4
<MIXTURE> 1 2.211644e-01
<MEAN> 20
 -5.266556e+00 -9.098827e-01 -1.272329e+01 -6.068307e+00 -7.085661e+00 -8.204500e+00 -8.801943e+00 -1.205479e+01 -3.028699e+00 -8.404483e+00 -5.339104e+00 -7.661915e+00 9.643549e-01 -7.983070e+00 -2.139540e+00 -5.791926e+00 4.935895e+00 -7.092265e+00 1.204983e+00 -5.980705e+00
<VARIANCE> 20
 5.249551e-01 2.106691e-01 2.350676e+01 7.366404e+00 1.700329e+00 8.413432e-01 4.784610e+00 1.745660e+01 9.548696e-01 7.930193e-01 2.896425e+00 2.093077e+01 8.735994e-01 7.833950e-01 2.908771e+00 1.315982e+01 1.199201e+00 9.775400e-01 3.666139e+00 1.167821e+01
<GCONST> 5.550110e+01
<MIXTURE> 2 3.327266e-01
<MEAN> 20
 -7.462910e+00 -2.339159e+00 -1.620627e+01 -1.195776e+01 -6.933033e+00 -1.291351e+01 -1.214054e+01 -1.636419e+01 -1.468851e+00 -1.285529e+01 -7.867985e+00 -1.155794e+01 3.740501e+00 -1.178847e+01 -3.809441e+00 -8.440254e+00 8.711981e+00 -9.945316e+00 1.709024e+00 -9.621856e+00
<VARIANCE> 20
 8.885840e-01 6.909547e-01 4.229078e+01 9.758982e+00 4.671800e+00 1.906743e+00 1.368960e+01 3.957147e+01 4.397773e+00 1.650543e+00 1.170718e+01 4.249734e+01 4.415877e+00 1.460788e+00 1.050535e+01 2.207479e+01 4.675170e+00 1.648480e+00 2.804910e+01 3.072760e+01
<GCONST> 7.507776e+01
<MIXTURE> 3 1.093139e-01
<MEAN> 20
 -5.555126e+00 -2.147948e+00 -2.030516e+01 -4.848964e+00 -1.019815e+01 -8.823095e+00 -2.477446e+01 -8.207979e+00 -7.675236e+00 -7.914969e+00 -2.099940e+01 -2.124334e+00 -5.408787e+00 -5.929240e+00 -1.238645e+01 -1.615721e-01 -3.575678e+00 -3.481103e+00 -9.928961e+00 4.102610e-01
<VARIANCE> 20
 2.175009e+01 5.131371e+00 1.812422e+02 4.708949e+01 7.461511e+01 2.288194e+01 2.186566e+02 8.781229e+01 4.835099e+01 2.090772e+01 2.158823e+02 9.398732e+01 3.748024e+01 2.105411e+01 1.034625e+02 3.625913e+01 4.772795e+01 2.254419e+01 9.864702e+01 2.808984e+01
<GCONST> 1.144751e+02
<MIXTURE> 4 3.367952e-01
<MEAN> 20
 -9.067481e+00 -2.079442e+00 -2.201980e+01 -1.124417e+01 -1.103528e+01 -1.353059e+01 -2.149627e+01 -1.826138e+01 -6.180942e+00 -1.387816e+01 -1.889519e+01 -1.467541e+01 -1.590898e+00 -1.308269e+01 -1.348857e+01 -1.132126e+01 2.668058e+00 -1.136296e+01 -8.517783e+00 -1.119145e+01
<VARIANCE> 20
 1.667234e+00 1.752541e+00 4.126299e+01 9.022017e+00 1.951061e+01 3.366960e+00 2.534910e+01 3.787908e+01 1.261334e+01 2.907633e+00 2.882216e+01 4.854739e+01 7.141686e+00 3.018797e+00 3.458101e+01 4.416051e+01 1.055370e+01 3.920173e+00 4.954269e+01 4.017250e+01
<GCONST> 8.736787e+01
<STATE> 3
<NUMMIXES> 4
<MIXTURE> 1 2.893990e-01
<MEAN> 20
 -6.720001e+00 -1.396994e+00 -1.680563e+01 -8.821491e+00 -8.278950e+00 -1.042205e+01 -1.113258e+01 -1.495519e+01 -3.350347e+00 -1.053582e+01 -6.449279e+00 -8.642014e+00 1.515629e+00 -9.911228e+00 -2.337517e+00 -6.560872e+00 6.467272e+00 -8.734440e+00 1.826229e+00 -7.094509e+00
<VARIANCE> 20
 7.405562e-01 3.565211e-01 3.515372e+01 9.304843e+00 2.278566e+00 8.694456e-01 4.179200e+00 2.901242e+01 1.679662e+00 7.532966e-01 2.254987e+00 1.724589e+01 1.663847e+00 5.916997e-01 2.020223e+00 7.025012e+00 1.858843e+00 6.229854e-01 3.164655e+00 8.927563e+00
<GCONST> 5.671857e+01
<MIXTURE> 2 2.595665e-01
<MEAN> 20
 -8.666329e+00 -1.801490e+00 -2.526931e+01 -1.154131e+01 -1.053246e+01 -1.336831e+01 -1.521423e+01 -2.011075e+01 -4.184927e+00 -1.370440e+01 -8.443978e+00 -7.307613e+00 1.996304e+00 -1.287549e+01 -3.421328e+00 -5.884338e+00 8.068872e+00 -1.126282e+01 8.752310e-01 -6.656753e+00
<VARIANCE> 20
 8.022494e-01 9.139602e-01 3.905297e+01 1.344854e+01 6.158895e+00 1.465647e+00 1.209503e+01 5.338466e+01 4.957780e+00 1.308727e+00 3.574624e+00 4.241218e+00 3.852082e+00 1.057641e+00 2.714302e+00 2.871391e+00 2.991309e+00 1.068147e+00 4.523973e+00 3.422986e+00
<GCONST> 6.332979e+01
<MIXTURE> 3 9.845983e-02
<MEAN> 20
 -8.129175e+00 -2.074260e+00 -2.037065e+01 -1.211377e+01 -1.014003e+01 -1.363473e+01 -1.754670e+01 -1.513314e+01 -5.133646e+00 -1.392140e+01 -1.284906e+01 -1.144803e+01 -3.194372e-01 -1.295354e+01 -7.394567e+00 -9.107870e+00 4.217456e+00 -1.111383e+01 -1.958796e+00 -1.111853e+01
<VARIANCE> 20
 2.606985e+01 2.474079e+00 1.964359e+02 3.918839e+01 7.405199e+01 2.036563e+01 1.612870e+02 7.547317e+01 4.311482e+01 2.292957e+01 1.150321e+02 9.741177e+01 2.911348e+01 2.483415e+01 6.629796e+01 7.236298e+01 3.651462e+01 2.624811e+01 8.722617e+01 9.859526e+01
<GCONST> 1.138030e+02
<MIXTURE> 4 3.525746e-01
<MEAN> 20
 -7.874816e+00 -2.052870e+00 -1.383529e+01 -1.111690e+01 -9.784380e+00 -1.253179e+01 -1.512399e+01 -1.668319e+01 -4.855180e+00 -1.277068e+01 -1.106555e+01 -1.549338e+01 2.098742e-01 -1.214989e+01 -6.773958e+00 -1.236074e+01 5.522198e+00 -1.079097e+01 -1.570586e+00 -1.343459e+01
<VARIANCE> 20
 5.336474e-01 5.148337e-01 3.572724e+01 4.993466e+00 2.833057e+00 1.118561e+00 7.475422e+00 3.576733e+01 1.829346e+00 1.031133e+00 7.103005e+00 4.887172e+01 1.636327e+00 7.895729e-01 7.080132e+00 3.417669e+01 1.962382e+00 7.862035e-01 8.737408e+00 2.861219e+01
<GCONST> 6.557613e+01
<STATE> 4
<NUMMIXES> 4
<MIXTURE> 1 7.212503e-02
<MEAN> 20
 5.005218e+00 -1.610945e+00 1.324493e+01 -7.596934e+00 8.045789e+00 -1.035526e+01 9.927866e+00 -1.256116e+01 4.614006e+00 -1.030359e+01 6.264697e+00 -8.121245e+00 1.002736e+00 -9.197894e+00 3.357236e+00 -5.562490e+00 -2.669309e+00 -7.417175e+00 8.346434e-01 -5.524754e+00
<VARIANCE> 20
 3.342042e+01 2.137429e+00 3.483109e+02 3.275612e+01 9.554898e+01 1.777136e+01 3.051454e+02 1.018584e+02 5.234394e+01 2.275603e+01 2.109462e+02 9.682514e+01 3.368856e+01 2.710119e+01 1.027999e+02 6.319628e+01 3.832952e+01 3.017329e+01 7.038084e+01 6.566193e+01
<GCONST> 1.162446e+02
<MIXTURE> 2 3.690690e-01
<MEAN> 20
 -7.888432e+00 -2.253221e+00 -2.202450e+01 -1.255700e+01 -7.430317e+00 -1.320096e+01 -1.092143e+01 -2.054144e+01 -1.254008e+00 -1.315426e+01 -6.309024e+00 -7.391634e+00 4.499406e+00 -1.197317e+01 -1.816303e+00 -5.862627e+00 1.001136e+01 -1.005097e+01 2.421532e+00 -6.349230e+00
<VARIANCE> 20
 5.542479e-01 4.659837e-01 2.652030e+01 7.082033e+00 2.431731e+00 9.819948e-01 4.385391e+00 4.427728e+01 2.094992e+00 9.319031e-01 2.011007e+00 3.559860e+00 2.075525e+00 7.198679e-01 2.053851e+00 2.556702e+00 1.963109e+00 6.639899e-01 3.484001e+00 4.946510e+00
<GCONST> 5.458769e+01
<MIXTURE> 3 2.511828e-01
<MEAN> 20
 -6.694571e+00 -1.181930e+00 -1.596176e+01 -7.812204e+00 -8.896908e+00 -1.029628e+01 -1.336024e+01 -1.417035e+01 -4.054926e+00 -1.059775e+01 -9.523950e+00 -1.058852e+01 7.582498e-01 -9.986301e+00 -4.926276e+00 -8.492646e+00 5.536682e+00 -8.670970e+00 3.572203e-01 -9.115595e+00
<VARIANCE> 20
 1.308678e+00 6.383029e-01 3.884076e+01 1.078264e+01 6.481557e+00 1.994506e+00 1.813423e+01 3.144421e+01 4.805065e+00 1.772122e+00 1.793374e+01 3.855485e+01 4.397857e+00 1.666991e+00 1.586812e+01 2.730110e+01 5.211248e+00 2.157223e+00 2.415413e+01 2.861486e+01
<GCONST> 7.722241e+01
<MIXTURE> 4 3.076231e-01
<MEAN> 20
 -1.018162e+01 -1.684533e+00 -2.575679e+01 -1.350657e+01 -1.377668e+01 -1.509240e+01 -1.995138e+01 -2.070714e+01 -7.048504e+00 -1.583499e+01 -1.333919e+01 -1.287648e+01 -3.001046e-01 -1.518584e+01 -7.007690e+00 -9.744918e+00 6.422926e+00 -1.353919e+01 -1.005681e+00 -1.192249e+01
<VARIANCE> 20
 2.206086e+00 1.497789e+00 7.127293e+01 1.629440e+01 1.007898e+01 5.208877e+00 2.254017e+01 8.079675e+01 7.276964e+00 4.893310e+00 2.447476e+01 7.131364e+01 6.744282e+00 4.186877e+00 1.768934e+01 4.073276e+01 8.864028e+00 3.911097e+00 2.759748e+01 5.586797e+01
<GCONST> 8.832263e+01
<TRANSP> 5
 0.000000e+00 1.000000e+00 0.000000e+00 0.000000e+00 0.000000e+00
 0.000000e+00 7.185388e-01 2.814612e-01 0.000000e+00 0.000000e+00
 0.000000e+00 0.000000e+00 7.407409e-01 2.592591e-01 0.000000e+00
 0.000000e+00 0.000000e+00 0.000000e+00 7.091821e-01 2.908179e-01
 0.000000e+00 0.000000e+00 0.000000e+00 0.000000e+00 0.000000e+00
<ENDHMM>
