~o
<STREAMINFO> 1 20
<VECSIZE> 20<NULLD><USER><DIAGC>
~h "n"
<BEGINHMM>
<NUMSTATES> 8
<STATE> 2
<MEAN> 20
 -7.249626e+00 -2.016153e+00 -1.390993e+01 -1.146878e+01 -8.583035e+00 -1.216209e+01 -1.507909e+01 -1.420652e+01 -3.861342e+00 -1.234231e+01 -1.109330e+01 -1.247387e+01 8.266958e-01 -1.160367e+01 -6.417175e+00 -8.333797e+00 5.439842e+00 -1.012351e+01 -1.758093e+00 -9.269088e+00
<VARIANCE> 20
 9.017466e+00 1.441022e+00 7.236481e+01 1.417661e+01 2.701718e+01 6.664988e+00 6.715295e+01 3.409898e+01 1.661956e+01 7.235816e+00 5.359601e+01 4.366004e+01 1.306080e+01 7.854186e+00 3.209557e+01 2.588996e+01 1.873140e+01 8.659363e+00 3.264919e+01 3.671765e+01
<GCONST> 9.526363e+01
<STATE> 3
<NUMMIXES> 4
<MIXTURE> 1 9.439473e-02
<MEAN> 20
 2.527505e+00 -2.101822e+00 3.013101e+00 -1.011303e+01 4.164743e+00 -1.118715e+01 3.710184e+00 -1.300333e+01 2.555114e+00 -1.092718e+01 3.294346e+00 -1.048619e+01 6.453615e-01 -9.675101e+00 1.423257e+00 -6.016891e+00 -1.418966e+00 -7.814658e+00 -3.236502e-02 -5.813825e+00
<VARIANCE> 20
 5.015388e+01 3.082405e+00 3.176630e+02 3.399253e+01 1.248184e+02 1.265499e+01 4.469579e+02 5.631691e+01 6.451974e+01 1.533181e+01 2.910284e+02 6.929214e+01 4.159466e+01 1.953288e+01 1.134255e+02 3.137269e+01 5.390077e+01 2.414881e+01 7.724255e+01 3.732457e+01
<GCONST> 1.154076e+02
<MIXTURE> 2 3.362161e-01
<MEAN> 20
 -7.021226e+00 -1.771585e+00 -1.295014e+01 -1.071284e+01 -8.261537e+00 -1.066950e+01 -1.158626e+01 -1.028568e+01 -3.524836e+00 -1.079549e+01 -7.508759e+00 -9.019990e+00 1.324040e+00 -1.033408e+01 -3.711682e+00 -7.145074e+00 6.361821e+00 -9.341355e+00 1.413566e+00 -1.048697e+01
<VARIANCE> 20
 6.825930e-01 4.300150e-01 2.647058e+01 4.973414e+00 2.404294e+00 1.098585e+00 3.716569e+00 8.577282e+00 1.803386e+00 8.971658e-01 3.515954e+00 9.650109e+00 1.779184e+00 7.779329e-01 3.659601e+00 6.401743e+00 2.136193e+00 8.555531e-01 5.096423e+00 2.810837e+01
<GCONST> 5.789711e+01
<MIXTURE> 3 2.410224e-01
<MEAN> 20
 -9.173212e+00 -2.491506e+00 -2.077894e+01 -1.269683e+01 -9.716852e+00 -1.387210e+01 -2.146790e+01 -1.655730e+01 -5.309871e+00 -1.414635e+01 -1.924214e+01 -1.482755e+01 -1.238926e+00 -1.345312e+01 -1.442948e+01 -1.113309e+01 2.350806e+00 -1.191005e+01 -9.651299e+00 -1.217515e+01
<VARIANCE> 20
 2.055597e+00 2.327041e+00 2.993122e+01 1.047272e+01 3.841795e+01 4.456361e+00 2.623990e+01 2.897016e+01 2.604943e+01 4.161562e+00 2.431871e+01 3.128196e+01 1.379487e+01 4.437708e+00 2.823809e+01 2.388631e+01 1.355752e+01 5.590107e+00 4.827843e+01 3.764913e+01
<GCONST> 8.962862e+01
<MIXTURE> 4 3.283668e-01
<MEAN> 20
 -8.010762e+00 -2.351709e+00 -1.203595e+01 -1.259440e+01 -8.738585e+00 -1.348205e+01 -1.447108e+01 -1.833733e+01 -3.205246e+00 -1.369773e+01 -1.005617e+01 -1.707418e+01 2.324968e+00 -1.281408e+01 -5.216622e+00 -9.691430e+00 7.772295e+00 -1.105147e+01 -4.413879e-01 -9.152134e+00
<VARIANCE> 20
 8.570349e-01 7.160154e-01 3.417160e+01 6.499236e+00 6.184480e+00 1.319470e+00 1.133273e+01 3.774694e+01 4.936473e+00 1.142152e+00 1.062044e+01 5.880703e+01 4.180894e+00 9.537633e-01 6.763329e+00 2.588531e+01 3.747816e+00 1.096825e+00 7.676285e+00 1.886991e+01
<GCONST> 7.093446e+01
<STATE> 4
<NUMMIXES> 4
<MIXTURE> 1 2.432311e-01
<MEAN> 20
 -6.396688e+00 -1.181899e+00 -1.038797e+01 -8.975155e+00 -8.871338e+00 -9.395977e+00 -1.147079e+01 -1.180287e+01 -4.419557e+00 -9.723017e+00 -7.773912e+00 -1.116506e+01 1.066518e-01 -9.400882e+00 -3.634688e+00 -7.135226e+00 4.827868e+00 -8.535940e+00 5.564878e-01 -7.923291e+00
<VARIANCE> 20
 5.607275e-01 2.499930e-01 1.584352e+01 2.944732e+00 2.280061e+00 5.845279e-01 5.116115e+00 1.053845e+01 1.207832e+00 5.048385e-01 4.576213e+00 1.309614e+01 9.701384e-01 4.626353e-01 3.230314e+00 8.669521e+00 1.392303e+00 5.211881e-01 4.502303e+00 1.245443e+01
<GCONST> 5.274590e+01
<MIXTURE> 2 2.992633e-01
<MEAN> 20
 -7.255547e+00 -2.692613e+00 -1.151085e+01 -1.309728e+01 -5.903099e+00 -1.289653e+01 -1.198806e+01 -1.373707e+01 -6.510847e-01 -1.274978e+01 -8.023290e+00 -1.117905e+01 4.461927e+00 -1.172398e+01 -4.013050e+00 -7.068191e+00 9.381524e+00 -9.956186e+00 1.036503e+00 -8.017634e+00
<VARIANCE> 20
 6.468493e-01 4.269221e-01 3.255120e+01 5.314058e+00 4.889470e+00 1.128794e+00 7.433694e+00 2.502043e+01 4.514932e+00 9.812384e-01 9.124628e+00 2.319670e+01 3.725773e+00 8.109791e-01 7.456933e+00 5.826190e+00 2.884388e+00 9.497321e-01 9.189093e+00 1.577166e+01
<GCONST> 6.526254e+01
<MIXTURE> 3 1.076476e-01
<MEAN> 20
 -3.720631e+00 -3.396748e+00 -1.534027e+01 -1.115072e+01 -3.747737e+00 -1.152445e+01 -1.838683e+01 -1.391538e+01 -2.435873e+00 -1.014941e+01 -1.441178e+01 -9.483188e+00 -2.006772e+00 -7.939987e+00 -1.030569e+01 -4.861062e+00 -2.227311e+00 -5.376609e+00 -9.080742e+00 -3.781614e+00
<VARIANCE> 20
 2.480969e+01 3.756539e+00 1.606715e+02 2.913353e+01 5.822055e+01 1.145543e+01 2.336605e+02 3.625249e+01 3.757710e+01 1.200304e+01 1.794289e+02 3.997710e+01 3.502552e+01 1.463032e+01 7.547486e+01 1.696136e+01 5.106021e+01 1.781520e+01 6.865688e+01 1.932471e+01
<GCONST> 1.076777e+02
<MIXTURE> 4 3.498579e-01
<MEAN> 20
 -8.992738e+00 -1.579119e+00 -1.845847e+01 -1.239306e+01 -1.314946e+01 -1.307444e+01 -2.040841e+01 -1.515955e+01 -7.634504e+00 -1.380697e+01 -1.542849e+01 -1.431552e+01 -1.800805e+00 -1.352921e+01 -9.185534e+00 -1.036640e+01 4.194662e+00 -1.237212e+01 -3.285629e+00 -1.236722e+01
<VARIANCE> 20
 1.330389e+00 9.569361e-01 4.223780e+01 1.030009e+01 7.581963e+00 3.180865e+00 1.827865e+01 3.394404e+01 5.643958e+00 2.863976e+00 2.091714e+01 4.824083e+01 5.099818e+00 2.476586e+00 1.563737e+01 3.448207e+01 5.967754e+00 2.567850e+00 2.101045e+01 4.884301e+01
<GCONST> 8.087667e+01
<STATE> 5
<NUMMIXES> 4
<MIXTURE> 1 2.088190e-01
<MEAN> 20
 -5.468349e+00 -1.113438e+00 -8.710290e+00 -8.078836e+00 -7.036013e+00 -8.296308e+00 -8.921299e+00 -1.017058e+01 -3.077457e+00 -8.509433e+00 -5.759051e+00 -9.642306e+00 8.936589e-01 -8.159789e+00 -2.519444e+00 -6.136601e+00 4.976120e+00 -7.342630e+00 1.282495e+00 -6.750745e+00
<VARIANCE> 20
 6.041866e-01 2.526015e-01 1.706161e+01 3.711129e+00 2.685785e+00 1.046565e+00 4.062233e+00 6.896362e+00 1.327426e+00 9.668182e-01 3.076008e+00 8.599226e+00 9.559452e-01 8.603104e-01 2.571583e+00 7.049037e+00 1.351232e+00 8.115274e-01 4.492982e+00 1.002625e+01
<GCONST> 5.351871e+01
<MIXTURE> 2 5.038459e-01
<MEAN> 20
 -7.681552e+00 -2.246545e+00 -1.282236e+01 -1.181854e+01 -8.485326e+00 -1.217424e+01 -1.485101e+01 -1.369495e+01 -3.687333e+00 -1.234551e+01 -1.095430e+01 -1.262234e+01 1.275568e+00 -1.178289e+01 -6.545209e+00 -9.167278e+00 6.388115e+00 -1.053123e+01 -1.386509e+00 -1.085779e+01
<VARIANCE> 20
 6.177609e-01 5.320730e-01 2.633823e+01 4.624664e+00 5.497686e+00 1.042873e+00 7.623673e+00 1.535706e+01 4.368953e+00 8.249270e-01 9.784814e+00 1.906725e+01 3.979029e+00 6.726728e-01 9.472228e+00 1.221094e+01 4.078136e+00 8.226038e-01 1.419318e+01 2.412620e+01
<GCONST> 6.624900e+01
<MIXTURE> 3 8.712843e-02
<MEAN> 20
 -5.050326e+00 -1.633863e+00 -1.439928e+01 -7.597507e+00 -7.179268e+00 -1.023143e+01 -1.553587e+01 -1.101961e+01 -3.933536e+00 -1.012118e+01 -1.190355e+01 -7.502528e+00 -1.054577e+00 -8.886932e+00 -7.625237e+00 -3.608517e+00 1.357662e+00 -6.965272e+00 -4.723037e+00 -3.898162e+00
<VARIANCE> 20
 2.937888e+01 3.882604e+00 1.763663e+02 3.668410e+01 8.853320e+01 1.171723e+01 2.330096e+02 6.422093e+01 5.073552e+01 1.105276e+01 1.602827e+02 7.213976e+01 3.697556e+01 1.303280e+01 7.490177e+01 3.321680e+01 4.974073e+01 1.672674e+01 6.916861e+01 3.897520e+01
<GCONST> 1.111322e+02
<MIXTURE> 4 2.002065e-01
<MEAN> 20
 -1.057213e+01 -2.186783e+00 -2.177405e+01 -1.631203e+01 -1.491821e+01 -1.625209e+01 -2.397851e+01 -1.828392e+01 -8.395278e+00 -1.705822e+01 -1.856628e+01 -1.686390e+01 -1.580764e+00 -1.662249e+01 -1.116212e+01 -1.047497e+01 5.167401e+00 -1.511681e+01 -4.030850e+00 -1.326525e+01
<VARIANCE> 20
 1.785566e+00 1.327107e+00 5.796540e+01 1.301255e+01 1.265361e+01 4.179695e+00 2.998751e+01 4.736594e+01 1.045262e+01 3.971058e+00 3.292627e+01 6.508813e+01 9.563648e+00 3.615655e+00 2.148510e+01 3.764650e+01 1.068380e+01 3.790226e+00 3.193864e+01 7.013010e+01
<GCONST> 8.852296e+01
<STATE> 6
<NUMMIXES> 4
<MIXTURE> 1 2.795683e-01
<MEAN> 20
 -6.434767e+00 -1.610138e+00 -1.048089e+01 -9.772871e+00 -7.450586e+00 -1.026484e+01 -1.153598e+01 -1.210315e+01 -2.800914e+00 -1.039422e+01 -7.646357e+00 -1.059682e+01 1.844178e+00 -9.786483e+00 -3.726785e+00 -6.769747e+00 6.537345e+00 -8.568131e+00 7.934162e-01 -7.382873e+00
<VARIANCE> 20
 7.519050e-01 4.079294e-01 2.407840e+01 4.556455e+00 3.988374e+00 1.298809e+00 6.997732e+00 1.094679e+01 3.237609e+00 1.084515e+00 6.717041e+00 1.394369e+01 3.060932e+00 8.739645e-01 5.758698e+00 8.620956e+00 3.167854e+00 9.222308e-01 6.720329e+00 1.252407e+01
<GCONST> 6.244651e+01
<MIXTURE> 2 3.254796e-01
<MEAN> 20
 -7.454956e+00 -2.730285e+00 -7.587323e+00 -1.270639e+01 -6.394875e+00 -1.285705e+01 -1.475893e+01 -1.346809e+01 -1.300942e+00 -1.297218e+01 -1.124678e+01 -1.265427e+01 3.933769e+00 -1.219247e+01 -6.194048e+00 -6.171226e+00 9.024020e+00 -1.062080e+01 -7.376782e-01 -6.535468e+00
<VARIANCE> 20
 3.125347e-01 2.403094e-01 8.825172e+00 1.497364e+00 2.180528e+00 9.111630e-01 3.570578e+00 8.911496e+00 1.826156e+00 8.885719e-01 4.660860e+00 1.064933e+01 1.562573e+00 7.038044e-01 2.340992e+00 1.225205e+00 1.407690e+00 5.359909e-01 2.853868e+00 9.714507e-01
<GCONST> 4.717215e+01
<MIXTURE> 3 7.797878e-02
<MEAN> 20
 -5.170280e+00 -2.770344e+00 -1.726322e+01 -1.071581e+01 -9.179130e+00 -1.174522e+01 -2.139382e+01 -1.260978e+01 -7.105931e+00 -1.092106e+01 -1.670358e+01 -9.381316e+00 -5.200245e+00 -9.171056e+00 -1.146330e+01 -4.984898e+00 -3.483891e+00 -6.879975e+00 -8.786819e+00 -4.904925e+00
<VARIANCE> 20
 4.413446e+01 4.784746e+00 2.489790e+02 5.148095e+01 1.231544e+02 2.361190e+01 3.879990e+02 7.541866e+01 7.931108e+01 3.148426e+01 2.747672e+02 7.907809e+01 6.292667e+01 4.218460e+01 1.320002e+02 4.913713e+01 7.832964e+01 5.213499e+01 1.038568e+02 7.187141e+01
<GCONST> 1.215314e+02
<MIXTURE> 4 3.169733e-01
<MEAN> 20
 -8.687176e+00 -2.440583e+00 -1.697115e+01 -1.392351e+01 -9.731402e+00 -1.409501e+01 -1.810906e+01 -1.627672e+01 -4.324305e+00 -1.439628e+01 -1.411822e+01 -1.445941e+01 1.116521e+00 -1.370788e+01 -8.563426e+00 -9.955307e+00 6.426633e+00 -1.215140e+01 -2.786952e+00 -1.127295e+01
<VARIANCE> 20
 1.102518e+00 1.347321e+00 3.378583e+01 8.656262e+00 1.338975e+01 2.338499e+00 1.958631e+01 2.666048e+01 9.866030e+00 2.051306e+00 2.287183e+01 3.517492e+01 7.822804e+00 1.912781e+00 2.038312e+01 2.338358e+01 9.663849e+00 2.197365e+00 4.060457e+01 3.431031e+01
<GCONST> 8.139874e+01
<STATE> 7
<MEAN> 20
 -7.220767e+00 -2.145442e+00 -1.292363e+01 -1.183232e+01 -8.281345e+00 -1.224129e+01 -1.520153e+01 -1.401805e+01 -3.601474e+00 -1.237385e+01 -1.134691e+01 -1.225712e+01 1.057842e+00 -1.160920e+01 -6.555110e+00 -7.726440e+00 5.634305e+00 -1.011617e+01 -1.811253e+00 -8.537610e+00
<VARIANCE> 20
 8.939258e+00 1.508967e+00 7.092270e+01 1.321688e+01 2.790569e+01 6.434309e+00 6.808020e+01 2.720334e+01 1.795043e+01 7.041102e+00 5.249331e+01 3.198215e+01 1.463504e+01 7.817277e+00 2.957122e+01 2.101499e+01 2.032027e+01 8.691221e+00 3.167077e+01 3.060991e+01
<GCONST> 9.440469e+01
<TRANSP> 8
 0.000000e+00 1.000000e+00 0.000000e+00 0.000000e+00 0.000000e+00 0.000000e+00 0.000000e+00 0.000000e+00
 0.000000e+00 4.485198e-02 9.551480e-01 0.000000e+00 0.000000e+00 0.000000e+00 0.000000e+00 0.000000e+00
 0.000000e+00 0.000000e+00 5.172940e-01 4.827060e-01 0.000000e+00 0.000000e+00 0.000000e+00 0.000000e+00
 0.000000e+00 0.000000e+00 0.000000e+00 5.582388e-01 4.417612e-01 0.000000e+00 0.000000e+00 0.000000e+00
 0.000000e+00 0.000000e+00 0.000000e+00 0.000000e+00 5.654936e-01 4.345064e-01 0.000000e+00 0.000000e+00
 0.000000e+00 0.000000e+00 0.000000e+00 0.000000e+00 0.000000e+00 5.288035e-01 4.711966e-01 0.000000e+00
 0.000000e+00 0.000000e+00 0.000000e+00 0.000000e+00 0.000000e+00 0.000000e+00 5.333590e-02 9.466642e-01
 0.000000e+00 0.000000e+00 0.000000e+00 0.000000e+00 0.000000e+00 0.000000e+00 0.000000e+00 0.000000e+00
<ENDHMM>
