~o
<STREAMINFO> 1 20
<VECSIZE> 20<NULLD><USER><DIAGC>
~h "o"
<BEGINHMM>
<NUMSTATES> 8
<STATE> 2
<MEAN> 20
 -7.224147e+00 -2.031209e+00 -1.551664e+01 -1.078802e+01 -8.647755e+00 -1.219280e+01 -1.576067e+01 -1.504937e+01 -4.123019e+00 -1.229994e+01 -1.183608e+01 -1.315104e+01 3.134266e-01 -1.150206e+01 -7.527344e+00 -1.025780e+01 4.665067e+00 -9.945689e+00 -2.948052e+00 -1.028676e+01
<VARIANCE> 20
 8.582069e+00 1.425691e+00 8.413865e+01 1.516695e+01 2.346784e+01 6.636209e+00 6.891229e+01 3.412606e+01 1.469268e+01 7.076174e+00 6.309361e+01 4.999130e+01 1.292012e+01 7.582281e+00 4.594696e+01 3.642850e+01 2.049678e+01 8.254047e+00 5.304307e+01 3.631274e+01
<GCONST> 9.662676e+01
<STATE> 3
<NUMMIXES> 4
<MIXTURE> 1 3.464832e-01
<MEAN> 20
 -6.305731e+00 -1.291206e+00 -1.132789e+01 -8.867210e+00 -8.440496e+00 -1.004372e+01 -1.196090e+01 -1.262432e+01 -3.965346e+00 -1.026866e+01 -7.838506e+00 -1.123343e+01 5.274666e-01 -9.847231e+00 -3.759440e+00 -9.117205e+00 5.219358e+00 -8.833126e+00 2.702979e-01 -9.024996e+00
<VARIANCE> 20
 5.367501e-01 3.733248e-01 1.513933e+01 4.291725e+00 2.691072e+00 7.474683e-01 4.570643e+00 1.222295e+01 1.734218e+00 6.648368e-01 4.603147e+00 1.722508e+01 1.512948e+00 5.752575e-01 4.801608e+00 1.165241e+01 1.853708e+00 6.857376e-01 6.939956e+00 1.125316e+01
<GCONST> 5.704475e+01
<MIXTURE> 2 3.627323e-01
<MEAN> 20
 -7.822829e+00 -2.476638e+00 -1.384854e+01 -1.252436e+01 -8.061546e+00 -1.348472e+01 -1.454451e+01 -1.787982e+01 -2.746225e+00 -1.364660e+01 -9.736516e+00 -1.652076e+01 2.506673e+00 -1.276529e+01 -5.389423e+00 -1.223866e+01 7.689180e+00 -1.100699e+01 -3.250474e-01 -1.171219e+01
<VARIANCE> 20
 7.007562e-01 6.648700e-01 3.748817e+01 6.950065e+00 4.731773e+00 1.381030e+00 1.211451e+01 3.236179e+01 3.656360e+00 1.158063e+00 1.287370e+01 5.577947e+01 3.288174e+00 8.943262e-01 1.143532e+01 3.704636e+01 3.354330e+00 1.058713e+00 2.176188e+01 2.809834e+01
<GCONST> 7.223557e+01
<MIXTURE> 3 8.765116e-02
<MEAN> 20
 -5.335923e+00 -2.188485e+00 -1.549080e+01 -9.425250e+00 -6.984837e+00 -1.192720e+01 -1.599359e+01 -1.302325e+01 -4.054523e+00 -1.161464e+01 -1.235414e+01 -9.639139e+00 -1.516093e+00 -1.016823e+01 -8.126210e+00 -6.725479e+00 6.369414e-01 -8.001914e+00 -5.152423e+00 -6.341176e+00
<VARIANCE> 20
 4.069886e+01 4.169919e+00 2.804764e+02 5.457828e+01 1.042656e+02 2.548131e+01 3.076193e+02 8.852359e+01 5.439808e+01 2.783241e+01 2.202707e+02 1.076738e+02 3.641577e+01 3.110694e+01 1.083904e+02 8.264237e+01 5.449949e+01 3.377091e+01 9.909870e+01 8.372563e+01
<GCONST> 1.196954e+02
<MIXTURE> 4 2.031334e-01
<MEAN> 20
 -9.187743e+00 -1.997457e+00 -2.387476e+01 -1.044028e+01 -1.128570e+01 -1.307261e+01 -2.314938e+01 -1.618855e+01 -7.189306e+00 -1.343498e+01 -2.097288e+01 -1.529868e+01 -3.164361e+00 -1.289023e+01 -1.719485e+01 -1.316466e+01 6.056628e-01 -1.145766e+01 -1.255486e+01 -1.293544e+01
<VARIANCE> 20
 2.018553e+00 1.415433e+00 2.844062e+01 1.107719e+01 1.684441e+01 3.066736e+00 1.755087e+01 2.024663e+01 1.139800e+01 2.455752e+00 2.045345e+01 2.424208e+01 6.309562e+00 2.308818e+00 3.079248e+01 2.222298e+01 8.772803e+00 3.011561e+00 4.144228e+01 2.330788e+01
<GCONST> 8.227031e+01
<STATE> 4
<NUMMIXES> 4
<MIXTURE> 1 2.042775e-01
<MEAN> 20
 -5.552250e+00 -1.097645e+00 -1.210172e+01 -7.577122e+00 -7.505100e+00 -9.693894e+00 -1.181982e+01 -1.206096e+01 -3.587569e+00 -9.973701e+00 -8.363338e+00 -1.055489e+01 2.676561e-01 -9.439041e+00 -4.717704e+00 -8.334126e+00 4.090512e+00 -8.224199e+00 -7.972259e-01 -8.120644e+00
<VARIANCE> 20
 1.113873e+01 6.588686e-01 8.153511e+01 8.655486e+00 2.750426e+01 2.117397e+00 7.194371e+01 1.768654e+01 1.057906e+01 2.059540e+00 4.814216e+01 2.952013e+01 4.488814e+00 1.974171e+00 3.034733e+01 2.254013e+01 9.725921e+00 2.334136e+00 3.071725e+01 2.237471e+01
<GCONST> 8.522870e+01
<MIXTURE> 2 3.498965e-01
<MEAN> 20
 -7.138787e+00 -2.466425e+00 -1.239548e+01 -1.231404e+01 -6.299588e+00 -1.244219e+01 -1.226868e+01 -1.408674e+01 -1.122707e+00 -1.233598e+01 -7.814153e+00 -1.035811e+01 3.897477e+00 -1.141168e+01 -3.941233e+00 -7.595731e+00 8.805694e+00 -9.782249e+00 1.622948e+00 -9.304399e+00
<VARIANCE> 20
 5.876649e-01 3.796279e-01 3.593125e+01 4.030829e+00 3.701158e+00 7.795010e-01 7.361003e+00 2.114916e+01 3.247253e+00 6.595091e-01 6.707892e+00 2.046010e+01 2.886396e+00 5.685720e-01 6.619292e+00 9.199164e+00 2.588148e+00 7.941272e-01 1.532325e+01 2.471502e+01
<GCONST> 6.328532e+01
<MIXTURE> 3 1.070668e-01
<MEAN> 20
 -5.888279e+00 -3.889793e+00 -2.315193e+01 -1.061535e+01 -7.500906e+00 -1.237308e+01 -2.733234e+01 -1.488132e+01 -5.878326e+00 -1.057359e+01 -2.549307e+01 -1.087722e+01 -5.332727e+00 -7.868441e+00 -1.814400e+01 -5.225572e+00 -5.626645e+00 -4.798698e+00 -1.637878e+01 -3.444302e+00
<VARIANCE> 20
 1.121617e+01 2.878454e+00 2.639602e+01 2.115188e+01 2.484499e+01 6.302123e+00 4.070607e+01 3.039953e+01 2.249089e+01 6.908361e+00 7.576354e+01 3.750227e+01 2.281899e+01 9.150909e+00 3.649285e+01 1.314616e+01 2.831378e+01 1.149747e+01 3.139510e+01 1.288035e+01
<GCONST> 9.503181e+01
<MIXTURE> 4 3.387592e-01
<MEAN> 20
 -8.915134e+00 -2.115150e+00 -1.931802e+01 -1.254158e+01 -1.138164e+01 -1.399144e+01 -1.953978e+01 -1.803208e+01 -6.079829e+00 -1.445166e+01 -1.514816e+01 -1.710336e+01 -6.470730e-01 -1.383340e+01 -1.004096e+01 -1.327241e+01 4.808667e+00 -1.228079e+01 -4.505815e+00 -1.326106e+01
<VARIANCE> 20
 1.529907e+00 1.045128e+00 5.280528e+01 1.018606e+01 1.139737e+01 2.909568e+00 1.838875e+01 3.599943e+01 7.661345e+00 2.607572e+00 2.027915e+01 5.536562e+01 5.708180e+00 2.180358e+00 2.319490e+01 4.028053e+01 7.032214e+00 2.214030e+00 3.416041e+01 3.474146e+01
<GCONST> 8.271481e+01
<STATE> 5
<NUMMIXES> 4
<MIXTURE> 1 2.296478e-01
<MEAN> 20
 -5.263615e+00 -9.873347e-01 -9.506437e+00 -7.387816e+00 -6.871260e+00 -8.439748e+00 -9.235424e+00 -1.114064e+01 -3.014964e+00 -8.653857e+00 -5.824797e+00 -9.705365e+00 8.131024e-01 -8.330349e+00 -2.524843e+00 -8.018886e+00 4.773671e+00 -7.510477e+00 1.108819e+00 -8.056993e+00
<VARIANCE> 20
 3.856339e-01 2.271996e-01 1.087490e+01 4.040360e+00 1.848574e+00 1.032271e+00 3.671517e+00 9.056623e+00 1.005482e+00 9.758724e-01 2.879304e+00 1.292678e+01 9.630447e-01 8.699014e-01 3.100842e+00 1.043146e+01 1.543580e+00 8.587192e-01 6.480969e+00 8.950872e+00
<GCONST> 5.349559e+01
<MIXTURE> 2 4.226234e-01
<MEAN> 20
 -7.702460e+00 -1.889234e+00 -1.399327e+01 -1.108313e+01 -9.622182e+00 -1.223940e+01 -1.517836e+01 -1.556065e+01 -4.609344e+00 -1.256586e+01 -1.098060e+01 -1.486129e+01 5.515026e-01 -1.197990e+01 -6.371690e+00 -1.096945e+01 5.880432e+00 -1.060268e+01 -1.326605e+00 -1.120805e+01
<VARIANCE> 20
 7.814520e-01 6.300837e-01 2.907360e+01 6.526535e+00 4.936674e+00 1.312171e+00 1.004841e+01 2.559591e+01 3.485690e+00 1.188561e+00 9.652586e+00 4.139416e+01 2.906776e+00 1.011778e+00 7.877347e+00 2.381231e+01 2.941597e+00 1.185748e+00 1.143061e+01 2.419461e+01
<GCONST> 6.930944e+01
<MIXTURE> 3 1.293202e-01
<MEAN> 20
 -3.152272e+00 -2.436879e+00 -9.116254e+00 -1.219309e+01 -3.937842e+00 -1.366151e+01 -9.130625e+00 -1.757223e+01 -2.384854e+00 -1.361942e+01 -7.703710e+00 -1.468464e+01 -1.038574e+00 -1.238841e+01 -5.347957e+00 -1.020971e+01 1.254685e-01 -1.029760e+01 -3.471468e+00 -9.318118e+00
<VARIANCE> 20
 6.820058e+01 2.355890e+00 4.067479e+02 2.262033e+01 1.331085e+02 1.147126e+01 4.202118e+02 6.690437e+01 5.675444e+01 1.363134e+01 2.877939e+02 9.304022e+01 3.210637e+01 1.615181e+01 1.517188e+02 5.798090e+01 5.855494e+01 1.838756e+01 1.010584e+02 5.347511e+01
<GCONST> 1.162952e+02
<MIXTURE> 4 2.184086e-01
<MEAN> 20
 -8.416436e+00 -3.064873e+00 -2.051363e+01 -1.162117e+01 -6.025298e+00 -1.359873e+01 -1.991717e+01 -1.561531e+01 -2.607012e+00 -1.349216e+01 -1.895767e+01 -1.482603e+01 2.266964e-01 -1.264050e+01 -1.688527e+01 -1.374520e+01 2.298588e+00 -1.096149e+01 -1.353528e+01 -1.319047e+01
<VARIANCE> 20
 7.981583e-01 8.461895e-01 7.477665e+00 3.256643e+00 1.529442e+01 1.039095e+00 6.193098e+00 4.812399e+00 1.157998e+01 7.311663e-01 5.544600e+00 3.201701e+00 5.890321e+00 7.255218e-01 7.596338e+00 3.927811e+00 4.992684e+00 1.270481e+00 1.159398e+01 5.271369e+00
<GCONST> 6.153918e+01
<STATE> 6
<NUMMIXES> 4
<MIXTURE> 1 2.715535e-01
<MEAN> 20
 -5.900921e+00 -1.629157e+00 -1.063583e+01 -9.472616e+00 -6.663835e+00 -1.099881e+01 -1.072137e+01 -1.420671e+01 -2.266318e+00 -1.113143e+01 -6.853446e+00 -1.237458e+01 1.969695e+00 -1.036898e+01 -3.262605e+00 -8.578029e+00 6.092434e+00 -8.895527e+00 7.528163e-01 -8.400617e+00
<VARIANCE> 20
 9.868479e+00 9.763210e-01 6.189272e+01 1.027638e+01 2.322538e+01 3.952363e+00 5.281498e+01 2.824356e+01 1.052656e+01 3.569620e+00 3.042638e+01 4.245519e+01 6.647094e+00 2.976512e+00 1.641065e+01 2.137991e+01 1.155532e+01 2.854323e+00 1.609166e+01 2.094905e+01
<GCONST> 8.625719e+01
<MIXTURE> 2 3.278891e-01
<MEAN> 20
 -7.191840e+00 -2.341502e+00 -1.601670e+01 -1.085678e+01 -7.344518e+00 -1.196154e+01 -1.658781e+01 -1.432031e+01 -3.480581e+00 -1.197789e+01 -1.424191e+01 -1.375168e+01 4.760381e-01 -1.138539e+01 -1.120785e+01 -1.278473e+01 4.435287e+00 -1.004829e+01 -7.435839e+00 -1.214144e+01
<VARIANCE> 20
 3.130115e-01 3.659180e-01 8.711443e+00 2.311367e+00 4.870257e+00 9.499963e-01 3.865039e+00 4.245049e+00 3.732394e+00 7.870222e-01 4.357657e+00 3.813082e+00 2.713910e+00 6.406157e-01 6.094785e+00 3.626662e+00 2.616910e+00 6.963178e-01 8.482704e+00 4.480614e+00
<GCONST> 5.369731e+01
<MIXTURE> 3 6.990065e-02
<MEAN> 20
 -7.284431e+00 -2.816519e+00 -2.734269e+01 -5.370311e+00 -1.521339e+01 -9.333518e+00 -3.439672e+01 -8.410780e+00 -1.260656e+01 -7.796523e+00 -3.030054e+01 -1.963167e+00 -1.005671e+01 -5.200103e+00 -1.997188e+01 4.002212e-01 -7.797228e+00 -2.215714e+00 -1.629996e+01 1.434878e+00
<VARIANCE> 20
 1.478068e+01 5.170022e+00 6.140246e+01 3.602595e+01 4.118907e+01 1.367372e+01 9.896940e+01 5.394682e+01 3.316423e+01 1.270302e+01 1.404611e+02 5.850481e+01 3.428240e+01 1.479472e+01 7.850745e+01 2.232197e+01 4.707006e+01 1.792186e+01 7.437292e+01 1.679146e+01
<GCONST> 1.063345e+02
<MIXTURE> 4 3.306568e-01
<MEAN> 20
 -9.937301e+00 -2.397333e+00 -2.241662e+01 -1.447977e+01 -1.252481e+01 -1.543382e+01 -2.292491e+01 -2.000888e+01 -6.897008e+00 -1.596792e+01 -1.831123e+01 -1.857047e+01 -1.246565e+00 -1.526532e+01 -1.321655e+01 -1.399870e+01 4.233032e+00 -1.349660e+01 -7.527870e+00 -1.322184e+01
<VARIANCE> 20
 2.156382e+00 1.926886e+00 5.078101e+01 1.511130e+01 2.306062e+01 4.929810e+00 2.835730e+01 3.873565e+01 1.629287e+01 4.643382e+00 3.274902e+01 6.551446e+01 1.197908e+01 4.398013e+00 4.407150e+01 5.186551e+01 1.552291e+01 4.573974e+00 6.072935e+01 4.421129e+01
<GCONST> 9.241412e+01
<STATE> 7
<MEAN> 20
 -7.228630e+00 -2.085634e+00 -1.533348e+01 -1.084926e+01 -8.246198e+00 -1.224505e+01 -1.598655e+01 -1.547984e+01 -3.907130e+00 -1.237465e+01 -1.249898e+01 -1.406145e+01 3.076392e-01 -1.157735e+01 -8.538278e+00 -1.056476e+01 4.370840e+00 -9.989166e+00 -4.264870e+00 -1.009157e+01
<VARIANCE> 20
 8.408518e+00 1.545477e+00 7.147446e+01 1.309935e+01 2.497701e+01 6.334226e+00 6.738702e+01 3.191632e+01 1.491207e+01 6.776193e+00 6.120778e+01 4.778127e+01 1.160290e+01 7.177881e+00 5.143659e+01 3.142494e+01 1.851503e+01 7.664271e+00 5.659800e+01 2.918152e+01
<GCONST> 9.567288e+01
<TRANSP> 8
 0.000000e+00 1.000000e+00 0.000000e+00 0.000000e+00 0.000000e+00 0.000000e+00 0.000000e+00 0.000000e+00
 0.000000e+00 2.496770e-02 9.750323e-01 0.000000e+00 0.000000e+00 0.000000e+00 0.000000e+00 0.000000e+00
 0.000000e+00 0.000000e+00 5.672774e-01 4.327226e-01 0.000000e+00 0.000000e+00 0.000000e+00 0.000000e+00
 0.000000e+00 0.000000e+00 0.000000e+00 5.162005e-01 4.837995e-01 0.000000e+00 0.000000e+00 0.000000e+00
 0.000000e+00 0.000000e+00 0.000000e+00 0.000000e+00 5.817698e-01 4.182302e-01 0.000000e+00 0.000000e+00
 0.000000e+00 0.000000e+00 0.000000e+00 0.000000e+00 0.000000e+00 4.909560e-01 5.090440e-01 0.000000e+00
 0.000000e+00 0.000000e+00 0.000000e+00 0.000000e+00 0.000000e+00 0.000000e+00 5.598964e-02 9.440104e-01
 0.000000e+00 0.000000e+00 0.000000e+00 0.000000e+00 0.000000e+00 0.000000e+00 0.000000e+00 0.000000e+00
<ENDHMM>
