~o
<STREAMINFO> 1 20
<VECSIZE> 20<NULLD><USER><DIAGC>
~h "r"
<BEGINHMM>
<NUMSTATES> 5
<STATE> 2
<NUMMIXES> 4
<MIXTURE> 1 2.467314e-01
<MEAN> 20
 -5.620332e+00 -1.014083e+00 -1.014628e+01 -7.712035e+00 -7.556902e+00 -8.809586e+00 -9.382643e+00 -1.227363e+01 -3.477709e+00 -9.096700e+00 -6.191706e+00 -1.194240e+01 6.131897e-01 -8.678298e+00 -2.601448e+00 -7.577300e+00 4.808933e+00 -7.679451e+00 9.944292e-01 -7.048195e+00
<VARIANCE> 20
 5.696064e-01 2.618837e-01 1.377725e+01 4.052844e+00 2.398580e+00 1.101282e+00 3.916928e+00 1.504139e+01 1.394997e+00 1.106745e+00 3.281750e+00 2.392812e+01 1.151922e+00 9.566618e-01 2.517313e+00 9.394742e+00 1.496132e+00 8.522236e-01 3.175793e+00 8.210932e+00
<GCONST> 5.548699e+01
<MIXTURE> 2 2.578900e-01
<MEAN> 20
 -7.424627e+00 -2.848011e+00 -1.490567e+01 -1.233331e+01 -5.282434e+00 -1.323588e+01 -1.347636e+01 -1.536159e+01 -5.745066e-01 -1.305913e+01 -1.057947e+01 -1.388144e+01 3.699631e+00 -1.193873e+01 -7.265597e+00 -1.082186e+01 7.469658e+00 -9.998851e+00 -2.121641e+00 -1.092796e+01
<VARIANCE> 20
 8.530334e-01 7.850251e-01 2.966589e+01 6.093644e+00 7.091543e+00 1.821138e+00 1.799343e+01 2.888870e+01 5.209382e+00 1.474610e+00 2.790041e+01 3.927364e+01 4.702344e+00 1.184391e+00 3.556548e+01 2.489368e+01 9.128454e+00 1.359231e+00 6.369930e+01 2.595934e+01
<GCONST> 7.783597e+01
<MIXTURE> 3 3.225413e-01
<MEAN> 20
 -8.239688e+00 -1.883652e+00 -1.214991e+01 -1.074116e+01 -1.082273e+01 -1.305831e+01 -1.478906e+01 -1.885693e+01 -5.504285e+00 -1.348810e+01 -1.132614e+01 -1.990893e+01 -1.000865e-02 -1.277374e+01 -6.061334e+00 -1.212901e+01 5.672740e+00 -1.112078e+01 -1.058697e+00 -1.098614e+01
<VARIANCE> 20
 6.641654e-01 4.819252e-01 2.864382e+01 4.900746e+00 2.460672e+00 1.135889e+00 9.264866e+00 3.427533e+01 1.334077e+00 1.059687e+00 7.258090e+00 5.146524e+01 1.179958e+00 8.472819e-01 5.929433e+00 2.143300e+01 1.680804e+00 8.951504e-01 8.630321e+00 1.850055e+01
<GCONST> 6.394662e+01
<MIXTURE> 4 1.728373e-01
<MEAN> 20
 -6.851256e+00 -2.899536e+00 -2.063972e+01 -1.061419e+01 -8.743779e+00 -1.292383e+01 -2.277897e+01 -1.577327e+01 -5.376108e+00 -1.224044e+01 -1.998275e+01 -1.214057e+01 -2.669385e+00 -1.038379e+01 -1.308717e+01 -6.531030e+00 -6.008055e-01 -7.845597e+00 -9.959550e+00 -5.812613e+00
<VARIANCE> 20
 2.005337e+01 3.504552e+00 9.301913e+01 2.141246e+01 5.328978e+01 9.578204e+00 1.206151e+02 4.263776e+01 3.189444e+01 1.246694e+01 1.203646e+02 6.927979e+01 2.617282e+01 1.750272e+01 6.101055e+01 3.185767e+01 4.283130e+01 2.228522e+01 6.854211e+01 4.226095e+01
<GCONST> 1.069335e+02
<STATE> 3
<NUMMIXES> 4
<MIXTURE> 1 2.642618e-01
<MEAN> 20
 -6.440093e+00 -1.680724e+00 -1.155341e+01 -9.542239e+00 -7.027419e+00 -1.082231e+01 -1.042021e+01 -1.408042e+01 -2.202610e+00 -1.090045e+01 -6.596022e+00 -1.333370e+01 2.560971e+00 -1.006504e+01 -2.899025e+00 -7.908653e+00 7.245566e+00 -8.495809e+00 1.633251e+00 -7.240854e+00
<VARIANCE> 20
 5.536200e-01 4.855123e-01 2.011654e+01 6.658274e+00 3.039733e+00 1.156185e+00 7.394035e+00 1.902769e+01 2.819763e+00 8.470886e-01 6.154333e+00 3.414025e+01 3.072851e+00 5.692844e-01 5.302238e+00 1.061970e+01 3.353590e+00 6.215751e-01 9.725391e+00 9.694280e+00
<GCONST> 6.263380e+01
<MIXTURE> 2 3.435144e-01
<MEAN> 20
 -7.712908e+00 -2.326036e+00 -1.082797e+01 -1.134354e+01 -8.083395e+00 -1.301526e+01 -1.112516e+01 -1.803052e+01 -2.819855e+00 -1.309261e+01 -7.668331e+00 -1.822220e+01 2.488853e+00 -1.209269e+01 -4.010795e+00 -9.527253e+00 7.835599e+00 -1.022909e+01 6.368840e-01 -8.641405e+00
<VARIANCE> 20
 4.275805e-01 3.983668e-01 2.224949e+01 5.330135e+00 1.854914e+00 5.279843e-01 7.497928e+00 3.356955e+01 1.546045e+00 4.581688e-01 5.590978e+00 5.623971e+01 1.711957e+00 3.471603e-01 4.038793e+00 7.731213e+00 1.916726e+00 4.594375e-01 3.923196e+00 7.734796e+00
<GCONST> 5.688298e+01
<MIXTURE> 3 3.096289e-01
<MEAN> 20
 -8.911080e+00 -1.235618e+00 -1.970947e+01 -1.070919e+01 -1.366984e+01 -1.290110e+01 -2.109678e+01 -1.870933e+01 -7.938055e+00 -1.373635e+01 -1.665076e+01 -1.925384e+01 -1.909492e+00 -1.325007e+01 -1.006127e+01 -1.107973e+01 4.162957e+00 -1.168969e+01 -4.015898e+00 -1.045169e+01
<VARIANCE> 20
 1.516742e+00 1.222961e+00 3.621840e+01 1.169045e+01 8.716576e+00 3.858498e+00 1.805734e+01 3.994543e+01 5.728207e+00 3.375753e+00 2.130974e+01 6.958403e+01 4.403244e+00 2.968383e+00 1.828439e+01 4.078056e+01 5.312510e+00 2.994957e+00 2.477629e+01 4.042398e+01
<GCONST> 8.264494e+01
<MIXTURE> 4 8.259478e-02
<MEAN> 20
 -5.403340e+00 -1.994803e+00 -1.664726e+01 -4.865311e+00 -9.100058e+00 -8.930990e+00 -1.913785e+01 -7.716032e+00 -6.204304e+00 -8.095459e+00 -1.686179e+01 -2.897506e+00 -3.568849e+00 -6.138205e+00 -1.040971e+01 -2.908338e-01 -1.376225e+00 -3.647612e+00 -7.251942e+00 1.770646e-01
<VARIANCE> 20
 3.440385e+01 3.879670e+00 2.677098e+02 2.855931e+01 1.443129e+02 1.396201e+01 3.821490e+02 6.878261e+01 1.175995e+02 1.647825e+01 3.247916e+02 7.535580e+01 1.018345e+02 2.003303e+01 1.701474e+02 3.346040e+01 9.890337e+01 2.352312e+01 1.386019e+02 3.046769e+01
<GCONST> 1.184213e+02
<STATE> 4
<NUMMIXES> 4
<MIXTURE> 1 1.015892e-01
<MEAN> 20
 1.482058e+00 -2.066486e+00 5.410354e-01 -1.001656e+01 2.659231e+00 -1.173024e+01 1.517172e+00 -1.439234e+01 1.649074e+00 -1.164456e+01 4.818495e-01 -1.262045e+01 3.904290e-01 -1.047457e+01 -1.018990e-01 -8.028419e+00 -1.051776e+00 -8.566775e+00 -4.008496e-01 -7.031942e+00
<VARIANCE> 20
 5.526317e+01 2.107199e+00 2.824123e+02 1.910148e+01 1.083224e+02 8.171812e+00 3.425251e+02 5.044596e+01 4.867404e+01 9.883088e+00 2.237228e+02 7.389458e+01 3.199486e+01 1.257484e+01 1.034680e+02 3.659933e+01 5.321335e+01 1.568250e+01 6.956652e+01 3.358591e+01
<GCONST> 1.112600e+02
<MIXTURE> 2 3.752427e-01
<MEAN> 20
 -6.985953e+00 -1.179623e+00 -1.259685e+01 -8.498553e+00 -9.819800e+00 -1.071199e+01 -1.304864e+01 -1.570901e+01 -4.948756e+00 -1.116948e+01 -9.509129e+00 -1.612202e+01 5.851070e-02 -1.063069e+01 -4.556019e+00 -9.416213e+00 5.193902e+00 -9.302330e+00 2.615434e-01 -8.714799e+00
<VARIANCE> 20
 6.808107e-01 4.441608e-01 2.239759e+01 4.480047e+00 2.580054e+00 1.067196e+00 8.485698e+00 2.217019e+01 1.678567e+00 9.900308e-01 8.114626e+00 3.699104e+01 1.605377e+00 8.581491e-01 5.813260e+00 1.447134e+01 2.136415e+00 9.620723e-01 6.967317e+00 1.543522e+01
<GCONST> 6.278337e+01
<MIXTURE> 3 2.949117e-01
<MEAN> 20
 -8.272955e+00 -2.556048e+00 -1.161939e+01 -1.278640e+01 -8.341886e+00 -1.433718e+01 -1.172799e+01 -2.112282e+01 -2.687911e+00 -1.447056e+01 -8.183732e+00 -2.146809e+01 2.896442e+00 -1.335335e+01 -4.439550e+00 -1.142275e+01 8.411859e+00 -1.125051e+01 5.345823e-01 -1.024211e+01
<VARIANCE> 20
 6.693773e-01 6.191328e-01 2.541857e+01 5.979155e+00 4.037654e+00 9.567739e-01 1.704717e+01 3.631375e+01 3.218731e+00 8.193867e-01 1.125711e+01 6.476225e+01 2.823395e+00 7.082747e-01 6.498960e+00 1.944720e+01 2.803046e+00 9.211085e-01 9.909943e+00 1.585711e+01
<GCONST> 6.777968e+01
<MIXTURE> 4 2.282564e-01
<MEAN> 20
 -1.051354e+01 -2.054735e+00 -2.173882e+01 -1.520516e+01 -1.441659e+01 -1.636586e+01 -2.108974e+01 -2.065912e+01 -7.521831e+00 -1.715896e+01 -1.556954e+01 -2.086890e+01 -5.085605e-01 -1.643599e+01 -8.489977e+00 -1.255904e+01 6.398427e+00 -1.451522e+01 -1.060291e+00 -1.322266e+01
<VARIANCE> 20
 2.248485e+00 1.581649e+00 5.824664e+01 1.297793e+01 1.490164e+01 5.566388e+00 2.775102e+01 6.779629e+01 1.181760e+01 4.925631e+00 2.938735e+01 1.143074e+02 1.022459e+01 4.176820e+00 2.813744e+01 5.714207e+01 1.086456e+01 4.019342e+00 5.171438e+01 6.328048e+01
<GCONST> 9.180262e+01
<TRANSP> 5
 0.000000e+00 1.000000e+00 0.000000e+00 0.000000e+00 0.000000e+00
 0.000000e+00 7.273383e-01 2.726618e-01 0.000000e+00 0.000000e+00
 0.000000e+00 0.000000e+00 7.394319e-01 2.605682e-01 0.000000e+00
 0.000000e+00 0.000000e+00 0.000000e+00 7.030720e-01 2.969280e-01
 0.000000e+00 0.000000e+00 0.000000e+00 0.000000e+00 0.000000e+00
<ENDHMM>
