~o
<STREAMINFO> 1 20
<VECSIZE> 20<NULLD><USER><DIAGC>
~h "sil1"
<BEGINHMM>
<NUMSTATES> 5
<STATE> 2
<MEAN> 20
 -7.310033e+00 -2.098611e+00 -1.204937e+01 -1.084911e+01 -7.741181e+00 -1.226423e+01 -1.176422e+01 -1.336166e+01 -2.455613e+00 -1.224441e+01 -7.564146e+00 -1.004639e+01 2.601149e+00 -1.135087e+01 -3.189797e+00 -7.622910e+00 7.580932e+00 -9.778847e+00 2.139443e+00 -8.688280e+00
<VARIANCE> 20
 3.280123e+00 1.050530e+00 5.720926e+01 1.238462e+01 1.176614e+01 4.846846e+00 2.946041e+01 3.588074e+01 9.877149e+00 4.861137e+00 2.295791e+01 2.843055e+01 1.054163e+01 4.752349e+00 1.704818e+01 1.511392e+01 1.389492e+01 4.909910e+00 3.170044e+01 2.513713e+01
<GCONST> 8.628639e+01
<STATE> 3
<MEAN> 20
 -9.594652e+00 -2.139968e+00 -1.812753e+01 -1.279916e+01 -1.132457e+01 -1.510270e+01 -1.737035e+01 -1.932978e+01 -5.238126e+00 -1.545357e+01 -1.387185e+01 -1.566452e+01 5.870081e-01 -1.454049e+01 -7.737666e+00 -1.115826e+01 6.207391e+00 -1.265724e+01 -1.958577e+00 -1.154644e+01
<VARIANCE> 20
 1.913942e+00 1.557635e+00 6.567406e+01 1.240541e+01 1.812226e+01 4.297120e+00 3.560453e+01 5.284013e+01 1.303020e+01 4.104157e+00 4.417859e+01 6.177344e+01 1.115777e+01 3.970250e+00 4.172962e+01 3.395937e+01 1.747672e+01 4.382963e+00 6.571468e+01 3.520878e+01
<GCONST> 9.147108e+01
<STATE> 4
<MEAN> 20
 -5.406249e+00 -2.266965e+00 -1.726203e+01 -8.162560e+00 -8.030794e+00 -1.079533e+01 -1.931517e+01 -9.558785e+00 -4.859726e+00 -9.871755e+00 -1.355981e+01 -4.850618e+00 -2.165854e+00 -7.911407e+00 -9.090860e+00 -2.384535e+00 9.797679e-03 -5.435033e+00 -5.921557e+00 -1.929396e+00
<VARIANCE> 20
 3.135786e+01 4.804993e+00 2.004879e+02 5.912679e+01 9.259549e+01 2.298266e+01 2.612747e+02 9.890411e+01 6.005404e+01 2.682035e+01 1.789979e+02 8.011018e+01 5.665678e+01 3.106276e+01 1.162724e+02 5.267101e+01 8.494931e+01 3.365561e+01 1.237488e+02 4.971675e+01
<GCONST> 1.188068e+02
<TRANSP> 5
 0.000000e+00 1.000000e+00 0.000000e+00 0.000000e+00 0.000000e+00
 0.000000e+00 8.107683e-01 6.233279e-02 1.268989e-01 0.000000e+00
 0.000000e+00 0.000000e+00 8.407202e-01 1.592798e-01 0.000000e+00
 0.000000e+00 1.869466e-02 0.000000e+00 6.044301e-01 3.768753e-01
 0.000000e+00 0.000000e+00 0.000000e+00 0.000000e+00 0.000000e+00
<ENDHMM>
