~o
<STREAMINFO> 1 20
<VECSIZE> 20<NULLD><USER><DIAGC>
~h "t"
<BEGINHMM>
<NUMSTATES> 8
<STATE> 2
<MEAN> 20
 -7.330017e+00 -2.095206e+00 -1.503053e+01 -1.132990e+01 -8.735225e+00 -1.227034e+01 -1.606111e+01 -1.452692e+01 -3.956728e+00 -1.236204e+01 -1.128819e+01 -1.056124e+01 6.623420e-01 -1.148708e+01 -6.213087e+00 -7.417177e+00 5.169227e+00 -9.893464e+00 -1.872163e+00 -8.032771e+00
<VARIANCE> 20
 8.995584e+00 1.549032e+00 7.481419e+01 1.612457e+01 2.805079e+01 6.905236e+00 7.263815e+01 3.362054e+01 1.797498e+01 7.667092e+00 6.206799e+01 4.531208e+01 1.519143e+01 8.699445e+00 3.119317e+01 2.725547e+01 2.239702e+01 9.985258e+00 3.549385e+01 3.245909e+01
<GCONST> 9.651073e+01
<STATE> 3
<NUMMIXES> 4
<MIXTURE> 1 3.069829e-01
<MEAN> 20
 -6.383891e+00 -1.230987e+00 -1.184395e+01 -8.985950e+00 -8.564089e+00 -9.772534e+00 -1.201348e+01 -1.284080e+01 -3.960337e+00 -1.005994e+01 -7.358575e+00 -9.902821e+00 6.385864e-01 -9.641493e+00 -3.306113e+00 -7.237072e+00 5.386611e+00 -8.653780e+00 8.222609e-01 -7.700216e+00
<VARIANCE> 20
 5.285255e-01 3.348728e-01 2.011771e+01 3.886171e+00 3.044383e+00 8.848421e-01 5.531823e+00 1.488675e+01 2.005025e+00 7.663547e-01 3.159362e+00 2.365795e+01 1.757175e+00 5.979972e-01 3.042798e+00 1.357498e+01 2.030174e+00 6.229625e-01 4.076555e+00 1.385703e+01
<GCONST> 5.756989e+01
<MIXTURE> 2 3.775742e-01
<MEAN> 20
 -7.773829e+00 -2.416914e+00 -1.405759e+01 -1.228367e+01 -8.031439e+00 -1.317868e+01 -1.494625e+01 -1.666083e+01 -2.813755e+00 -1.331132e+01 -1.036018e+01 -1.394315e+01 2.324913e+00 -1.244772e+01 -5.878254e+00 -1.006285e+01 7.359474e+00 -1.076217e+01 -6.154557e-01 -1.039994e+01
<VARIANCE> 20
 7.216230e-01 7.267874e-01 3.252728e+01 6.566778e+00 6.547374e+00 1.561583e+00 1.329813e+01 3.087036e+01 5.197274e+00 1.349463e+00 1.259004e+01 5.372641e+01 4.709826e+00 1.069659e+00 1.200042e+01 3.202414e+01 5.230241e+00 1.205474e+00 2.175264e+01 3.018039e+01
<GCONST> 7.417979e+01
<MIXTURE> 3 2.090210e-01
<MEAN> 20
 -1.075679e+01 -1.984379e+00 -2.338635e+01 -1.598683e+01 -1.573440e+01 -1.596423e+01 -2.522598e+01 -1.868544e+01 -9.091996e+00 -1.682541e+01 -1.621053e+01 -1.279637e+01 -2.330518e+00 -1.632519e+01 -9.303021e+00 -9.881406e+00 4.532468e+00 -1.478254e+01 -3.490601e+00 -1.203313e+01
<VARIANCE> 20
 2.051667e+00 1.196030e+00 4.642293e+01 1.882911e+01 7.154304e+00 5.351806e+00 2.425008e+01 4.567013e+01 7.033669e+00 4.836024e+00 1.968445e+01 8.042389e+01 7.997821e+00 3.922109e+00 1.736794e+01 5.384795e+01 1.065119e+01 3.471017e+00 2.035365e+01 5.692982e+01
<GCONST> 8.692915e+01
<MIXTURE> 4 1.064218e-01
<MEAN> 20
 8.659896e-01 -2.438651e+00 -9.166312e-01 -9.597778e+00 1.675702e+00 -1.117897e+01 -2.377230e+00 -1.242110e+01 5.658687e-01 -1.056234e+01 -3.870140e+00 -8.648897e+00 -9.614361e-01 -8.993488e+00 -3.178938e+00 -5.315151e+00 -2.762940e+00 -6.882745e+00 -4.117776e+00 -5.056780e+00
<VARIANCE> 20
 5.301050e+01 3.499537e+00 4.262753e+02 2.547335e+01 1.234665e+02 1.073238e+01 5.325671e+02 4.839100e+01 6.655019e+01 1.273801e+01 4.073203e+02 4.873622e+01 4.398350e+01 1.725149e+01 1.564058e+02 3.494543e+01 5.214708e+01 2.270503e+01 1.109365e+02 3.989469e+01
<GCONST> 1.159680e+02
<STATE> 4
<NUMMIXES> 4
<MIXTURE> 1 2.019531e-01
<MEAN> 20
 -6.034621e+00 -1.708883e+00 -1.094451e+01 -9.517744e+00 -6.011317e+00 -1.032910e+01 -1.081708e+01 -1.240560e+01 -1.385938e+00 -1.029407e+01 -6.617554e+00 -8.392599e+00 2.962035e+00 -9.470864e+00 -2.837463e+00 -6.064095e+00 7.153429e+00 -8.046262e+00 1.618117e+00 -6.532414e+00
<VARIANCE> 20
 5.630835e-01 5.923880e-01 2.421173e+01 5.876386e+00 6.949708e+00 2.579550e+00 8.590304e+00 1.471453e+01 6.541435e+00 2.013622e+00 5.932673e+00 1.655989e+01 6.184798e+00 1.300972e+00 5.739668e+00 9.717476e+00 6.057612e+00 1.133333e+00 1.083341e+01 1.242982e+01
<GCONST> 6.844448e+01
<MIXTURE> 2 3.931054e-01
<MEAN> 20
 -7.677439e+00 -2.275781e+00 -1.217702e+01 -1.189528e+01 -8.460249e+00 -1.233141e+01 -1.321119e+01 -1.423778e+01 -3.306500e+00 -1.243645e+01 -8.402949e+00 -1.129238e+01 1.903457e+00 -1.175363e+01 -4.179397e+00 -8.249516e+00 7.304552e+00 -1.039228e+01 7.315484e-01 -9.369362e+00
<VARIANCE> 20
 3.818753e-01 4.092937e-01 2.517985e+01 5.214230e+00 2.188320e+00 6.577524e-01 6.058564e+00 2.191691e+01 1.719925e+00 5.545856e-01 3.673782e+00 2.877760e+01 1.917052e+00 4.283307e-01 3.455336e+00 1.023626e+01 2.287648e+00 5.107855e-01 3.937951e+00 1.883207e+01
<GCONST> 5.747622e+01
<MIXTURE> 3 3.175239e-01
<MEAN> 20
 -9.091824e+00 -2.170208e+00 -2.044716e+01 -1.254026e+01 -1.121577e+01 -1.383518e+01 -2.108105e+01 -1.731737e+01 -6.117068e+00 -1.421603e+01 -1.655392e+01 -1.382240e+01 -1.097155e+00 -1.354898e+01 -1.126875e+01 -1.040092e+01 3.781205e+00 -1.200577e+01 -6.463246e+00 -1.121714e+01
<VARIANCE> 20
 1.616526e+00 1.735568e+00 3.636137e+01 1.221510e+01 2.024938e+01 4.234488e+00 2.420588e+01 2.974508e+01 1.510102e+01 3.610419e+00 2.850438e+01 4.493488e+01 1.118935e+01 3.125584e+00 3.080332e+01 2.873663e+01 1.343555e+01 3.406160e+00 4.246323e+01 3.455458e+01
<GCONST> 8.752488e+01
<MIXTURE> 4 8.741763e-02
<MEAN> 20
 -5.293964e+00 -2.151236e+00 -1.939355e+01 -5.109072e+00 -1.022505e+01 -9.434015e+00 -2.315050e+01 -7.056918e+00 -7.970869e+00 -8.388212e+00 -2.001147e+01 -2.455840e+00 -5.983602e+00 -6.208584e+00 -1.276352e+01 3.111357e-01 -4.441168e+00 -3.557719e+00 -1.046967e+01 7.325515e-01
<VARIANCE> 20
 3.691314e+01 4.803484e+00 2.638688e+02 3.729109e+01 1.152708e+02 1.148070e+01 3.602766e+02 6.368507e+01 7.179943e+01 1.255574e+01 2.913852e+02 6.644119e+01 5.050088e+01 1.656844e+01 1.127093e+02 3.272841e+01 5.425934e+01 2.137444e+01 8.627735e+01 3.251770e+01
<GCONST> 1.149713e+02
<STATE> 5
<NUMMIXES> 4
<MIXTURE> 1 1.878987e-01
<MEAN> 20
 -5.442264e+00 -1.184255e+00 -9.125532e+00 -8.454872e+00 -6.892839e+00 -8.487047e+00 -9.554013e+00 -1.044609e+01 -2.838712e+00 -8.664533e+00 -5.532949e+00 -6.955539e+00 1.148208e+00 -8.304750e+00 -2.275806e+00 -5.226889e+00 5.265098e+00 -7.478941e+00 1.097968e+00 -5.792055e+00
<VARIANCE> 20
 4.443194e-01 2.271009e-01 1.313481e+01 4.036894e+00 2.692159e+00 1.242051e+00 3.811345e+00 8.594118e+00 1.614429e+00 1.151335e+00 1.712088e+00 8.107965e+00 1.345822e+00 9.461603e-01 1.581115e+00 6.260494e+00 1.713576e+00 7.747462e-01 2.430381e+00 6.191274e+00
<GCONST> 5.190994e+01
<MIXTURE> 2 3.492565e-01
<MEAN> 20
 -7.610457e+00 -2.712727e+00 -1.224032e+01 -1.398193e+01 -6.762646e+00 -1.359232e+01 -1.451543e+01 -1.537724e+01 -1.012343e+00 -1.362116e+01 -8.348326e+00 -7.821335e+00 4.397995e+00 -1.262031e+01 -3.721961e+00 -5.668633e+00 9.564825e+00 -1.082210e+01 8.606381e-01 -6.152220e+00
<VARIANCE> 20
 4.387437e-01 3.729705e-01 1.998197e+01 2.976981e+00 4.401612e+00 9.658148e-01 1.021784e+01 2.022457e+01 3.573932e+00 9.011550e-01 5.618888e+00 4.938956e+00 2.718074e+00 7.618942e-01 4.705424e+00 1.697288e+00 2.289777e+00 7.761750e-01 4.742184e+00 1.175964e+00
<GCONST> 5.540367e+01
<MIXTURE> 3 3.269893e-01
<MEAN> 20
 -7.914896e+00 -1.603131e+00 -1.548371e+01 -1.106811e+01 -1.079291e+01 -1.163803e+01 -1.661191e+01 -1.461764e+01 -5.695582e+00 -1.205161e+01 -1.095935e+01 -1.141534e+01 -4.214451e-01 -1.165194e+01 -6.151660e+00 -8.167076e+00 5.117002e+00 -1.056111e+01 -1.436321e+00 -1.000529e+01
<VARIANCE> 20
 7.933196e-01 6.120180e-01 2.584342e+01 6.498908e+00 4.414441e+00 1.312977e+00 1.353939e+01 2.249084e+01 2.909612e+00 1.123687e+00 7.353222e+00 3.583425e+01 2.424116e+00 1.002631e+00 5.755088e+00 1.495685e+01 2.697133e+00 1.234661e+00 7.820119e+00 2.723674e+01
<GCONST> 6.730088e+01
<MIXTURE> 4 1.358554e-01
<MEAN> 20
 -7.524896e+00 -2.555184e+00 -1.911343e+01 -1.204376e+01 -9.527948e+00 -1.370461e+01 -2.052479e+01 -1.590385e+01 -5.547122e+00 -1.350872e+01 -1.629181e+01 -1.167109e+01 -1.902843e+00 -1.213146e+01 -1.018098e+01 -8.159149e+00 1.408305e+00 -9.975351e+00 -6.338579e+00 -8.110844e+00
<VARIANCE> 20
 2.659529e+01 2.977192e+00 1.659612e+02 2.809161e+01 6.822404e+01 1.089671e+01 1.979236e+02 5.407058e+01 3.968084e+01 1.481719e+01 1.675966e+02 6.944608e+01 3.288531e+01 2.025351e+01 8.273035e+01 5.291335e+01 5.302658e+01 2.531036e+01 9.117133e+01 5.834838e+01
<GCONST> 1.118715e+02
<STATE> 6
<NUMMIXES> 4
<MIXTURE> 1 4.267811e-01
<MEAN> 20
 -6.911684e+00 -2.175283e+00 -1.131020e+01 -1.203438e+01 -6.966539e+00 -1.157057e+01 -1.244355e+01 -1.367579e+01 -1.816548e+00 -1.156554e+01 -7.178446e+00 -7.946589e+00 3.203881e+00 -1.075851e+01 -2.929822e+00 -5.472015e+00 8.238940e+00 -9.293505e+00 1.363745e+00 -5.825814e+00
<VARIANCE> 20
 4.784186e-01 3.831930e-01 1.950993e+01 3.519717e+00 4.357418e+00 1.289880e+00 6.247975e+00 1.627914e+01 4.198299e+00 1.075554e+00 3.390469e+00 9.405320e+00 3.792048e+00 7.756473e-01 2.912709e+00 2.476679e+00 3.109200e+00 6.662581e-01 2.845147e+00 1.533592e+00
<GCONST> 5.586506e+01
<MIXTURE> 2 3.241815e-01
<MEAN> 20
 -9.021152e+00 -2.289482e+00 -1.685665e+01 -1.435632e+01 -1.083521e+01 -1.444875e+01 -1.843849e+01 -1.698161e+01 -4.761412e+00 -1.483670e+01 -1.130502e+01 -1.123157e+01 1.219920e+00 -1.411203e+01 -5.871208e+00 -8.339640e+00 7.210633e+00 -1.252334e+01 -7.200840e-01 -9.558024e+00
<VARIANCE> 20
 1.448783e+00 1.204228e+00 3.540142e+01 1.195602e+01 8.866055e+00 3.300222e+00 2.082618e+01 2.989680e+01 6.183900e+00 3.234566e+00 8.317603e+00 4.079208e+01 5.061791e+00 2.773172e+00 6.756501e+00 2.042603e+01 5.252133e+00 2.514670e+00 1.020472e+01 2.569564e+01
<GCONST> 7.771397e+01
<MIXTURE> 3 1.616843e-01
<MEAN> 20
 -6.600963e+00 -1.542826e+00 -1.592316e+01 -8.812542e+00 -8.780667e+00 -1.084639e+01 -1.661635e+01 -1.228492e+01 -4.991988e+00 -1.098270e+01 -1.272744e+01 -9.208531e+00 -1.392480e+00 -1.012784e+01 -8.175918e+00 -6.650201e+00 1.973459e+00 -8.592237e+00 -4.279276e+00 -7.032662e+00
<VARIANCE> 20
 2.014568e+01 2.093696e+00 1.456163e+02 1.819825e+01 6.230288e+01 9.471140e+00 1.622664e+02 4.257462e+01 3.309275e+01 1.009619e+01 1.175029e+02 5.751242e+01 1.662948e+01 1.152156e+01 6.561715e+01 4.272314e+01 1.871103e+01 1.351529e+01 5.678644e+01 4.763371e+01
<GCONST> 1.048622e+02
<MIXTURE> 4 8.735305e-02
<MEAN> 20
 -3.289922e+00 -5.009573e+00 -2.384905e+01 -1.039937e+01 -8.637195e+00 -1.198475e+01 -3.269514e+01 -1.543420e+01 -8.887527e+00 -9.152072e+00 -3.444572e+01 -1.191433e+01 -9.823029e+00 -5.639358e+00 -1.883084e+01 -4.200591e+00 -1.114409e+01 -2.049864e+00 -1.854486e+01 -1.883699e+00
<VARIANCE> 20
 5.311182e+00 9.425665e-01 2.196062e+01 1.128618e+01 2.033747e+01 3.918159e+00 6.907576e+01 1.352142e+01 2.804756e+01 5.238949e+00 1.291479e+02 1.902951e+01 3.318426e+01 6.534136e+00 3.278773e+01 5.206334e+00 3.338702e+01 7.137249e+00 3.108608e+01 5.531147e+00
<GCONST> 8.903527e+01
<STATE> 7
<MEAN> 20
 -7.259554e+00 -2.244315e+00 -1.446128e+01 -1.181176e+01 -8.299203e+00 -1.238711e+01 -1.604042e+01 -1.476935e+01 -3.586715e+00 -1.239356e+01 -1.129445e+01 -1.004522e+01 9.137151e-01 -1.145462e+01 -6.203846e+00 -6.989520e+00 5.302119e+00 -9.810903e+00 -2.031200e+00 -7.465935e+00
<VARIANCE> 20
 8.386553e+00 1.739462e+00 7.043304e+01 1.394514e+01 2.719677e+01 6.549718e+00 7.438606e+01 2.998991e+01 1.824015e+01 7.199178e+00 6.984919e+01 3.585997e+01 1.684222e+01 8.232012e+00 3.261826e+01 2.128149e+01 2.603880e+01 9.568364e+00 3.754238e+01 2.584651e+01
<GCONST> 9.579407e+01
<TRANSP> 8
 0.000000e+00 1.000000e+00 0.000000e+00 0.000000e+00 0.000000e+00 0.000000e+00 0.000000e+00 0.000000e+00
 0.000000e+00 8.094991e-02 9.190500e-01 0.000000e+00 0.000000e+00 0.000000e+00 0.000000e+00 0.000000e+00
 0.000000e+00 0.000000e+00 5.417852e-01 4.582148e-01 0.000000e+00 0.000000e+00 0.000000e+00 0.000000e+00
 0.000000e+00 0.000000e+00 0.000000e+00 5.265429e-01 4.734571e-01 0.000000e+00 0.000000e+00 0.000000e+00
 0.000000e+00 0.000000e+00 0.000000e+00 0.000000e+00 5.768106e-01 4.231894e-01 0.000000e+00 0.000000e+00
 0.000000e+00 0.000000e+00 0.000000e+00 0.000000e+00 0.000000e+00 5.180876e-01 4.819125e-01 0.000000e+00
 0.000000e+00 0.000000e+00 0.000000e+00 0.000000e+00 0.000000e+00 0.000000e+00 8.211942e-02 9.178806e-01
 0.000000e+00 0.000000e+00 0.000000e+00 0.000000e+00 0.000000e+00 0.000000e+00 0.000000e+00 0.000000e+00
<ENDHMM>
