~o
<STREAMINFO> 1 20
<VECSIZE> 20<NULLD><USER><DIAGC>
~h "u"
<BEGINHMM>
<NUMSTATES> 8
<STATE> 2
<MEAN> 20
 -7.088680e+00 -1.837512e+00 -1.439711e+01 -1.006782e+01 -8.957108e+00 -1.199085e+01 -1.477235e+01 -1.575029e+01 -4.268340e+00 -1.216335e+01 -1.100161e+01 -1.440844e+01 3.552228e-01 -1.132017e+01 -6.654074e+00 -8.888448e+00 4.861115e+00 -9.679453e+00 -1.994872e+00 -9.065828e+00
<VARIANCE> 20
 9.399653e+00 1.582820e+00 8.696795e+01 1.791300e+01 2.855460e+01 7.039477e+00 7.879929e+01 5.547121e+01 1.649035e+01 7.333521e+00 6.326096e+01 7.600102e+01 1.332410e+01 7.771646e+00 4.286411e+01 3.504787e+01 2.129649e+01 8.339583e+00 4.843222e+01 3.956198e+01
<GCONST> 9.846027e+01
<STATE> 3
<NUMMIXES> 4
<MIXTURE> 1 3.676047e-02
<MEAN> 20
 7.591191e+00 -2.260390e+00 1.628310e+01 -9.928300e+00 9.030494e+00 -1.249706e+01 1.626299e+01 -1.762531e+01 4.077456e+00 -1.226154e+01 1.280562e+01 -1.628976e+01 -4.803615e-01 -1.068473e+01 8.154522e+00 -9.553365e+00 -4.491248e+00 -8.241437e+00 2.773823e+00 -7.076109e+00
<VARIANCE> 20
 3.504645e+00 2.340479e+00 1.178599e+02 1.404584e+01 3.055553e+01 5.368055e+00 1.557547e+02 6.642923e+01 2.527297e+01 8.793829e+00 1.825965e+02 9.982233e+01 2.311160e+01 1.485593e+01 6.015197e+01 7.157005e+01 3.231424e+01 2.096350e+01 6.918678e+01 6.627248e+01
<GCONST> 1.049879e+02
<MIXTURE> 2 2.724340e-01
<MEAN> 20
 -5.502929e+00 -1.034061e+00 -9.549580e+00 -7.635086e+00 -7.456939e+00 -8.766086e+00 -9.195191e+00 -1.266579e+01 -3.351328e+00 -8.986572e+00 -5.682274e+00 -1.204059e+01 7.171547e-01 -8.545333e+00 -2.518201e+00 -6.872036e+00 4.860925e+00 -7.567944e+00 8.702537e-01 -6.612741e+00
<VARIANCE> 20
 5.417887e-01 3.282839e-01 1.275881e+01 4.875200e+00 3.021584e+00 1.334296e+00 4.409528e+00 1.629192e+01 1.611887e+00 1.270249e+00 3.225775e+00 2.473904e+01 1.140371e+00 1.110154e+00 1.593246e+00 9.276258e+00 1.421894e+00 1.042759e+00 2.149775e+00 9.655372e+00
<GCONST> 5.628178e+01
<MIXTURE> 3 4.727422e-01
<MEAN> 20
 -7.484291e+00 -2.267019e+00 -1.347294e+01 -1.149924e+01 -7.990615e+00 -1.263322e+01 -1.366968e+01 -1.638181e+01 -3.127184e+00 -1.276689e+01 -9.981330e+00 -1.623722e+01 1.784587e+00 -1.201694e+01 -5.845177e+00 -1.224465e+01 6.740432e+00 -1.046294e+01 -2.846543e-01 -1.256287e+01
<VARIANCE> 20
 6.486710e-01 6.137853e-01 3.173141e+01 5.800854e+00 5.541453e+00 1.391434e+00 1.124733e+01 2.991636e+01 3.943608e+00 1.303917e+00 1.133572e+01 4.646866e+01 3.615822e+00 1.076164e+00 1.313687e+01 3.203564e+01 4.322122e+00 1.102166e+00 2.992361e+01 2.908657e+01
<GCONST> 7.254819e+01
<MIXTURE> 4 2.180632e-01
<MEAN> 20
 -8.658731e+00 -2.298296e+00 -2.315532e+01 -1.072527e+01 -1.159326e+01 -1.329813e+01 -2.404083e+01 -1.722345e+01 -7.032712e+00 -1.333376e+01 -1.995841e+01 -1.524552e+01 -2.807193e+00 -1.216740e+01 -1.381985e+01 -8.933326e+00 9.347782e-01 -1.015995e+01 -9.243373e+00 -9.176579e+00
<VARIANCE> 20
 6.878676e+00 4.042818e+00 4.649105e+01 3.327104e+01 3.702224e+01 1.300044e+01 3.728349e+01 7.825619e+01 2.319911e+01 1.387576e+01 5.179860e+01 1.032428e+02 1.702215e+01 1.687519e+01 4.409193e+01 5.493753e+01 2.908645e+01 2.016471e+01 5.942457e+01 6.393851e+01
<GCONST> 1.040103e+02
<STATE> 4
<NUMMIXES> 4
<MIXTURE> 1 3.952925e-01
<MEAN> 20
 -6.642716e+00 -1.468570e+00 -1.044511e+01 -9.394541e+00 -8.843077e+00 -1.070905e+01 -1.174364e+01 -1.509359e+01 -4.067493e+00 -1.093792e+01 -7.707591e+00 -1.448784e+01 7.614641e-01 -1.034230e+01 -3.609690e+00 -8.411334e+00 5.754379e+00 -9.076613e+00 5.896187e-01 -7.859373e+00
<VARIANCE> 20
 4.705035e-01 4.943094e-01 1.868418e+01 4.807946e+00 2.306348e+00 9.188548e-01 3.688526e+00 2.314019e+01 1.663469e+00 7.510800e-01 3.568433e+00 3.438843e+01 1.656447e+00 5.695046e-01 3.163628e+00 8.606608e+00 1.882275e+00 6.335816e-01 3.375341e+00 8.728374e+00
<GCONST> 5.683241e+01
<MIXTURE> 2 1.660311e-01
<MEAN> 20
 -6.256106e+00 -2.463647e+00 -1.348569e+01 -1.104916e+01 -5.310213e+00 -1.301138e+01 -1.273018e+01 -1.700552e+01 -1.471654e+00 -1.288434e+01 -9.908819e+00 -1.438265e+01 1.882588e+00 -1.163839e+01 -7.388098e+00 -9.473340e+00 4.730125e+00 -9.565815e+00 -3.895673e+00 -8.956938e+00
<VARIANCE> 20
 2.341571e+01 2.089549e+00 1.628552e+02 1.893848e+01 4.359278e+01 9.837902e+00 1.263399e+02 5.286411e+01 1.961332e+01 1.029094e+01 1.042601e+02 6.660561e+01 1.703593e+01 1.009511e+01 7.059283e+01 3.257685e+01 3.624390e+01 9.739387e+00 6.923585e+01 3.312040e+01
<GCONST> 1.041950e+02
<MIXTURE> 3 3.721993e-01
<MEAN> 20
 -8.484236e+00 -1.429234e+00 -1.549922e+01 -1.113100e+01 -1.245219e+01 -1.321683e+01 -1.764015e+01 -2.074061e+01 -6.563965e+00 -1.387104e+01 -1.342477e+01 -2.094670e+01 -4.453738e-01 -1.325244e+01 -7.235873e+00 -1.021444e+01 5.720281e+00 -1.162070e+01 -1.691393e+00 -1.012356e+01
<VARIANCE> 20
 9.609219e-01 8.566563e-01 4.150166e+01 8.667283e+00 5.274301e+00 1.750356e+00 1.184531e+01 4.133724e+01 3.293879e+00 1.636237e+00 1.159971e+01 6.749455e+01 2.885954e+00 1.418130e+00 9.388924e+00 3.336132e+01 3.443767e+00 1.452261e+00 1.246337e+01 3.526791e+01
<GCONST> 7.406368e+01
<MIXTURE> 4 6.647699e-02
<MEAN> 20
 -7.036635e+00 -2.618100e+00 -2.803627e+01 -2.291465e+00 -1.667349e+01 -7.827713e+00 -3.541815e+01 -4.786512e+00 -1.390440e+01 -6.140355e+00 -3.023375e+01 -5.559556e-02 -1.107125e+01 -3.389655e+00 -1.862553e+01 2.801227e+00 -8.495803e+00 -3.079153e-01 -1.496673e+01 3.783248e+00
<VARIANCE> 20
 9.379220e+00 6.758225e+00 2.543661e+01 5.472491e+01 3.127316e+01 1.924968e+01 4.106599e+01 1.025701e+02 1.920996e+01 1.193368e+01 1.103491e+02 9.896595e+01 1.695387e+01 8.707669e+00 4.867452e+01 3.812336e+01 2.907730e+01 7.908869e+00 4.213425e+01 2.224200e+01
<GCONST> 1.024260e+02
<STATE> 5
<NUMMIXES> 4
<MIXTURE> 1 2.725749e-01
<MEAN> 20
 -5.891460e+00 -1.522092e+00 -9.984193e+00 -8.894946e+00 -6.628999e+00 -1.102535e+01 -9.579289e+00 -1.514332e+01 -2.062741e+00 -1.111553e+01 -5.769029e+00 -1.385994e+01 2.300160e+00 -1.021496e+01 -2.634941e+00 -7.603649e+00 6.498639e+00 -8.560754e+00 1.369367e+00 -7.058836e+00
<VARIANCE> 20
 9.269596e+00 8.823853e-01 6.841508e+01 1.099015e+01 2.264027e+01 3.246686e+00 4.509704e+01 3.256304e+01 1.004399e+01 2.837863e+00 2.810831e+01 4.862049e+01 7.552404e+00 2.256361e+00 1.217895e+01 1.727582e+01 1.387574e+01 2.181392e+00 1.148369e+01 1.590293e+01
<GCONST> 8.444341e+01
<MIXTURE> 2 3.096154e-01
<MEAN> 20
 -7.728819e+00 -2.039001e+00 -9.192217e+00 -1.130509e+01 -8.707541e+00 -1.384389e+01 -1.045205e+01 -2.547833e+01 -3.008126e+00 -1.395988e+01 -7.169722e+00 -2.719963e+01 2.654921e+00 -1.269886e+01 -5.183046e+00 -9.133842e+00 8.081300e+00 -1.041039e+01 -7.781460e-01 -8.241373e+00
<VARIANCE> 20
 2.659632e-01 4.825304e-01 5.771635e+00 3.171937e+00 3.527930e+00 6.692374e-01 1.055104e+01 2.406564e+00 2.666052e+00 5.845314e-01 9.658696e+00 3.406552e+00 2.123286e+00 5.490479e-01 4.287376e+00 6.019574e+00 1.839824e+00 6.564597e-01 5.487201e+00 6.961329e+00
<GCONST> 5.287811e+01
<MIXTURE> 3 8.321946e-02
<MEAN> 20
 -7.220951e+00 -1.193338e+00 -2.234903e+01 -9.014639e-01 -1.315200e+01 -8.324996e+00 -2.555777e+01 -3.029638e+00 -8.586329e+00 -7.767324e+00 -1.898991e+01 -1.534253e-01 -4.242127e+00 -5.928924e+00 -1.160817e+01 1.540245e+00 -5.456853e-01 -3.552153e+00 -7.217603e+00 1.860978e+00
<VARIANCE> 20
 1.036073e+01 3.446895e+00 6.690166e+01 2.773388e+01 4.046797e+01 7.248833e+00 9.095721e+01 4.905323e+01 3.267172e+01 5.735166e+00 9.361928e+01 3.259871e+01 2.957997e+01 6.705166e+00 4.641371e+01 1.100050e+01 3.389633e+01 8.722560e+00 4.334705e+01 9.137152e+00
<GCONST> 9.839654e+01
<MIXTURE> 4 3.345903e-01
<MEAN> 20
 -8.644376e+00 -2.566302e+00 -1.987044e+01 -1.171057e+01 -8.669513e+00 -1.365357e+01 -1.913139e+01 -1.828793e+01 -4.278371e+00 -1.382681e+01 -1.745136e+01 -1.667765e+01 -1.682461e-01 -1.303414e+01 -1.371722e+01 -1.275043e+01 3.489618e+00 -1.135657e+01 -9.041483e+00 -1.257377e+01
<VARIANCE> 20
 1.580115e+00 1.607372e+00 3.190785e+01 7.469425e+00 2.348921e+01 2.473891e+00 1.731710e+01 2.925386e+01 1.476210e+01 2.268946e+00 1.923781e+01 3.417036e+01 8.297738e+00 2.072256e+00 2.980675e+01 2.297434e+01 1.147415e+01 2.255728e+00 4.672181e+01 2.359482e+01
<GCONST> 8.308550e+01
<STATE> 6
<NUMMIXES> 4
<MIXTURE> 1 4.060501e-02
<MEAN> 20
 9.295774e+00 -1.965272e+00 2.088341e+01 -1.111539e+01 1.260417e+01 -1.407681e+01 1.965187e+01 -1.766079e+01 6.441290e+00 -1.456278e+01 1.552703e+01 -1.811679e+01 3.496764e-01 -1.345321e+01 8.597393e+00 -1.129239e+01 -5.087983e+00 -1.120987e+01 1.761378e+00 -9.193911e+00
<VARIANCE> 20
 3.241147e+00 2.316697e+00 8.221058e+01 2.619002e+01 2.741113e+01 1.287127e+01 7.661349e+01 6.832742e+01 2.223010e+01 1.648960e+01 7.991367e+01 1.068540e+02 1.327454e+01 2.116172e+01 2.946523e+01 8.474470e+01 7.956129e+00 2.443485e+01 4.959402e+01 7.142413e+01
<GCONST> 1.027372e+02
<MIXTURE> 2 4.275280e-01
<MEAN> 20
 -7.363554e+00 -2.285874e+00 -1.094269e+01 -1.194856e+01 -7.779257e+00 -1.287166e+01 -1.265071e+01 -1.722382e+01 -2.430987e+00 -1.292589e+01 -8.592239e+00 -1.513074e+01 2.915601e+00 -1.196940e+01 -4.480338e+00 -8.272434e+00 8.194742e+00 -1.017925e+01 1.752812e-01 -7.661245e+00
<VARIANCE> 20
 5.203419e-01 5.093405e-01 2.977070e+01 5.123156e+00 4.033434e+00 1.193816e+00 1.049165e+01 3.691444e+01 3.203957e+00 1.102994e+00 9.134332e+00 5.462187e+01 2.966142e+00 9.033754e-01 7.190494e+00 1.059123e+01 2.994362e+00 9.429117e-01 7.280998e+00 8.913163e+00
<GCONST> 6.599195e+01
<MIXTURE> 3 2.749299e-01
<MEAN> 20
 -6.615778e+00 -1.179507e+00 -1.631051e+01 -6.737296e+00 -9.469058e+00 -9.853299e+00 -1.584934e+01 -1.279231e+01 -5.045979e+00 -1.002222e+01 -1.224447e+01 -1.172656e+01 -6.660526e-01 -9.258893e+00 -7.555391e+00 -7.086679e+00 3.520537e+00 -7.774836e+00 -3.115886e+00 -6.913183e+00
<VARIANCE> 20
 2.435251e+00 1.354834e+00 4.362503e+01 1.176828e+01 1.614385e+01 3.137897e+00 5.308158e+01 3.476457e+01 1.243005e+01 3.020572e+00 5.588373e+01 4.631548e+01 1.163109e+01 3.570874e+00 3.694599e+01 2.978960e+01 1.517477e+01 4.771863e+00 4.498010e+01 2.907311e+01
<GCONST> 8.931066e+01
<MIXTURE> 4 2.569371e-01
<MEAN> 20
 -9.905835e+00 -1.750458e+00 -2.036877e+01 -1.313635e+01 -1.406505e+01 -1.514427e+01 -2.070684e+01 -2.215659e+01 -7.555673e+00 -1.599825e+01 -1.576510e+01 -2.090440e+01 -9.503204e-01 -1.535588e+01 -9.372592e+00 -1.096602e+01 5.556026e+00 -1.354043e+01 -2.879364e+00 -1.093697e+01
<VARIANCE> 20
 1.665712e+00 2.079950e+00 7.266404e+01 1.412721e+01 1.549279e+01 4.390141e+00 2.460950e+01 6.161548e+01 1.071896e+01 3.731903e+00 2.384814e+01 1.113574e+02 8.300451e+00 3.294173e+00 2.535485e+01 5.221854e+01 9.981530e+00 3.233427e+00 3.132291e+01 5.171404e+01
<GCONST> 8.941249e+01
<STATE> 7
<MEAN> 20
 -7.147609e+00 -1.783907e+00 -1.340185e+01 -1.017067e+01 -9.125921e+00 -1.230345e+01 -1.424133e+01 -1.789375e+01 -4.217722e+00 -1.249760e+01 -1.057083e+01 -1.684380e+01 6.554109e-01 -1.158436e+01 -6.287215e+00 -8.763442e+00 5.392198e+00 -9.816557e+00 -1.790609e+00 -8.280584e+00
<VARIANCE> 20
 9.512657e+00 1.498317e+00 8.241520e+01 1.520874e+01 2.756096e+01 6.781462e+00 7.686616e+01 5.167905e+01 1.639978e+01 7.389218e+00 6.202351e+01 7.960170e+01 1.348318e+01 7.671808e+00 3.679934e+01 3.068793e+01 1.987412e+01 7.765169e+00 3.548654e+01 2.932498e+01
<GCONST> 9.702268e+01
<TRANSP> 8
 0.000000e+00 1.000000e+00 0.000000e+00 0.000000e+00 0.000000e+00 0.000000e+00 0.000000e+00 0.000000e+00
 0.000000e+00 5.537337e-02 9.446266e-01 0.000000e+00 0.000000e+00 0.000000e+00 0.000000e+00 0.000000e+00
 0.000000e+00 0.000000e+00 5.457362e-01 4.542638e-01 0.000000e+00 0.000000e+00 0.000000e+00 0.000000e+00
 0.000000e+00 0.000000e+00 0.000000e+00 5.531777e-01 4.468223e-01 0.000000e+00 0.000000e+00 0.000000e+00
 0.000000e+00 0.000000e+00 0.000000e+00 0.000000e+00 5.365975e-01 4.634025e-01 0.000000e+00 0.000000e+00
 0.000000e+00 0.000000e+00 0.000000e+00 0.000000e+00 0.000000e+00 5.258585e-01 4.741415e-01 0.000000e+00
 0.000000e+00 0.000000e+00 0.000000e+00 0.000000e+00 0.000000e+00 0.000000e+00 1.604345e-02 9.839566e-01
 0.000000e+00 0.000000e+00 0.000000e+00 0.000000e+00 0.000000e+00 0.000000e+00 0.000000e+00 0.000000e+00
<ENDHMM>
