~o
<STREAMINFO> 1 20
<VECSIZE> 20<NULLD><USER><DIAGC>
~h "z"
<BEGINHMM>
<NUMSTATES> 8
<STATE> 2
<MEAN> 20
 -8.113850e+00 -1.753924e+00 -1.562504e+01 -1.175378e+01 -1.084505e+01 -1.248863e+01 -1.470989e+01 -1.331387e+01 -5.328009e+00 -1.285078e+01 -8.402636e+00 -8.615796e+00 1.911815e-01 -1.235521e+01 -3.921848e+00 -7.770129e+00 5.875090e+00 -1.119295e+01 3.747201e-01 -1.037422e+01
<VARIANCE> 20
 2.784037e+00 1.393780e+00 3.092011e+01 1.134722e+01 1.193496e+01 7.808788e+00 3.456838e+01 2.365725e+01 1.071129e+01 7.180532e+00 9.428654e+00 2.856847e+01 9.427673e+00 6.044287e+00 6.404490e+00 2.852748e+01 8.130690e+00 5.196482e+00 1.170284e+01 4.265498e+01
<GCONST> 8.436114e+01
<STATE> 3
<NUMMIXES> 4
<MIXTURE> 1 2.504559e-01
<MEAN> 20
 -5.119140e+00 -1.464586e+00 -6.570730e+00 -9.399447e+00 -5.551068e+00 -9.472302e+00 -6.753482e+00 -1.516096e+01 -8.729354e-01 -9.674191e+00 -3.664900e+00 -5.388875e+00 3.386950e+00 -8.976492e+00 -6.986167e-01 -4.507436e+00 7.489070e+00 -7.698691e+00 4.412400e+00 -6.994833e+00
<VARIANCE> 20
 9.894729e-01 5.421017e-02 9.848869e+00 1.150836e+00 4.080667e+00 5.447486e+00 1.038811e+01 1.543720e+01 1.334642e+00 7.227098e+00 1.421032e+00 6.124546e-01 2.912140e+00 5.789632e+00 6.742960e-01 5.411204e-01 7.036294e+00 3.530464e+00 3.927619e+00 9.079702e+00
<GCONST> 5.516972e+01
<MIXTURE> 2 2.502287e-01
<MEAN> 20
 -9.497487e+00 -7.097765e-01 -1.816817e+01 -1.018214e+01 -1.484390e+01 -1.139678e+01 -1.512989e+01 -9.140105e+00 -9.599450e+00 -1.227936e+01 -9.958838e+00 -8.437449e+00 -4.121048e+00 -1.274969e+01 -6.514250e+00 -8.716152e+00 1.705805e+00 -1.277466e+01 -4.951510e+00 -2.204149e+01
<VARIANCE> 20
 1.288714e-01 3.117277e-02 1.119254e+01 1.774411e-01 6.378329e-01 6.213338e-01 1.180919e+00 7.088758e+00 9.988397e-01 3.925181e-01 2.356037e+00 4.984915e+00 2.016888e+00 1.334405e-01 4.366476e+00 4.461432e+00 3.214666e+00 1.103790e-01 1.460870e+01 4.791070e+00
<GCONST> 3.952197e+01
<MIXTURE> 3 3.741963e-01
<MEAN> 20
 -8.440495e+00 -2.183226e+00 -1.842119e+01 -1.353715e+01 -9.752947e+00 -1.251333e+01 -1.277736e+01 -1.055971e+01 -3.992163e+00 -1.266550e+01 -7.321466e+00 -7.136086e+00 1.921383e+00 -1.207958e+01 -2.716782e+00 -6.299957e+00 8.021542e+00 -1.079726e+01 1.653614e+00 -6.889657e+00
<VARIANCE> 20
 4.206979e-01 7.232843e-01 6.142806e+00 4.828691e+00 6.924257e-01 3.492921e-01 1.323541e+01 1.534219e+01 7.898877e-01 5.469379e-01 1.245742e+00 1.603917e+00 1.038738e+00 4.636714e-01 7.519165e-01 2.088269e+00 1.133704e+00 4.212053e-01 1.840805e+00 9.121304e-01
<GCONST> 4.220433e+01
<MIXTURE> 4 1.251190e-01
<MEAN> 20
 -8.666215e+00 -2.147164e+00 -1.493988e+01 -1.121717e+01 -1.309781e+01 -1.407939e+01 -1.972074e+01 -2.157635e+01 -8.062072e+00 -1.478280e+01 -1.244798e+01 -2.046219e+01 -2.644210e+00 -1.432675e+01 -7.498974e+00 -1.964046e+01 3.328906e+00 -1.291311e+01 -1.978804e+00 -1.741697e+01
<VARIANCE> 20
 8.709749e-01 1.144399e+00 4.526405e+01 1.170314e+01 1.214351e+01 3.442791e+00 7.525666e+01 3.081823e+01 9.458183e+00 1.532559e+00 5.917884e-01 1.020800e+02 5.585234e+00 1.102348e+00 2.556503e-01 9.659673e+01 2.863872e+00 1.699295e+00 1.813795e+00 5.732782e+01
<GCONST> 7.253447e+01
<STATE> 4
<NUMMIXES> 4
<MIXTURE> 1 3.116771e-01
<MEAN> 20
 -5.755518e+00 -1.276017e+00 -1.186327e+01 -9.175567e+00 -7.481653e+00 -9.605195e+00 -8.818316e+00 -1.198600e+01 -2.501014e+00 -9.765398e+00 -5.062500e+00 -5.329318e+00 2.278194e+00 -9.251040e+00 -1.808813e+00 -3.811476e+00 7.018198e+00 -8.190744e+00 1.836233e+00 -5.141977e+00
<VARIANCE> 20
 8.117731e-01 5.808746e-02 1.197998e+01 1.693400e+00 2.011255e+00 8.705901e-01 2.754111e+00 7.100478e+00 8.495708e-01 9.385330e-01 1.012768e+00 3.925851e-01 1.929510e-01 9.594092e-01 4.858025e-01 3.536215e-01 3.184628e-01 8.523826e-01 1.533889e+00 1.610370e+00
<GCONST> 3.524989e+01
<MIXTURE> 2 1.456598e-01
<MEAN> 20
 -8.987897e+00 -1.174450e+00 -8.878414e+00 -1.093559e+01 -1.488294e+01 -1.361984e+01 -1.655838e+01 -1.476086e+01 -8.513503e+00 -1.447832e+01 -9.875231e+00 -1.382966e+01 -2.479091e+00 -1.444087e+01 -4.487661e+00 -1.406248e+01 3.677317e+00 -1.362403e+01 3.223773e-01 -1.522721e+01
<VARIANCE> 20
 2.903907e-01 3.890614e-01 3.362193e+01 5.996919e+00 3.830493e-01 8.055347e-01 1.391065e-01 6.787476e-01 1.667765e-01 5.686008e-01 5.162955e-01 3.834579e+00 2.262110e-01 5.752921e-01 8.436701e-02 6.395618e+00 3.319832e-01 1.044354e+00 4.271616e+00 2.515954e-01
<GCONST> 3.103153e+01
<MIXTURE> 3 3.553643e-01
<MEAN> 20
 -7.705588e+00 -1.984476e+00 -1.358363e+01 -1.108205e+01 -9.078105e+00 -1.359648e+01 -1.620009e+01 -1.920280e+01 -2.468318e+00 -1.407191e+01 -8.545945e+00 -6.144165e+00 3.730464e+00 -1.299020e+01 -3.440067e+00 -4.727668e+00 9.523419e+00 -1.092560e+01 1.339222e+00 -5.379361e+00
<VARIANCE> 20
 2.985930e-01 1.814835e-01 1.491574e+01 2.775134e+00 1.404057e+00 3.679068e-01 1.624209e+01 1.754464e+01 1.688505e+00 4.523286e-01 5.514479e+00 8.141649e-01 1.705173e+00 2.657889e-01 2.982080e+00 1.015257e+00 1.433499e+00 2.726464e-01 2.787944e+00 3.898257e-01
<GCONST> 4.324963e+01
<MIXTURE> 4 1.872989e-01
<MEAN> 20
 -9.019863e+00 -1.185662e+00 -2.242021e+01 -1.087307e+01 -1.416503e+01 -1.120573e+01 -2.510803e+01 -1.584263e+01 -9.649671e+00 -1.229536e+01 -1.273981e+01 -8.660419e+00 -4.637099e+00 -1.271044e+01 -8.944968e+00 -8.505490e+00 1.093495e+00 -1.244252e+01 -7.722928e+00 -1.315048e+01
<VARIANCE> 20
 1.536597e-01 5.334108e-01 8.330320e+00 1.950318e+00 7.838513e+00 1.329512e+00 5.624890e+01 2.140159e+01 6.002970e+00 6.986409e-01 2.977092e+00 3.876148e+01 4.484138e+00 2.126495e-01 4.384799e+00 3.457728e+01 3.667846e+00 1.164500e-01 1.535418e+01 4.599392e+01
<GCONST> 6.334607e+01
<STATE> 5
<NUMMIXES> 4
<MIXTURE> 1 4.143325e-01
<MEAN> 20
 -6.700798e+00 -1.475742e+00 -1.223086e+01 -1.000524e+01 -8.989953e+00 -1.147428e+01 -1.197719e+01 -1.582573e+01 -3.122439e+00 -1.188986e+01 -6.090583e+00 -6.529357e+00 2.421150e+00 -1.124861e+01 -1.920814e+00 -5.340904e+00 7.923977e+00 -9.882511e+00 2.472301e+00 -6.551109e+00
<VARIANCE> 20
 1.404100e+00 3.248358e-01 2.423856e+01 3.520174e+00 5.566379e+00 4.095342e+00 2.281745e+01 1.676007e+01 2.987654e+00 4.785410e+00 3.578988e+00 1.275911e+00 2.137987e+00 4.126901e+00 1.535239e+00 1.345170e+00 2.715945e+00 3.197100e+00 2.309451e+00 5.744549e+00
<GCONST> 6.132013e+01
<MIXTURE> 2 1.378468e-01
<MEAN> 20
 -9.485008e+00 -2.368442e+00 -1.546202e+01 -1.364396e+01 -1.234450e+01 -1.361221e+01 -1.537078e+01 -1.147895e+01 -6.983618e+00 -1.396149e+01 -1.023989e+01 -1.036322e+01 -1.389115e+00 -1.365939e+01 -5.591092e+00 -9.695242e+00 4.623536e+00 -1.265522e+01 -3.041911e+00 -1.290060e+01
<VARIANCE> 20
 9.621056e-01 2.571810e+00 3.892514e+01 1.063998e+01 3.981267e+00 1.954137e+00 1.469308e+00 5.126207e+00 2.523950e+00 1.621793e+00 1.088467e+00 9.085218e+00 2.269291e+00 1.356966e+00 3.144143e+00 1.374890e+01 2.524019e+00 8.471753e-01 1.137841e+01 2.037425e+01
<GCONST> 6.255848e+01
<MIXTURE> 3 2.410792e-01
<MEAN> 20
 -8.404679e+00 -2.802447e-01 -2.397615e+01 -7.991413e+00 -1.867174e+01 -9.840335e+00 -3.553577e+01 -1.628009e+01 -1.302764e+01 -1.167695e+01 -1.235882e+01 -3.077904e+00 -6.788248e+00 -1.238145e+01 -6.305351e+00 -3.321524e+00 -8.005039e-02 -1.220891e+01 -3.099846e+00 -4.847516e+00
<VARIANCE> 20
 5.744321e-02 1.109169e-01 7.742726e+00 2.410366e+00 5.822372e+00 9.261991e-01 2.140351e+01 3.634800e+00 5.949902e+00 5.044521e-01 6.258495e+00 1.305241e-01 5.127258e+00 1.428854e-01 3.195812e+00 7.654150e-02 3.628707e+00 7.696577e-02 2.873410e+00 1.512167e-01
<GCONST> 3.773584e+01
<MIXTURE> 4 2.067415e-01
<MEAN> 20
 -8.877930e+00 -3.422398e+00 -2.006358e+01 -1.589274e+01 -9.382702e+00 -1.490231e+01 -1.330359e+01 -2.198926e+01 -4.467986e+00 -1.477686e+01 -1.338560e+01 -1.303083e+01 4.580687e-01 -1.399149e+01 -9.140284e+00 -1.204940e+01 5.628971e+00 -1.270629e+01 -3.963718e+00 -1.885813e+01
<VARIANCE> 20
 2.222075e+00 4.584989e-02 2.185360e+00 1.558371e+00 1.247118e+01 1.582933e+00 1.316394e+01 3.553807e+01 9.230094e+00 2.085952e+00 2.070081e+00 6.946821e+00 6.638761e+00 2.988223e+00 2.637285e+00 8.542724e+00 4.837578e+00 5.099889e+00 3.808307e+00 5.776347e+01
<GCONST> 6.515498e+01
<STATE> 6
<NUMMIXES> 4
<MIXTURE> 1 9.554566e-02
<MEAN> 20
 -5.576110e+00 -1.133184e+00 -1.177534e+01 -7.875999e+00 -7.004050e+00 -9.207850e+00 -8.645768e+00 -1.228865e+01 -2.411424e+00 -9.383343e+00 -4.853346e+00 -6.732809e+00 1.939202e+00 -8.942174e+00 -1.157165e+00 -5.724440e+00 6.406641e+00 -7.948924e+00 2.715747e+00 -6.282378e+00
<VARIANCE> 20
 1.264912e+00 1.000000e-02 3.147262e+01 1.911800e+00 6.246109e+00 9.086524e-01 1.502887e+01 2.201892e+00 2.958814e+00 1.460574e+00 6.412064e+00 1.228002e+00 6.817688e-01 1.859804e+00 5.022968e+00 2.350926e+00 1.420327e-01 2.059794e+00 5.232106e+00 9.752830e-01
<GCONST> 4.835411e+01
<MIXTURE> 2 4.304131e-01
<MEAN> 20
 -8.029541e+00 -1.873662e+00 -1.611774e+01 -1.189579e+01 -1.090815e+01 -1.284384e+01 -1.906661e+01 -1.843603e+01 -4.985740e+00 -1.347678e+01 -8.700521e+00 -6.301649e+00 9.715621e-01 -1.293186e+01 -3.987829e+00 -5.512332e+00 7.081910e+00 -1.150048e+01 -2.217059e-01 -5.748775e+00
<VARIANCE> 20
 4.944779e-01 7.567562e-01 6.239983e+00 9.417968e+00 4.217313e+00 5.090835e-01 1.575368e+01 1.990769e+01 2.680377e+00 1.837053e-01 1.402851e+00 4.193557e+00 1.943384e+00 8.157563e-02 2.493080e+00 3.125811e+00 1.901451e+00 1.170783e-01 4.794827e+00 3.420526e+00
<GCONST> 4.893045e+01
<MIXTURE> 3 7.149325e-02
<MEAN> 20
 -1.048163e+01 -2.256263e+00 -1.712567e+01 -1.487549e+01 -1.561419e+01 -1.545078e+01 -1.866646e+01 -1.343883e+01 -9.995897e+00 -1.592437e+01 -1.211434e+01 -1.209138e+01 -4.258320e+00 -1.572579e+01 -7.153710e+00 -1.145993e+01 1.704435e+00 -1.512457e+01 -3.626586e-01 -2.515863e+01
<VARIANCE> 20
 1.312670e+00 7.806318e-01 7.600506e+01 1.147938e+01 1.000000e-02 1.499968e+00 9.236575e-01 1.174050e+00 2.567116e-01 6.011009e-01 6.182144e-01 4.958176e+00 5.348884e-01 4.462175e-01 1.858367e+00 9.425966e+00 9.188360e-01 9.194915e-01 2.760882e-01 4.675289e+01
<GCONST> 4.250573e+01
<MIXTURE> 4 4.025480e-01
<MEAN> 20
 -7.156111e+00 -1.792749e+00 -9.256803e+00 -1.017169e+01 -8.912679e+00 -1.317129e+01 -1.262715e+01 -1.919749e+01 -1.943373e+00 -1.380744e+01 -5.954322e+00 -6.071745e+00 4.390770e+00 -1.278810e+01 -1.239671e+00 -5.081032e+00 1.029630e+01 -1.075113e+01 3.378698e+00 -5.918899e+00
<VARIANCE> 20
 1.138840e-01 8.365820e-02 3.559557e+00 1.812096e+00 2.593237e+00 4.782586e-01 8.331306e+00 8.837360e+00 2.678180e+00 3.374824e-01 2.362333e+00 2.189526e+00 2.534760e+00 1.886213e-01 9.813055e-01 1.810283e+00 2.043956e+00 5.185319e-01 1.715253e+00 7.375151e+00
<GCONST> 4.245712e+01
<STATE> 7
<MEAN> 20
 -7.424289e+00 -1.520377e+00 -1.263679e+01 -1.047005e+01 -9.900373e+00 -1.224404e+01 -1.376068e+01 -1.778552e+01 -3.909851e+00 -1.272204e+01 -7.327640e+00 -7.014559e+00 1.823503e+00 -1.205966e+01 -2.931964e+00 -6.105084e+00 7.491890e+00 -1.059594e+01 1.400715e+00 -7.690145e+00
<VARIANCE> 20
 2.020141e+00 5.134513e-01 2.211096e+01 8.829146e+00 1.030996e+01 3.884564e+00 1.981628e+01 2.896120e+01 7.614750e+00 4.492054e+00 7.844671e+00 8.049169e+00 6.286574e+00 4.492392e+00 6.719643e+00 9.574127e+00 6.056567e+00 4.632458e+00 6.825276e+00 3.664263e+01
<GCONST> 7.614959e+01
<TRANSP> 8
 0.000000e+00 1.000000e+00 0.000000e+00 0.000000e+00 0.000000e+00 0.000000e+00 0.000000e+00 0.000000e+00
 0.000000e+00 9.540217e-02 9.045978e-01 0.000000e+00 0.000000e+00 0.000000e+00 0.000000e+00 0.000000e+00
 0.000000e+00 0.000000e+00 6.037952e-01 3.962048e-01 0.000000e+00 0.000000e+00 0.000000e+00 0.000000e+00
 0.000000e+00 0.000000e+00 0.000000e+00 6.046374e-01 3.953626e-01 0.000000e+00 0.000000e+00 0.000000e+00
 0.000000e+00 0.000000e+00 0.000000e+00 0.000000e+00 3.453203e-01 6.546798e-01 0.000000e+00 0.000000e+00
 0.000000e+00 0.000000e+00 0.000000e+00 0.000000e+00 0.000000e+00 5.472101e-01 4.527899e-01 0.000000e+00
 0.000000e+00 0.000000e+00 0.000000e+00 0.000000e+00 0.000000e+00 0.000000e+00 0.000000e+00 1.000000e+00
 0.000000e+00 0.000000e+00 0.000000e+00 0.000000e+00 0.000000e+00 0.000000e+00 0.000000e+00 0.000000e+00
<ENDHMM>
