~o
<STREAMINFO> 1 8
<VECSIZE> 8<NULLD><USER><DIAGC>
~h "_"
<BEGINHMM>
<NUMSTATES> 6
<STATE> 2
<MEAN> 8
 -5.983285e+00 -8.416805e+00 -7.206144e+00 -8.393978e+00 -7.224882e+00 -8.426186e+00 -7.213548e+00 -8.387887e+00
<VARIANCE> 8
 4.513039e+01 5.128053e+01 4.526603e+01 5.083310e+01 4.566293e+01 5.064923e+01 4.551541e+01 5.071136e+01
<GCONST> 4.568140e+01
<STATE> 3
<MEAN> 8
 -5.983285e+00 -8.416805e+00 -7.206144e+00 -8.393978e+00 -7.224882e+00 -8.426186e+00 -7.213548e+00 -8.387887e+00
<VARIANCE> 8
 4.513039e+01 5.128053e+01 4.526603e+01 5.083310e+01 4.566293e+01 5.064923e+01 4.551541e+01 5.071136e+01
<GCONST> 4.568140e+01
<STATE> 4
<MEAN> 8
 -5.983285e+00 -8.416805e+00 -7.206144e+00 -8.393978e+00 -7.224882e+00 -8.426186e+00 -7.213548e+00 -8.387887e+00
<VARIANCE> 8
 4.513039e+01 5.128053e+01 4.526603e+01 5.083310e+01 4.566293e+01 5.064923e+01 4.551541e+01 5.071136e+01
<GCONST> 4.568140e+01
<STATE> 5
<MEAN> 8
 -5.983285e+00 -8.416805e+00 -7.206144e+00 -8.393978e+00 -7.224882e+00 -8.426186e+00 -7.213548e+00 -8.387887e+00
<VARIANCE> 8
 4.513039e+01 5.128053e+01 4.526603e+01 5.083310e+01 4.566293e+01 5.064923e+01 4.551541e+01 5.071136e+01
<GCONST> 4.568140e+01
<TRANSP> 6
 0.000000e+00 1.000000e+00 0.000000e+00 0.000000e+00 0.000000e+00 0.000000e+00
 0.000000e+00 5.000000e-01 5.000000e-01 0.000000e+00 0.000000e+00 0.000000e+00
 0.000000e+00 0.000000e+00 5.000000e-01 5.000000e-01 0.000000e+00 0.000000e+00
 0.000000e+00 0.000000e+00 0.000000e+00 5.000000e-01 5.000000e-01 0.000000e+00
 0.000000e+00 0.000000e+00 0.000000e+00 0.000000e+00 5.000000e-01 5.000000e-01
 0.000000e+00 0.000000e+00 0.000000e+00 0.000000e+00 0.000000e+00 0.000000e+00
<ENDHMM>
