~o
<STREAMINFO> 1 8
<VECSIZE> 8<NULLD><USER><DIAGC>
~h "a"
<BEGINHMM>
<NUMSTATES> 6
<STATE> 2
<MEAN> 8
 -5.933447e+00 -8.291333e+00 -7.299298e+00 -8.284447e+00 -7.302664e+00 -8.279251e+00 -7.256257e+00 -8.264873e+00
<VARIANCE> 8
 4.544816e+01 5.142127e+01 4.565002e+01 5.186700e+01 4.625861e+01 5.118282e+01 4.611049e+01 5.035436e+01
<GCONST> 4.574910e+01
<STATE> 3
<MEAN> 8
 -5.933447e+00 -8.291333e+00 -7.299298e+00 -8.284447e+00 -7.302664e+00 -8.279251e+00 -7.256257e+00 -8.264873e+00
<VARIANCE> 8
 4.544816e+01 5.142127e+01 4.565002e+01 5.186700e+01 4.625861e+01 5.118282e+01 4.611049e+01 5.035436e+01
<GCONST> 4.574910e+01
<STATE> 4
<MEAN> 8
 -5.933447e+00 -8.291333e+00 -7.299298e+00 -8.284447e+00 -7.302664e+00 -8.279251e+00 -7.256257e+00 -8.264873e+00
<VARIANCE> 8
 4.544816e+01 5.142127e+01 4.565002e+01 5.186700e+01 4.625861e+01 5.118282e+01 4.611049e+01 5.035436e+01
<GCONST> 4.574910e+01
<STATE> 5
<MEAN> 8
 -5.933447e+00 -8.291333e+00 -7.299298e+00 -8.284447e+00 -7.302664e+00 -8.279251e+00 -7.256257e+00 -8.264873e+00
<VARIANCE> 8
 4.544816e+01 5.142127e+01 4.565002e+01 5.186700e+01 4.625861e+01 5.118282e+01 4.611049e+01 5.035436e+01
<GCONST> 4.574910e+01
<TRANSP> 6
 0.000000e+00 1.000000e+00 0.000000e+00 0.000000e+00 0.000000e+00 0.000000e+00
 0.000000e+00 5.000000e-01 5.000000e-01 0.000000e+00 0.000000e+00 0.000000e+00
 0.000000e+00 0.000000e+00 5.000000e-01 5.000000e-01 0.000000e+00 0.000000e+00
 0.000000e+00 0.000000e+00 0.000000e+00 5.000000e-01 5.000000e-01 0.000000e+00
 0.000000e+00 0.000000e+00 0.000000e+00 0.000000e+00 5.000000e-01 5.000000e-01
 0.000000e+00 0.000000e+00 0.000000e+00 0.000000e+00 0.000000e+00 0.000000e+00
<ENDHMM>
