~o
<STREAMINFO> 1 8
<VECSIZE> 8<NULLD><USER><DIAGC>
~h "b"
<BEGINHMM>
<NUMSTATES> 6
<STATE> 2
<MEAN> 8
 -6.422034e+00 -8.271478e+00 -7.448281e+00 -8.298221e+00 -7.361925e+00 -8.307662e+00 -7.504940e+00 -8.182867e+00
<VARIANCE> 8
 5.016927e+01 5.283446e+01 4.701040e+01 5.533744e+01 4.762384e+01 5.685491e+01 4.606445e+01 5.369165e+01
<GCONST> 4.616654e+01
<STATE> 3
<MEAN> 8
 -6.422034e+00 -8.271478e+00 -7.448281e+00 -8.298221e+00 -7.361925e+00 -8.307662e+00 -7.504940e+00 -8.182867e+00
<VARIANCE> 8
 5.016927e+01 5.283446e+01 4.701040e+01 5.533744e+01 4.762384e+01 5.685491e+01 4.606445e+01 5.369165e+01
<GCONST> 4.616654e+01
<STATE> 4
<MEAN> 8
 -6.422034e+00 -8.271478e+00 -7.448281e+00 -8.298221e+00 -7.361925e+00 -8.307662e+00 -7.504940e+00 -8.182867e+00
<VARIANCE> 8
 5.016927e+01 5.283446e+01 4.701040e+01 5.533744e+01 4.762384e+01 5.685491e+01 4.606445e+01 5.369165e+01
<GCONST> 4.616654e+01
<STATE> 5
<MEAN> 8
 -6.422034e+00 -8.271478e+00 -7.448281e+00 -8.298221e+00 -7.361925e+00 -8.307662e+00 -7.504940e+00 -8.182867e+00
<VARIANCE> 8
 5.016927e+01 5.283446e+01 4.701040e+01 5.533744e+01 4.762384e+01 5.685491e+01 4.606445e+01 5.369165e+01
<GCONST> 4.616654e+01
<TRANSP> 6
 0.000000e+00 1.000000e+00 0.000000e+00 0.000000e+00 0.000000e+00 0.000000e+00
 0.000000e+00 5.000000e-01 5.000000e-01 0.000000e+00 0.000000e+00 0.000000e+00
 0.000000e+00 0.000000e+00 5.000000e-01 5.000000e-01 0.000000e+00 0.000000e+00
 0.000000e+00 0.000000e+00 0.000000e+00 5.000000e-01 5.000000e-01 0.000000e+00
 0.000000e+00 0.000000e+00 0.000000e+00 0.000000e+00 5.000000e-01 5.000000e-01
 0.000000e+00 0.000000e+00 0.000000e+00 0.000000e+00 0.000000e+00 0.000000e+00
<ENDHMM>
