~o
<STREAMINFO> 1 8
<VECSIZE> 8<NULLD><USER><DIAGC>
~h "d"
<BEGINHMM>
<NUMSTATES> 6
<STATE> 2
<MEAN> 8
 -5.984004e+00 -8.432557e+00 -7.027994e+00 -8.464591e+00 -7.040581e+00 -8.446695e+00 -7.060228e+00 -8.432073e+00
<VARIANCE> 8
 4.299730e+01 5.131662e+01 4.604556e+01 5.062846e+01 4.432839e+01 5.110346e+01 4.435025e+01 5.114518e+01
<GCONST> 4.560858e+01
<STATE> 3
<MEAN> 8
 -5.984004e+00 -8.432557e+00 -7.027994e+00 -8.464591e+00 -7.040581e+00 -8.446695e+00 -7.060228e+00 -8.432073e+00
<VARIANCE> 8
 4.299730e+01 5.131662e+01 4.604556e+01 5.062846e+01 4.432839e+01 5.110346e+01 4.435025e+01 5.114518e+01
<GCONST> 4.560858e+01
<STATE> 4
<MEAN> 8
 -5.984004e+00 -8.432557e+00 -7.027994e+00 -8.464591e+00 -7.040581e+00 -8.446695e+00 -7.060228e+00 -8.432073e+00
<VARIANCE> 8
 4.299730e+01 5.131662e+01 4.604556e+01 5.062846e+01 4.432839e+01 5.110346e+01 4.435025e+01 5.114518e+01
<GCONST> 4.560858e+01
<STATE> 5
<MEAN> 8
 -5.984004e+00 -8.432557e+00 -7.027994e+00 -8.464591e+00 -7.040581e+00 -8.446695e+00 -7.060228e+00 -8.432073e+00
<VARIANCE> 8
 4.299730e+01 5.131662e+01 4.604556e+01 5.062846e+01 4.432839e+01 5.110346e+01 4.435025e+01 5.114518e+01
<GCONST> 4.560858e+01
<TRANSP> 6
 0.000000e+00 1.000000e+00 0.000000e+00 0.000000e+00 0.000000e+00 0.000000e+00
 0.000000e+00 5.000000e-01 5.000000e-01 0.000000e+00 0.000000e+00 0.000000e+00
 0.000000e+00 0.000000e+00 5.000000e-01 5.000000e-01 0.000000e+00 0.000000e+00
 0.000000e+00 0.000000e+00 0.000000e+00 5.000000e-01 5.000000e-01 0.000000e+00
 0.000000e+00 0.000000e+00 0.000000e+00 0.000000e+00 5.000000e-01 5.000000e-01
 0.000000e+00 0.000000e+00 0.000000e+00 0.000000e+00 0.000000e+00 0.000000e+00
<ENDHMM>
