~o
<STREAMINFO> 1 8
<VECSIZE> 8<NULLD><USER><DIAGC>
~h "e"
<BEGINHMM>
<NUMSTATES> 6
<STATE> 2
<MEAN> 8
 -6.006242e+00 -8.252932e+00 -7.267984e+00 -8.249640e+00 -7.264390e+00 -8.221112e+00 -7.276082e+00 -8.251177e+00
<VARIANCE> 8
 4.658761e+01 5.193861e+01 4.597171e+01 5.198675e+01 4.633736e+01 5.225346e+01 4.621590e+01 5.242265e+01
<GCONST> 4.585815e+01
<STATE> 3
<MEAN> 8
 -6.006242e+00 -8.252932e+00 -7.267984e+00 -8.249640e+00 -7.264390e+00 -8.221112e+00 -7.276082e+00 -8.251177e+00
<VARIANCE> 8
 4.658761e+01 5.193861e+01 4.597171e+01 5.198675e+01 4.633736e+01 5.225346e+01 4.621590e+01 5.242265e+01
<GCONST> 4.585815e+01
<STATE> 4
<MEAN> 8
 -6.006242e+00 -8.252932e+00 -7.267984e+00 -8.249640e+00 -7.264390e+00 -8.221112e+00 -7.276082e+00 -8.251177e+00
<VARIANCE> 8
 4.658761e+01 5.193861e+01 4.597171e+01 5.198675e+01 4.633736e+01 5.225346e+01 4.621590e+01 5.242265e+01
<GCONST> 4.585815e+01
<STATE> 5
<MEAN> 8
 -6.006242e+00 -8.252932e+00 -7.267984e+00 -8.249640e+00 -7.264390e+00 -8.221112e+00 -7.276082e+00 -8.251177e+00
<VARIANCE> 8
 4.658761e+01 5.193861e+01 4.597171e+01 5.198675e+01 4.633736e+01 5.225346e+01 4.621590e+01 5.242265e+01
<GCONST> 4.585815e+01
<TRANSP> 6
 0.000000e+00 1.000000e+00 0.000000e+00 0.000000e+00 0.000000e+00 0.000000e+00
 0.000000e+00 5.000000e-01 5.000000e-01 0.000000e+00 0.000000e+00 0.000000e+00
 0.000000e+00 0.000000e+00 5.000000e-01 5.000000e-01 0.000000e+00 0.000000e+00
 0.000000e+00 0.000000e+00 0.000000e+00 5.000000e-01 5.000000e-01 0.000000e+00
 0.000000e+00 0.000000e+00 0.000000e+00 0.000000e+00 5.000000e-01 5.000000e-01
 0.000000e+00 0.000000e+00 0.000000e+00 0.000000e+00 0.000000e+00 0.000000e+00
<ENDHMM>
