~o
<STREAMINFO> 1 8
<VECSIZE> 8<NULLD><USER><DIAGC>
~h "g"
<BEGINHMM>
<NUMSTATES> 6
<STATE> 2
<MEAN> 8
 -6.088020e+00 -8.671723e+00 -7.322623e+00 -8.670336e+00 -7.304659e+00 -8.710166e+00 -7.398891e+00 -8.603412e+00
<VARIANCE> 8
 4.513051e+01 5.219088e+01 4.782520e+01 5.072196e+01 4.756059e+01 5.415985e+01 4.675525e+01 5.368782e+01
<GCONST> 4.594345e+01
<STATE> 3
<MEAN> 8
 -6.088020e+00 -8.671723e+00 -7.322623e+00 -8.670336e+00 -7.304659e+00 -8.710166e+00 -7.398891e+00 -8.603412e+00
<VARIANCE> 8
 4.513051e+01 5.219088e+01 4.782520e+01 5.072196e+01 4.756059e+01 5.415985e+01 4.675525e+01 5.368782e+01
<GCONST> 4.594345e+01
<STATE> 4
<MEAN> 8
 -6.088020e+00 -8.671723e+00 -7.322623e+00 -8.670336e+00 -7.304659e+00 -8.710166e+00 -7.398891e+00 -8.603412e+00
<VARIANCE> 8
 4.513051e+01 5.219088e+01 4.782520e+01 5.072196e+01 4.756059e+01 5.415985e+01 4.675525e+01 5.368782e+01
<GCONST> 4.594345e+01
<STATE> 5
<MEAN> 8
 -6.088020e+00 -8.671723e+00 -7.322623e+00 -8.670336e+00 -7.304659e+00 -8.710166e+00 -7.398891e+00 -8.603412e+00
<VARIANCE> 8
 4.513051e+01 5.219088e+01 4.782520e+01 5.072196e+01 4.756059e+01 5.415985e+01 4.675525e+01 5.368782e+01
<GCONST> 4.594345e+01
<TRANSP> 6
 0.000000e+00 1.000000e+00 0.000000e+00 0.000000e+00 0.000000e+00 0.000000e+00
 0.000000e+00 5.000000e-01 5.000000e-01 0.000000e+00 0.000000e+00 0.000000e+00
 0.000000e+00 0.000000e+00 5.000000e-01 5.000000e-01 0.000000e+00 0.000000e+00
 0.000000e+00 0.000000e+00 0.000000e+00 5.000000e-01 5.000000e-01 0.000000e+00
 0.000000e+00 0.000000e+00 0.000000e+00 0.000000e+00 5.000000e-01 5.000000e-01
 0.000000e+00 0.000000e+00 0.000000e+00 0.000000e+00 0.000000e+00 0.000000e+00
<ENDHMM>
