~o
<STREAMINFO> 1 8
<VECSIZE> 8<NULLD><USER><DIAGC>
~h "k"
<BEGINHMM>
<NUMSTATES> 6
<STATE> 2
<MEAN> 8
 -5.914711e+00 -8.617629e+00 -7.169719e+00 -8.592854e+00 -7.256099e+00 -8.636410e+00 -7.202226e+00 -8.577515e+00
<VARIANCE> 8
 4.436137e+01 4.882607e+01 4.556456e+01 4.881277e+01 4.609367e+01 4.881121e+01 4.617726e+01 4.892361e+01
<GCONST> 4.553215e+01
<STATE> 3
<MEAN> 8
 -5.914711e+00 -8.617629e+00 -7.169719e+00 -8.592854e+00 -7.256099e+00 -8.636410e+00 -7.202226e+00 -8.577515e+00
<VARIANCE> 8
 4.436137e+01 4.882607e+01 4.556456e+01 4.881277e+01 4.609367e+01 4.881121e+01 4.617726e+01 4.892361e+01
<GCONST> 4.553215e+01
<STATE> 4
<MEAN> 8
 -5.914711e+00 -8.617629e+00 -7.169719e+00 -8.592854e+00 -7.256099e+00 -8.636410e+00 -7.202226e+00 -8.577515e+00
<VARIANCE> 8
 4.436137e+01 4.882607e+01 4.556456e+01 4.881277e+01 4.609367e+01 4.881121e+01 4.617726e+01 4.892361e+01
<GCONST> 4.553215e+01
<STATE> 5
<MEAN> 8
 -5.914711e+00 -8.617629e+00 -7.169719e+00 -8.592854e+00 -7.256099e+00 -8.636410e+00 -7.202226e+00 -8.577515e+00
<VARIANCE> 8
 4.436137e+01 4.882607e+01 4.556456e+01 4.881277e+01 4.609367e+01 4.881121e+01 4.617726e+01 4.892361e+01
<GCONST> 4.553215e+01
<TRANSP> 6
 0.000000e+00 1.000000e+00 0.000000e+00 0.000000e+00 0.000000e+00 0.000000e+00
 0.000000e+00 5.000000e-01 5.000000e-01 0.000000e+00 0.000000e+00 0.000000e+00
 0.000000e+00 0.000000e+00 5.000000e-01 5.000000e-01 0.000000e+00 0.000000e+00
 0.000000e+00 0.000000e+00 0.000000e+00 5.000000e-01 5.000000e-01 0.000000e+00
 0.000000e+00 0.000000e+00 0.000000e+00 0.000000e+00 5.000000e-01 5.000000e-01
 0.000000e+00 0.000000e+00 0.000000e+00 0.000000e+00 0.000000e+00 0.000000e+00
<ENDHMM>
