~o
<STREAMINFO> 1 8
<VECSIZE> 8<NULLD><USER><DIAGC>
~h "l"
<BEGINHMM>
<NUMSTATES> 6
<STATE> 2
<MEAN> 8
 -6.042793e+00 -8.336349e+00 -7.353339e+00 -8.322544e+00 -7.373550e+00 -8.364224e+00 -7.345912e+00 -8.287438e+00
<VARIANCE> 8
 4.712718e+01 5.203339e+01 4.823480e+01 5.384121e+01 4.897344e+01 5.288672e+01 4.860716e+01 5.236908e+01
<GCONST> 4.607139e+01
<STATE> 3
<MEAN> 8
 -6.042793e+00 -8.336349e+00 -7.353339e+00 -8.322544e+00 -7.373550e+00 -8.364224e+00 -7.345912e+00 -8.287438e+00
<VARIANCE> 8
 4.712718e+01 5.203339e+01 4.823480e+01 5.384121e+01 4.897344e+01 5.288672e+01 4.860716e+01 5.236908e+01
<GCONST> 4.607139e+01
<STATE> 4
<MEAN> 8
 -6.042793e+00 -8.336349e+00 -7.353339e+00 -8.322544e+00 -7.373550e+00 -8.364224e+00 -7.345912e+00 -8.287438e+00
<VARIANCE> 8
 4.712718e+01 5.203339e+01 4.823480e+01 5.384121e+01 4.897344e+01 5.288672e+01 4.860716e+01 5.236908e+01
<GCONST> 4.607139e+01
<STATE> 5
<MEAN> 8
 -6.042793e+00 -8.336349e+00 -7.353339e+00 -8.322544e+00 -7.373550e+00 -8.364224e+00 -7.345912e+00 -8.287438e+00
<VARIANCE> 8
 4.712718e+01 5.203339e+01 4.823480e+01 5.384121e+01 4.897344e+01 5.288672e+01 4.860716e+01 5.236908e+01
<GCONST> 4.607139e+01
<TRANSP> 6
 0.000000e+00 1.000000e+00 0.000000e+00 0.000000e+00 0.000000e+00 0.000000e+00
 0.000000e+00 5.000000e-01 5.000000e-01 0.000000e+00 0.000000e+00 0.000000e+00
 0.000000e+00 0.000000e+00 5.000000e-01 5.000000e-01 0.000000e+00 0.000000e+00
 0.000000e+00 0.000000e+00 0.000000e+00 5.000000e-01 5.000000e-01 0.000000e+00
 0.000000e+00 0.000000e+00 0.000000e+00 0.000000e+00 5.000000e-01 5.000000e-01
 0.000000e+00 0.000000e+00 0.000000e+00 0.000000e+00 0.000000e+00 0.000000e+00
<ENDHMM>
