~o
<STREAMINFO> 1 8
<VECSIZE> 8<NULLD><USER><DIAGC>
~h "m"
<BEGINHMM>
<NUMSTATES> 6
<STATE> 2
<MEAN> 8
 -6.031971e+00 -8.120701e+00 -7.135323e+00 -8.135588e+00 -7.176870e+00 -8.097063e+00 -7.259678e+00 -8.014635e+00
<VARIANCE> 8
 4.499902e+01 5.067462e+01 4.517989e+01 5.082360e+01 4.495855e+01 5.062440e+01 4.354980e+01 4.996435e+01
<GCONST> 4.558949e+01
<STATE> 3
<MEAN> 8
 -6.031971e+00 -8.120701e+00 -7.135323e+00 -8.135588e+00 -7.176870e+00 -8.097063e+00 -7.259678e+00 -8.014635e+00
<VARIANCE> 8
 4.499902e+01 5.067462e+01 4.517989e+01 5.082360e+01 4.495855e+01 5.062440e+01 4.354980e+01 4.996435e+01
<GCONST> 4.558949e+01
<STATE> 4
<MEAN> 8
 -6.031971e+00 -8.120701e+00 -7.135323e+00 -8.135588e+00 -7.176870e+00 -8.097063e+00 -7.259678e+00 -8.014635e+00
<VARIANCE> 8
 4.499902e+01 5.067462e+01 4.517989e+01 5.082360e+01 4.495855e+01 5.062440e+01 4.354980e+01 4.996435e+01
<GCONST> 4.558949e+01
<STATE> 5
<MEAN> 8
 -6.031971e+00 -8.120701e+00 -7.135323e+00 -8.135588e+00 -7.176870e+00 -8.097063e+00 -7.259678e+00 -8.014635e+00
<VARIANCE> 8
 4.499902e+01 5.067462e+01 4.517989e+01 5.082360e+01 4.495855e+01 5.062440e+01 4.354980e+01 4.996435e+01
<GCONST> 4.558949e+01
<TRANSP> 6
 0.000000e+00 1.000000e+00 0.000000e+00 0.000000e+00 0.000000e+00 0.000000e+00
 0.000000e+00 5.000000e-01 5.000000e-01 0.000000e+00 0.000000e+00 0.000000e+00
 0.000000e+00 0.000000e+00 5.000000e-01 5.000000e-01 0.000000e+00 0.000000e+00
 0.000000e+00 0.000000e+00 0.000000e+00 5.000000e-01 5.000000e-01 0.000000e+00
 0.000000e+00 0.000000e+00 0.000000e+00 0.000000e+00 5.000000e-01 5.000000e-01
 0.000000e+00 0.000000e+00 0.000000e+00 0.000000e+00 0.000000e+00 0.000000e+00
<ENDHMM>
