~o
<STREAMINFO> 1 8
<VECSIZE> 8<NULLD><USER><DIAGC>
~h "n"
<BEGINHMM>
<NUMSTATES> 6
<STATE> 2
<MEAN> 8
 -6.104827e+00 -8.273393e+00 -7.354709e+00 -8.236506e+00 -7.321381e+00 -8.273657e+00 -7.339952e+00 -8.230520e+00
<VARIANCE> 8
 4.628105e+01 5.114577e+01 4.608806e+01 5.220517e+01 4.605322e+01 5.169141e+01 4.647784e+01 5.154971e+01
<GCONST> 4.581477e+01
<STATE> 3
<MEAN> 8
 -6.104827e+00 -8.273393e+00 -7.354709e+00 -8.236506e+00 -7.321381e+00 -8.273657e+00 -7.339952e+00 -8.230520e+00
<VARIANCE> 8
 4.628105e+01 5.114577e+01 4.608806e+01 5.220517e+01 4.605322e+01 5.169141e+01 4.647784e+01 5.154971e+01
<GCONST> 4.581477e+01
<STATE> 4
<MEAN> 8
 -6.104827e+00 -8.273393e+00 -7.354709e+00 -8.236506e+00 -7.321381e+00 -8.273657e+00 -7.339952e+00 -8.230520e+00
<VARIANCE> 8
 4.628105e+01 5.114577e+01 4.608806e+01 5.220517e+01 4.605322e+01 5.169141e+01 4.647784e+01 5.154971e+01
<GCONST> 4.581477e+01
<STATE> 5
<MEAN> 8
 -6.104827e+00 -8.273393e+00 -7.354709e+00 -8.236506e+00 -7.321381e+00 -8.273657e+00 -7.339952e+00 -8.230520e+00
<VARIANCE> 8
 4.628105e+01 5.114577e+01 4.608806e+01 5.220517e+01 4.605322e+01 5.169141e+01 4.647784e+01 5.154971e+01
<GCONST> 4.581477e+01
<TRANSP> 6
 0.000000e+00 1.000000e+00 0.000000e+00 0.000000e+00 0.000000e+00 0.000000e+00
 0.000000e+00 5.000000e-01 5.000000e-01 0.000000e+00 0.000000e+00 0.000000e+00
 0.000000e+00 0.000000e+00 5.000000e-01 5.000000e-01 0.000000e+00 0.000000e+00
 0.000000e+00 0.000000e+00 0.000000e+00 5.000000e-01 5.000000e-01 0.000000e+00
 0.000000e+00 0.000000e+00 0.000000e+00 0.000000e+00 5.000000e-01 5.000000e-01
 0.000000e+00 0.000000e+00 0.000000e+00 0.000000e+00 0.000000e+00 0.000000e+00
<ENDHMM>
