~o
<STREAMINFO> 1 8
<VECSIZE> 8<NULLD><USER><DIAGC>
~h "p"
<BEGINHMM>
<NUMSTATES> 6
<STATE> 2
<MEAN> 8
 -6.096638e+00 -8.294338e+00 -7.701345e+00 -8.401619e+00 -7.661795e+00 -8.351613e+00 -7.789687e+00 -8.178353e+00
<VARIANCE> 8
 4.709378e+01 5.155820e+01 4.950506e+01 5.278182e+01 4.885985e+01 5.535917e+01 5.035833e+01 5.202750e+01
<GCONST> 4.613984e+01
<STATE> 3
<MEAN> 8
 -6.096638e+00 -8.294338e+00 -7.701345e+00 -8.401619e+00 -7.661795e+00 -8.351613e+00 -7.789687e+00 -8.178353e+00
<VARIANCE> 8
 4.709378e+01 5.155820e+01 4.950506e+01 5.278182e+01 4.885985e+01 5.535917e+01 5.035833e+01 5.202750e+01
<GCONST> 4.613984e+01
<STATE> 4
<MEAN> 8
 -6.096638e+00 -8.294338e+00 -7.701345e+00 -8.401619e+00 -7.661795e+00 -8.351613e+00 -7.789687e+00 -8.178353e+00
<VARIANCE> 8
 4.709378e+01 5.155820e+01 4.950506e+01 5.278182e+01 4.885985e+01 5.535917e+01 5.035833e+01 5.202750e+01
<GCONST> 4.613984e+01
<STATE> 5
<MEAN> 8
 -6.096638e+00 -8.294338e+00 -7.701345e+00 -8.401619e+00 -7.661795e+00 -8.351613e+00 -7.789687e+00 -8.178353e+00
<VARIANCE> 8
 4.709378e+01 5.155820e+01 4.950506e+01 5.278182e+01 4.885985e+01 5.535917e+01 5.035833e+01 5.202750e+01
<GCONST> 4.613984e+01
<TRANSP> 6
 0.000000e+00 1.000000e+00 0.000000e+00 0.000000e+00 0.000000e+00 0.000000e+00
 0.000000e+00 5.000000e-01 5.000000e-01 0.000000e+00 0.000000e+00 0.000000e+00
 0.000000e+00 0.000000e+00 5.000000e-01 5.000000e-01 0.000000e+00 0.000000e+00
 0.000000e+00 0.000000e+00 0.000000e+00 5.000000e-01 5.000000e-01 0.000000e+00
 0.000000e+00 0.000000e+00 0.000000e+00 0.000000e+00 5.000000e-01 5.000000e-01
 0.000000e+00 0.000000e+00 0.000000e+00 0.000000e+00 0.000000e+00 0.000000e+00
<ENDHMM>
