~o
<STREAMINFO> 1 8
<VECSIZE> 8<NULLD><USER><DIAGC>
~h "q"
<BEGINHMM>
<NUMSTATES> 6
<STATE> 2
<MEAN> 8
 -5.546614e+00 -8.012074e+00 -7.283070e+00 -7.931206e+00 -7.306452e+00 -7.912344e+00 -7.245527e+00 -7.901845e+00
<VARIANCE> 8
 3.576287e+01 4.369269e+01 3.422079e+01 4.104291e+01 3.794626e+01 4.050061e+01 3.824781e+01 4.255904e+01
<GCONST> 4.403703e+01
<STATE> 3
<MEAN> 8
 -5.546614e+00 -8.012074e+00 -7.283070e+00 -7.931206e+00 -7.306452e+00 -7.912344e+00 -7.245527e+00 -7.901845e+00
<VARIANCE> 8
 3.576287e+01 4.369269e+01 3.422079e+01 4.104291e+01 3.794626e+01 4.050061e+01 3.824781e+01 4.255904e+01
<GCONST> 4.403703e+01
<STATE> 4
<MEAN> 8
 -5.546614e+00 -8.012074e+00 -7.283070e+00 -7.931206e+00 -7.306452e+00 -7.912344e+00 -7.245527e+00 -7.901845e+00
<VARIANCE> 8
 3.576287e+01 4.369269e+01 3.422079e+01 4.104291e+01 3.794626e+01 4.050061e+01 3.824781e+01 4.255904e+01
<GCONST> 4.403703e+01
<STATE> 5
<MEAN> 8
 -5.546614e+00 -8.012074e+00 -7.283070e+00 -7.931206e+00 -7.306452e+00 -7.912344e+00 -7.245527e+00 -7.901845e+00
<VARIANCE> 8
 3.576287e+01 4.369269e+01 3.422079e+01 4.104291e+01 3.794626e+01 4.050061e+01 3.824781e+01 4.255904e+01
<GCONST> 4.403703e+01
<TRANSP> 6
 0.000000e+00 1.000000e+00 0.000000e+00 0.000000e+00 0.000000e+00 0.000000e+00
 0.000000e+00 5.000000e-01 5.000000e-01 0.000000e+00 0.000000e+00 0.000000e+00
 0.000000e+00 0.000000e+00 5.000000e-01 5.000000e-01 0.000000e+00 0.000000e+00
 0.000000e+00 0.000000e+00 0.000000e+00 5.000000e-01 5.000000e-01 0.000000e+00
 0.000000e+00 0.000000e+00 0.000000e+00 0.000000e+00 5.000000e-01 5.000000e-01
 0.000000e+00 0.000000e+00 0.000000e+00 0.000000e+00 0.000000e+00 0.000000e+00
<ENDHMM>
