~o
<STREAMINFO> 1 8
<VECSIZE> 8<NULLD><USER><DIAGC>
~h "r"
<BEGINHMM>
<NUMSTATES> 6
<STATE> 2
<MEAN> 8
 -5.973234e+00 -8.244571e+00 -7.358826e+00 -8.251094e+00 -7.358230e+00 -8.249887e+00 -7.339521e+00 -8.241033e+00
<VARIANCE> 8
 4.644627e+01 5.190535e+01 4.702880e+01 5.326152e+01 4.661451e+01 5.227677e+01 4.568395e+01 5.171155e+01
<GCONST> 4.588260e+01
<STATE> 3
<MEAN> 8
 -5.973234e+00 -8.244571e+00 -7.358826e+00 -8.251094e+00 -7.358230e+00 -8.249887e+00 -7.339521e+00 -8.241033e+00
<VARIANCE> 8
 4.644627e+01 5.190535e+01 4.702880e+01 5.326152e+01 4.661451e+01 5.227677e+01 4.568395e+01 5.171155e+01
<GCONST> 4.588260e+01
<STATE> 4
<MEAN> 8
 -5.973234e+00 -8.244571e+00 -7.358826e+00 -8.251094e+00 -7.358230e+00 -8.249887e+00 -7.339521e+00 -8.241033e+00
<VARIANCE> 8
 4.644627e+01 5.190535e+01 4.702880e+01 5.326152e+01 4.661451e+01 5.227677e+01 4.568395e+01 5.171155e+01
<GCONST> 4.588260e+01
<STATE> 5
<MEAN> 8
 -5.973234e+00 -8.244571e+00 -7.358826e+00 -8.251094e+00 -7.358230e+00 -8.249887e+00 -7.339521e+00 -8.241033e+00
<VARIANCE> 8
 4.644627e+01 5.190535e+01 4.702880e+01 5.326152e+01 4.661451e+01 5.227677e+01 4.568395e+01 5.171155e+01
<GCONST> 4.588260e+01
<TRANSP> 6
 0.000000e+00 1.000000e+00 0.000000e+00 0.000000e+00 0.000000e+00 0.000000e+00
 0.000000e+00 5.000000e-01 5.000000e-01 0.000000e+00 0.000000e+00 0.000000e+00
 0.000000e+00 0.000000e+00 5.000000e-01 5.000000e-01 0.000000e+00 0.000000e+00
 0.000000e+00 0.000000e+00 0.000000e+00 5.000000e-01 5.000000e-01 0.000000e+00
 0.000000e+00 0.000000e+00 0.000000e+00 0.000000e+00 5.000000e-01 5.000000e-01
 0.000000e+00 0.000000e+00 0.000000e+00 0.000000e+00 0.000000e+00 0.000000e+00
<ENDHMM>
