~o
<STREAMINFO> 1 8
<VECSIZE> 8<NULLD><USER><DIAGC>
~h "s"
<BEGINHMM>
<NUMSTATES> 6
<STATE> 2
<MEAN> 8
 -5.974269e+00 -8.266393e+00 -7.371247e+00 -8.262707e+00 -7.366064e+00 -8.251172e+00 -7.372230e+00 -8.263240e+00
<VARIANCE> 8
 4.506178e+01 5.167954e+01 4.711822e+01 5.242665e+01 4.624423e+01 5.114354e+01 4.639957e+01 5.086732e+01
<GCONST> 4.580328e+01
<STATE> 3
<MEAN> 8
 -5.974269e+00 -8.266393e+00 -7.371247e+00 -8.262707e+00 -7.366064e+00 -8.251172e+00 -7.372230e+00 -8.263240e+00
<VARIANCE> 8
 4.506178e+01 5.167954e+01 4.711822e+01 5.242665e+01 4.624423e+01 5.114354e+01 4.639957e+01 5.086732e+01
<GCONST> 4.580328e+01
<STATE> 4
<MEAN> 8
 -5.974269e+00 -8.266393e+00 -7.371247e+00 -8.262707e+00 -7.366064e+00 -8.251172e+00 -7.372230e+00 -8.263240e+00
<VARIANCE> 8
 4.506178e+01 5.167954e+01 4.711822e+01 5.242665e+01 4.624423e+01 5.114354e+01 4.639957e+01 5.086732e+01
<GCONST> 4.580328e+01
<STATE> 5
<MEAN> 8
 -5.974269e+00 -8.266393e+00 -7.371247e+00 -8.262707e+00 -7.366064e+00 -8.251172e+00 -7.372230e+00 -8.263240e+00
<VARIANCE> 8
 4.506178e+01 5.167954e+01 4.711822e+01 5.242665e+01 4.624423e+01 5.114354e+01 4.639957e+01 5.086732e+01
<GCONST> 4.580328e+01
<TRANSP> 6
 0.000000e+00 1.000000e+00 0.000000e+00 0.000000e+00 0.000000e+00 0.000000e+00
 0.000000e+00 5.000000e-01 5.000000e-01 0.000000e+00 0.000000e+00 0.000000e+00
 0.000000e+00 0.000000e+00 5.000000e-01 5.000000e-01 0.000000e+00 0.000000e+00
 0.000000e+00 0.000000e+00 0.000000e+00 5.000000e-01 5.000000e-01 0.000000e+00
 0.000000e+00 0.000000e+00 0.000000e+00 0.000000e+00 5.000000e-01 5.000000e-01
 0.000000e+00 0.000000e+00 0.000000e+00 0.000000e+00 0.000000e+00 0.000000e+00
<ENDHMM>
