~o
<STREAMINFO> 1 8
<VECSIZE> 8<NULLD><USER><DIAGC>
~h "t"
<BEGINHMM>
<NUMSTATES> 6
<STATE> 2
<MEAN> 8
 -5.908216e+00 -8.228996e+00 -7.284614e+00 -8.226066e+00 -7.277703e+00 -8.209601e+00 -7.358908e+00 -8.133779e+00
<VARIANCE> 8
 4.533207e+01 5.004539e+01 4.583196e+01 5.086491e+01 4.647908e+01 5.093637e+01 4.557079e+01 5.022733e+01
<GCONST> 4.568952e+01
<STATE> 3
<MEAN> 8
 -5.908216e+00 -8.228996e+00 -7.284614e+00 -8.226066e+00 -7.277703e+00 -8.209601e+00 -7.358908e+00 -8.133779e+00
<VARIANCE> 8
 4.533207e+01 5.004539e+01 4.583196e+01 5.086491e+01 4.647908e+01 5.093637e+01 4.557079e+01 5.022733e+01
<GCONST> 4.568952e+01
<STATE> 4
<MEAN> 8
 -5.908216e+00 -8.228996e+00 -7.284614e+00 -8.226066e+00 -7.277703e+00 -8.209601e+00 -7.358908e+00 -8.133779e+00
<VARIANCE> 8
 4.533207e+01 5.004539e+01 4.583196e+01 5.086491e+01 4.647908e+01 5.093637e+01 4.557079e+01 5.022733e+01
<GCONST> 4.568952e+01
<STATE> 5
<MEAN> 8
 -5.908216e+00 -8.228996e+00 -7.284614e+00 -8.226066e+00 -7.277703e+00 -8.209601e+00 -7.358908e+00 -8.133779e+00
<VARIANCE> 8
 4.533207e+01 5.004539e+01 4.583196e+01 5.086491e+01 4.647908e+01 5.093637e+01 4.557079e+01 5.022733e+01
<GCONST> 4.568952e+01
<TRANSP> 6
 0.000000e+00 1.000000e+00 0.000000e+00 0.000000e+00 0.000000e+00 0.000000e+00
 0.000000e+00 5.000000e-01 5.000000e-01 0.000000e+00 0.000000e+00 0.000000e+00
 0.000000e+00 0.000000e+00 5.000000e-01 5.000000e-01 0.000000e+00 0.000000e+00
 0.000000e+00 0.000000e+00 0.000000e+00 5.000000e-01 5.000000e-01 0.000000e+00
 0.000000e+00 0.000000e+00 0.000000e+00 0.000000e+00 5.000000e-01 5.000000e-01
 0.000000e+00 0.000000e+00 0.000000e+00 0.000000e+00 0.000000e+00 0.000000e+00
<ENDHMM>
