~o
<STREAMINFO> 1 8
<VECSIZE> 8<NULLD><USER><DIAGC>
~h "u"
<BEGINHMM>
<NUMSTATES> 6
<STATE> 2
<MEAN> 8
 -6.066087e+00 -8.283683e+00 -7.242341e+00 -8.286311e+00 -7.220740e+00 -8.309588e+00 -7.250896e+00 -8.282696e+00
<VARIANCE> 8
 4.595201e+01 5.072833e+01 4.705582e+01 5.066068e+01 4.658318e+01 5.091072e+01 4.719214e+01 4.962272e+01
<GCONST> 4.576357e+01
<STATE> 3
<MEAN> 8
 -6.066087e+00 -8.283683e+00 -7.242341e+00 -8.286311e+00 -7.220740e+00 -8.309588e+00 -7.250896e+00 -8.282696e+00
<VARIANCE> 8
 4.595201e+01 5.072833e+01 4.705582e+01 5.066068e+01 4.658318e+01 5.091072e+01 4.719214e+01 4.962272e+01
<GCONST> 4.576357e+01
<STATE> 4
<MEAN> 8
 -6.066087e+00 -8.283683e+00 -7.242341e+00 -8.286311e+00 -7.220740e+00 -8.309588e+00 -7.250896e+00 -8.282696e+00
<VARIANCE> 8
 4.595201e+01 5.072833e+01 4.705582e+01 5.066068e+01 4.658318e+01 5.091072e+01 4.719214e+01 4.962272e+01
<GCONST> 4.576357e+01
<STATE> 5
<MEAN> 8
 -6.066087e+00 -8.283683e+00 -7.242341e+00 -8.286311e+00 -7.220740e+00 -8.309588e+00 -7.250896e+00 -8.282696e+00
<VARIANCE> 8
 4.595201e+01 5.072833e+01 4.705582e+01 5.066068e+01 4.658318e+01 5.091072e+01 4.719214e+01 4.962272e+01
<GCONST> 4.576357e+01
<TRANSP> 6
 0.000000e+00 1.000000e+00 0.000000e+00 0.000000e+00 0.000000e+00 0.000000e+00
 0.000000e+00 5.000000e-01 5.000000e-01 0.000000e+00 0.000000e+00 0.000000e+00
 0.000000e+00 0.000000e+00 5.000000e-01 5.000000e-01 0.000000e+00 0.000000e+00
 0.000000e+00 0.000000e+00 0.000000e+00 5.000000e-01 5.000000e-01 0.000000e+00
 0.000000e+00 0.000000e+00 0.000000e+00 0.000000e+00 5.000000e-01 5.000000e-01
 0.000000e+00 0.000000e+00 0.000000e+00 0.000000e+00 0.000000e+00 0.000000e+00
<ENDHMM>
