~o
<STREAMINFO> 1 8
<VECSIZE> 8<NULLD><USER><DIAGC>
~h "v"
<BEGINHMM>
<NUMSTATES> 6
<STATE> 2
<MEAN> 8
 -6.171039e+00 -8.368867e+00 -7.565337e+00 -8.291833e+00 -7.604399e+00 -8.312539e+00 -7.566200e+00 -8.292210e+00
<VARIANCE> 8
 5.095983e+01 5.686138e+01 5.369014e+01 5.635635e+01 5.430861e+01 5.840916e+01 5.299217e+01 5.734688e+01
<GCONST> 4.677101e+01
<STATE> 3
<MEAN> 8
 -6.171039e+00 -8.368867e+00 -7.565337e+00 -8.291833e+00 -7.604399e+00 -8.312539e+00 -7.566200e+00 -8.292210e+00
<VARIANCE> 8
 5.095983e+01 5.686138e+01 5.369014e+01 5.635635e+01 5.430861e+01 5.840916e+01 5.299217e+01 5.734688e+01
<GCONST> 4.677101e+01
<STATE> 4
<MEAN> 8
 -6.171039e+00 -8.368867e+00 -7.565337e+00 -8.291833e+00 -7.604399e+00 -8.312539e+00 -7.566200e+00 -8.292210e+00
<VARIANCE> 8
 5.095983e+01 5.686138e+01 5.369014e+01 5.635635e+01 5.430861e+01 5.840916e+01 5.299217e+01 5.734688e+01
<GCONST> 4.677101e+01
<STATE> 5
<MEAN> 8
 -6.171039e+00 -8.368867e+00 -7.565337e+00 -8.291833e+00 -7.604399e+00 -8.312539e+00 -7.566200e+00 -8.292210e+00
<VARIANCE> 8
 5.095983e+01 5.686138e+01 5.369014e+01 5.635635e+01 5.430861e+01 5.840916e+01 5.299217e+01 5.734688e+01
<GCONST> 4.677101e+01
<TRANSP> 6
 0.000000e+00 1.000000e+00 0.000000e+00 0.000000e+00 0.000000e+00 0.000000e+00
 0.000000e+00 5.000000e-01 5.000000e-01 0.000000e+00 0.000000e+00 0.000000e+00
 0.000000e+00 0.000000e+00 5.000000e-01 5.000000e-01 0.000000e+00 0.000000e+00
 0.000000e+00 0.000000e+00 0.000000e+00 5.000000e-01 5.000000e-01 0.000000e+00
 0.000000e+00 0.000000e+00 0.000000e+00 0.000000e+00 5.000000e-01 5.000000e-01
 0.000000e+00 0.000000e+00 0.000000e+00 0.000000e+00 0.000000e+00 0.000000e+00
<ENDHMM>
