~o
<STREAMINFO> 1 8
<VECSIZE> 8<NULLD><USER><DIAGC>
~h "w"
<BEGINHMM>
<NUMSTATES> 6
<STATE> 2
<MEAN> 8
 -5.863945e+00 -8.467940e+00 -7.193528e+00 -8.418279e+00 -7.219097e+00 -8.380378e+00 -7.193708e+00 -8.379279e+00
<VARIANCE> 8
 4.450558e+01 5.086819e+01 4.809009e+01 5.202847e+01 4.741041e+01 5.072995e+01 4.514378e+01 5.006607e+01
<GCONST> 4.576129e+01
<STATE> 3
<MEAN> 8
 -5.863945e+00 -8.467940e+00 -7.193528e+00 -8.418279e+00 -7.219097e+00 -8.380378e+00 -7.193708e+00 -8.379279e+00
<VARIANCE> 8
 4.450558e+01 5.086819e+01 4.809009e+01 5.202847e+01 4.741041e+01 5.072995e+01 4.514378e+01 5.006607e+01
<GCONST> 4.576129e+01
<STATE> 4
<MEAN> 8
 -5.863945e+00 -8.467940e+00 -7.193528e+00 -8.418279e+00 -7.219097e+00 -8.380378e+00 -7.193708e+00 -8.379279e+00
<VARIANCE> 8
 4.450558e+01 5.086819e+01 4.809009e+01 5.202847e+01 4.741041e+01 5.072995e+01 4.514378e+01 5.006607e+01
<GCONST> 4.576129e+01
<STATE> 5
<MEAN> 8
 -5.863945e+00 -8.467940e+00 -7.193528e+00 -8.418279e+00 -7.219097e+00 -8.380378e+00 -7.193708e+00 -8.379279e+00
<VARIANCE> 8
 4.450558e+01 5.086819e+01 4.809009e+01 5.202847e+01 4.741041e+01 5.072995e+01 4.514378e+01 5.006607e+01
<GCONST> 4.576129e+01
<TRANSP> 6
 0.000000e+00 1.000000e+00 0.000000e+00 0.000000e+00 0.000000e+00 0.000000e+00
 0.000000e+00 5.000000e-01 5.000000e-01 0.000000e+00 0.000000e+00 0.000000e+00
 0.000000e+00 0.000000e+00 5.000000e-01 5.000000e-01 0.000000e+00 0.000000e+00
 0.000000e+00 0.000000e+00 0.000000e+00 5.000000e-01 5.000000e-01 0.000000e+00
 0.000000e+00 0.000000e+00 0.000000e+00 0.000000e+00 5.000000e-01 5.000000e-01
 0.000000e+00 0.000000e+00 0.000000e+00 0.000000e+00 0.000000e+00 0.000000e+00
<ENDHMM>
