~o
<STREAMINFO> 1 8
<VECSIZE> 8<NULLD><USER><DIAGC>
~h "x"
<BEGINHMM>
<NUMSTATES> 6
<STATE> 2
<MEAN> 8
 -5.758846e+00 -8.168440e+00 -7.150819e+00 -8.047745e+00 -7.143812e+00 -8.165903e+00 -7.186684e+00 -7.958597e+00
<VARIANCE> 8
 4.499965e+01 4.894080e+01 4.277316e+01 4.624220e+01 4.550306e+01 4.268831e+01 4.407316e+01 4.665992e+01
<GCONST> 4.519053e+01
<STATE> 3
<MEAN> 8
 -5.758846e+00 -8.168440e+00 -7.150819e+00 -8.047745e+00 -7.143812e+00 -8.165903e+00 -7.186684e+00 -7.958597e+00
<VARIANCE> 8
 4.499965e+01 4.894080e+01 4.277316e+01 4.624220e+01 4.550306e+01 4.268831e+01 4.407316e+01 4.665992e+01
<GCONST> 4.519053e+01
<STATE> 4
<MEAN> 8
 -5.758846e+00 -8.168440e+00 -7.150819e+00 -8.047745e+00 -7.143812e+00 -8.165903e+00 -7.186684e+00 -7.958597e+00
<VARIANCE> 8
 4.499965e+01 4.894080e+01 4.277316e+01 4.624220e+01 4.550306e+01 4.268831e+01 4.407316e+01 4.665992e+01
<GCONST> 4.519053e+01
<STATE> 5
<MEAN> 8
 -5.758846e+00 -8.168440e+00 -7.150819e+00 -8.047745e+00 -7.143812e+00 -8.165903e+00 -7.186684e+00 -7.958597e+00
<VARIANCE> 8
 4.499965e+01 4.894080e+01 4.277316e+01 4.624220e+01 4.550306e+01 4.268831e+01 4.407316e+01 4.665992e+01
<GCONST> 4.519053e+01
<TRANSP> 6
 0.000000e+00 1.000000e+00 0.000000e+00 0.000000e+00 0.000000e+00 0.000000e+00
 0.000000e+00 5.000000e-01 5.000000e-01 0.000000e+00 0.000000e+00 0.000000e+00
 0.000000e+00 0.000000e+00 5.000000e-01 5.000000e-01 0.000000e+00 0.000000e+00
 0.000000e+00 0.000000e+00 0.000000e+00 5.000000e-01 5.000000e-01 0.000000e+00
 0.000000e+00 0.000000e+00 0.000000e+00 0.000000e+00 5.000000e-01 5.000000e-01
 0.000000e+00 0.000000e+00 0.000000e+00 0.000000e+00 0.000000e+00 0.000000e+00
<ENDHMM>
