<BeginHMM>
<NumStates> 5 <VecSize> 10   <nullD><USER>

<State> 2 <NumMixes> 1
	<Mixture> 1 1.0
	<Mean> 10
	0.0 0.0 0.0 0.0 0.0 0.0 0.0 0.0 0.0 0.0 
	<Variance> 10
	1.0 1.0 1.0 1.0 1.0 1.0 1.0 1.0 1.0 1.0 
<State> 3 <NumMixes> 1
	<Mixture> 1 1.0
	<Mean> 10
	0.0 0.0 0.0 0.0 0.0 0.0 0.0 0.0 0.0 0.0 
	<Variance> 10
	1.0 1.0 1.0 1.0 1.0 1.0 1.0 1.0 1.0 1.0 
<State> 4 <NumMixes> 1
	<Mixture> 1 1.0
	<Mean> 10
	0.0 0.0 0.0 0.0 0.0 0.0 0.0 0.0 0.0 0.0 
	<Variance> 10
	1.0 1.0 1.0 1.0 1.0 1.0 1.0 1.0 1.0 1.0 
<TransP> 5
	0.000e+00  1.000e+00  0.000e+00  0.000e+00  0.000e+00  
	0.000e+00  3.333e-01  3.333e-01  3.334e-01  0.000e+00  
	0.000e+00  0.000e+00  5.000e-01  5.000e-01  0.000e+00  
	0.000e+00  3.334e-01  0.000e+00  3.333e-01  3.333e-01  
	0.000e+00  0.000e+00  0.000e+00  0.000e+00  5.000e-01  
<EndHMM>
