<BeginHMM>
<NumStates> 6 <VecSize> 20   <nullD><USER>

<State> 2 <NumMixes> 1
	<Mixture> 1 1.0
	<Mean> 20
	0.0 0.0 0.0 0.0 0.0 0.0 0.0 0.0 0.0 0.0 0.0 0.0 0.0 0.0 0.0 0.0 0.0 0.0 0.0 0.0 
	<Variance> 20
	1.0 1.0 1.0 1.0 1.0 1.0 1.0 1.0 1.0 1.0 1.0 1.0 1.0 1.0 1.0 1.0 1.0 1.0 1.0 1.0 
<State> 3 <NumMixes> 2
	<Mixture> 1 0.5
	    <Mean> 20
	    0.0 0.0 0.0 0.0 0.0 0.0 0.0 0.0 0.0 0.0 0.0 0.0 0.0 0.0 0.0 0.0 0.0 0.0 0.0 0.0 
	    <Variance> 20
	    1.0 1.0 1.0 1.0 1.0 1.0 1.0 1.0 1.0 1.0 1.0 1.0 1.0 1.0 1.0 1.0 1.0 1.0 1.0 1.0 
	<Mixture> 2 0.5
	    <Mean> 20
	    0.0 0.0 0.0 0.0 0.0 0.0 0.0 0.0 0.0 0.0 0.0 0.0 0.0 0.0 0.0 0.0 0.0 0.0 0.0 0.0 
	    <Variance> 20
	    1.0 1.0 1.0 1.0 1.0 1.0 1.0 1.0 1.0 1.0 1.0 1.0 1.0 1.0 1.0 1.0 1.0 1.0 1.0 1.0 
<State> 4 <NumMixes> 2
	<Mixture> 1 0.5
	    <Mean> 20
	    0.0 0.0 0.0 0.0 0.0 0.0 0.0 0.0 0.0 0.0 0.0 0.0 0.0 0.0 0.0 0.0 0.0 0.0 0.0 0.0 
	    <Variance> 20
	    1.0 1.0 1.0 1.0 1.0 1.0 1.0 1.0 1.0 1.0 1.0 1.0 1.0 1.0 1.0 1.0 1.0 1.0 1.0 1.0 
	<Mixture> 2 0.5
	    <Mean> 20
	    0.0 0.0 0.0 0.0 0.0 0.0 0.0 0.0 0.0 0.0 0.0 0.0 0.0 0.0 0.0 0.0 0.0 0.0 0.0 0.0 
	    <Variance> 20
	    1.0 1.0 1.0 1.0 1.0 1.0 1.0 1.0 1.0 1.0 1.0 1.0 1.0 1.0 1.0 1.0 1.0 1.0 1.0 1.0 
<State> 5 <NumMixes> 1
	<Mixture> 1 1.0
	<Mean> 20
	0.0 0.0 0.0 0.0 0.0 0.0 0.0 0.0 0.0 0.0 0.0 0.0 0.0 0.0 0.0 0.0 0.0 0.0 0.0 0.0 
	<Variance> 20
	1.0 1.0 1.0 1.0 1.0 1.0 1.0 1.0 1.0 1.0 1.0 1.0 1.0 1.0 1.0 1.0 1.0 1.0 1.0 1.0 
<TransP> 6
	0.000e+00  1.000e+00  0.000e+00  0.000e+00  0.000e+00  0.000e+00  
	0.000e+00  3.000e-01  3.000e-01  0.000e+00  4.000e-01  0.000e+00  
	0.000e+00  0.000e+00  3.000e-01  3.000e-01  4.000e-01  0.000e+00  
	0.000e+00  0.000e+00  0.000e+00  5.000e-01  5.000e-01  0.000e+00  
	0.000e+00  0.000e+00  0.000e+00  0.000e+00  5.000e-01  5.000e-01  
	0.000e+00  0.000e+00  0.000e+00  0.000e+00  0.000e+00  0.000e+00  
<EndHMM>
