~o
<STREAMINFO> 1 8
<VECSIZE> 8<NULLD><USER><DIAGC>
~h "_"
<BEGINHMM>
<NUMSTATES> 6
<STATE> 2
<MEAN> 8
 -7.064883e+00 -9.674934e+00 -8.233850e+00 -9.801676e+00 -8.014266e+00 -9.671147e+00 -8.573070e+00 -9.634513e+00
<VARIANCE> 8
 5.764431e+01 7.387554e+01 6.222460e+01 7.240151e+01 5.990938e+01 7.218142e+01 6.071644e+01 6.500272e+01
<GCONST> 4.812533e+01
<STATE> 3
<MEAN> 8
 -4.708381e+00 -7.308749e+00 -5.686203e+00 -7.216373e+00 -7.096245e+00 -7.013180e+00 -6.000504e+00 -7.243308e+00
<VARIANCE> 8
 3.505560e+01 2.901132e+01 2.625234e+01 4.332783e+01 3.470105e+01 2.606239e+01 3.318802e+01 2.277783e+01
<GCONST> 4.209943e+01
<STATE> 4
<MEAN> 8
 -4.224510e+00 -8.865869e+00 -1.185045e+01 -7.743845e+00 -4.965479e+00 -9.311898e+00 -5.192024e+00 -9.330830e+00
<VARIANCE> 8
 9.906275e+00 1.156220e+02 4.486885e+01 2.281313e+01 5.478025e+01 2.414113e+01 1.685160e+01 1.291215e+02
<GCONST> 4.355003e+01
<STATE> 5
<MEAN> 8
 -7.006884e+00 -8.517456e+00 -6.759948e+00 -8.759196e+00 -7.387320e+00 -8.741116e+00 -8.032693e+00 -8.399543e+00
<VARIANCE> 8
 5.158046e+01 3.746537e+01 4.332419e+01 4.696231e+01 4.206891e+01 6.420357e+01 5.025906e+01 4.510266e+01
<GCONST> 4.551513e+01
<TRANSP> 6
 0.000000e+00 1.000000e+00 0.000000e+00 0.000000e+00 0.000000e+00 0.000000e+00
 0.000000e+00 6.358618e-01 3.641383e-01 0.000000e+00 0.000000e+00 0.000000e+00
 0.000000e+00 0.000000e+00 7.403768e-01 2.596232e-01 0.000000e+00 0.000000e+00
 0.000000e+00 0.000000e+00 0.000000e+00 0.000000e+00 1.000000e+00 0.000000e+00
 0.000000e+00 0.000000e+00 0.000000e+00 0.000000e+00 7.232850e-01 2.767150e-01
 0.000000e+00 0.000000e+00 0.000000e+00 0.000000e+00 0.000000e+00 0.000000e+00
<ENDHMM>
