~o
<STREAMINFO> 1 8
<VECSIZE> 8<NULLD><USER><DIAGC>
~h "a"
<BEGINHMM>
<NUMSTATES> 6
<STATE> 2
<MEAN> 8
 -6.764505e+00 -8.941604e+00 -8.275165e+00 -8.888110e+00 -8.156056e+00 -9.108126e+00 -8.236656e+00 -8.851742e+00
<VARIANCE> 8
 5.433004e+01 5.849540e+01 5.352849e+01 5.499823e+01 5.318972e+01 5.600512e+01 5.167587e+01 5.416074e+01
<GCONST> 4.669081e+01
<STATE> 3
<MEAN> 8
 -4.698732e+00 -6.551609e+00 -6.206830e+00 -6.613342e+00 -6.502326e+00 -6.314637e+00 -6.419426e+00 -6.285983e+00
<VARIANCE> 8
 3.305816e+01 2.618569e+01 2.880802e+01 3.648531e+01 2.638991e+01 3.254024e+01 2.784971e+01 2.620310e+01
<GCONST> 4.177222e+01
<STATE> 4
<MEAN> 8
 -7.299275e+00 -1.023075e+01 -8.616278e+00 -9.850106e+00 -8.572094e+00 -1.010318e+01 -8.576817e+00 -1.073347e+01
<VARIANCE> 8
 6.449299e+01 9.934801e+01 6.290638e+01 8.570850e+01 6.958218e+01 8.222858e+01 7.453489e+01 8.914341e+01
<GCONST> 4.951432e+01
<STATE> 5
<MEAN> 8
 -5.798292e+00 -8.594785e+00 -6.865598e+00 -8.817964e+00 -6.623246e+00 -8.803598e+00 -6.465368e+00 -8.562216e+00
<VARIANCE> 8
 3.541512e+01 3.588285e+01 4.414315e+01 3.834023e+01 4.607831e+01 4.014555e+01 4.068008e+01 4.044183e+01
<GCONST> 4.421281e+01
<TRANSP> 6
 0.000000e+00 1.000000e+00 0.000000e+00 0.000000e+00 0.000000e+00 0.000000e+00
 0.000000e+00 6.251108e-01 3.748892e-01 0.000000e+00 0.000000e+00 0.000000e+00
 0.000000e+00 0.000000e+00 7.344137e-01 2.655863e-01 0.000000e+00 0.000000e+00
 0.000000e+00 0.000000e+00 0.000000e+00 5.128813e-01 4.871188e-01 0.000000e+00
 0.000000e+00 0.000000e+00 0.000000e+00 0.000000e+00 6.364350e-01 3.635651e-01
 0.000000e+00 0.000000e+00 0.000000e+00 0.000000e+00 0.000000e+00 0.000000e+00
<ENDHMM>
