~o
<STREAMINFO> 1 8
<VECSIZE> 8<NULLD><USER><DIAGC>
~h "d"
<BEGINHMM>
<NUMSTATES> 6
<STATE> 2
<MEAN> 8
 -6.643570e+00 -9.388070e+00 -8.335221e+00 -9.498895e+00 -7.888843e+00 -9.701934e+00 -8.223615e+00 -9.500795e+00
<VARIANCE> 8
 5.180288e+01 8.091472e+01 6.341482e+01 7.857329e+01 6.443010e+01 8.030022e+01 6.266310e+01 7.329977e+01
<GCONST> 4.854127e+01
<STATE> 3
<MEAN> 8
 -5.007101e+00 -7.887177e+00 -5.386758e+00 -7.783065e+00 -7.164627e+00 -7.439565e+00 -5.909533e+00 -7.955385e+00
<VARIANCE> 8
 3.194393e+01 2.810391e+01 2.591355e+01 4.433839e+01 3.678830e+01 2.400687e+01 3.424957e+01 2.118834e+01
<GCONST> 4.192017e+01
<STATE> 4
<MEAN> 8
 -4.346396e+00 -8.122266e+00 -1.238220e+01 -8.134939e+00 -3.579709e+00 -9.643894e+00 -5.358402e+00 -7.799743e+00
<VARIANCE> 8
 1.219950e+01 1.152317e+02 5.083462e+01 2.291994e+01 5.367147e+01 1.978479e+01 1.476638e+01 1.269568e+02
<GCONST> 4.351593e+01
<STATE> 5
<MEAN> 8
 -6.847085e+00 -8.343633e+00 -6.241245e+00 -8.451160e+00 -7.221832e+00 -8.184261e+00 -7.745295e+00 -8.282913e+00
<VARIANCE> 8
 5.235747e+01 3.444929e+01 3.946413e+01 4.268182e+01 3.105545e+01 6.120492e+01 4.503167e+01 4.251297e+01
<GCONST> 4.473694e+01
<TRANSP> 6
 0.000000e+00 1.000000e+00 0.000000e+00 0.000000e+00 0.000000e+00 0.000000e+00
 0.000000e+00 6.336522e-01 3.663478e-01 0.000000e+00 0.000000e+00 0.000000e+00
 0.000000e+00 0.000000e+00 7.208943e-01 2.791057e-01 0.000000e+00 0.000000e+00
 0.000000e+00 0.000000e+00 0.000000e+00 0.000000e+00 1.000000e+00 0.000000e+00
 0.000000e+00 0.000000e+00 0.000000e+00 0.000000e+00 7.413862e-01 2.586137e-01
 0.000000e+00 0.000000e+00 0.000000e+00 0.000000e+00 0.000000e+00 0.000000e+00
<ENDHMM>
