~o
<STREAMINFO> 1 8
<VECSIZE> 8<NULLD><USER><DIAGC>
~h "l"
<BEGINHMM>
<NUMSTATES> 6
<STATE> 2
<MEAN> 8
 -6.569499e+00 -9.316587e+00 -8.607950e+00 -8.859918e+00 -8.127975e+00 -9.476916e+00 -7.746248e+00 -9.191989e+00
<VARIANCE> 8
 5.697102e+01 6.748724e+01 5.863178e+01 6.037773e+01 6.069158e+01 6.628914e+01 5.718958e+01 7.290839e+01
<GCONST> 4.776480e+01
<STATE> 3
<MEAN> 8
 -7.957646e+00 -6.729409e+00 -5.622324e+00 -1.067338e+01 -4.665171e+00 -8.008146e+00 -1.194588e+01 -6.841929e+00
<VARIANCE> 8
 6.034047e+01 1.997680e+01 5.211792e+01 3.886982e+01 1.437935e+01 9.057250e+01 4.465744e+01 2.041478e+01
<GCONST> 4.339854e+01
<STATE> 4
<MEAN> 8
 -3.927351e+00 -1.101205e+01 -4.879934e+00 -7.787172e+00 -1.230074e+01 -7.357265e+00 -4.309797e+00 -1.129106e+01
<VARIANCE> 8
 3.641859e+01 3.198411e+01 1.485616e+01 1.177385e+02 4.413208e+01 2.495341e+01 6.776208e+01 3.507750e+01
<GCONST> 4.400798e+01
<STATE> 5
<MEAN> 8
 -5.685712e+00 -7.382458e+00 -7.208715e+00 -7.569148e+00 -6.366777e+00 -7.781795e+00 -6.749856e+00 -7.296927e+00
<VARIANCE> 8
 3.729654e+01 4.677631e+01 4.307422e+01 3.750675e+01 4.008326e+01 3.941130e+01 3.285369e+01 4.247100e+01
<GCONST> 4.416064e+01
<TRANSP> 6
 0.000000e+00 1.000000e+00 0.000000e+00 0.000000e+00 0.000000e+00 0.000000e+00
 0.000000e+00 7.485482e-01 2.514518e-01 0.000000e+00 0.000000e+00 0.000000e+00
 0.000000e+00 0.000000e+00 0.000000e+00 1.000000e+00 0.000000e+00 0.000000e+00
 0.000000e+00 0.000000e+00 0.000000e+00 1.100142e-02 9.889986e-01 0.000000e+00
 0.000000e+00 0.000000e+00 0.000000e+00 0.000000e+00 8.091053e-01 1.908947e-01
 0.000000e+00 0.000000e+00 0.000000e+00 0.000000e+00 0.000000e+00 0.000000e+00
<ENDHMM>
