~o
<STREAMINFO> 1 8
<VECSIZE> 8<NULLD><USER><DIAGC>
~h "m"
<BEGINHMM>
<NUMSTATES> 6
<STATE> 2
<MEAN> 8
 -6.214799e+00 -7.906250e+00 -7.559299e+00 -8.452878e+00 -6.658700e+00 -8.232117e+00 -8.481321e+00 -7.777983e+00
<VARIANCE> 8
 5.302050e+01 4.327957e+01 4.229869e+01 4.400241e+01 3.723246e+01 6.415334e+01 4.912011e+01 5.218874e+01
<GCONST> 4.559797e+01
<STATE> 3
<MEAN> 8
 -4.770199e+00 -1.190416e+01 -4.463021e+00 -6.448694e+00 -1.286306e+01 -8.070418e+00 -2.383138e+00 -1.114465e+01
<VARIANCE> 8
 3.581074e+01 2.124254e+01 1.382116e+01 1.012357e+02 4.398204e+01 2.258318e+01 4.776165e+01 1.510102e+01
<GCONST> 4.206290e+01
<STATE> 4
<MEAN> 8
 -5.604012e+00 -5.703634e+00 -7.153342e+00 -7.212268e+00 -5.192195e+00 -6.998886e+00 -6.601222e+00 -5.929351e+00
<VARIANCE> 8
 2.380433e+01 3.884504e+01 4.275123e+01 2.619311e+01 3.555987e+01 2.879220e+01 1.797089e+01 3.714879e+01
<GCONST> 4.198836e+01
<STATE> 5
<MEAN> 8
 -6.720143e+00 -9.954943e+00 -7.475059e+00 -9.376136e+00 -8.254272e+00 -9.219412e+00 -8.145700e+00 -9.702649e+00
<VARIANCE> 8
 6.174531e+01 6.798901e+01 5.899715e+01 6.764265e+01 4.888291e+01 6.619955e+01 5.440377e+01 6.236613e+01
<GCONST> 4.754866e+01
<TRANSP> 6
 0.000000e+00 1.000000e+00 0.000000e+00 0.000000e+00 0.000000e+00 0.000000e+00
 0.000000e+00 7.287376e-01 2.712624e-01 0.000000e+00 0.000000e+00 0.000000e+00
 0.000000e+00 0.000000e+00 0.000000e+00 1.000000e+00 0.000000e+00 0.000000e+00
 0.000000e+00 0.000000e+00 0.000000e+00 7.200639e-01 2.799361e-01 0.000000e+00
 0.000000e+00 0.000000e+00 0.000000e+00 0.000000e+00 6.748623e-01 3.251378e-01
 0.000000e+00 0.000000e+00 0.000000e+00 0.000000e+00 0.000000e+00 0.000000e+00
<ENDHMM>
