~o
<STREAMINFO> 1 8
<VECSIZE> 8<NULLD><USER><DIAGC>
~h "p"
<BEGINHMM>
<NUMSTATES> 6
<STATE> 2
<MEAN> 8
 -6.849142e+00 -9.110423e+00 -9.116471e+00 -9.159019e+00 -8.775994e+00 -9.402801e+00 -8.490173e+00 -9.280645e+00
<VARIANCE> 8
 5.174817e+01 6.897982e+01 7.262368e+01 5.432088e+01 6.946038e+01 6.490436e+01 6.577798e+01 7.666745e+01
<GCONST> 4.810285e+01
<STATE> 3
<MEAN> 8
 -5.193402e+00 -6.421159e+00 -6.700704e+00 -6.833842e+00 -6.233315e+00 -6.651349e+00 -7.131488e+00 -5.677938e+00
<VARIANCE> 8
 4.017248e+01 2.404887e+01 3.842609e+01 3.072818e+01 2.584661e+01 4.852711e+01 2.428649e+01 2.604141e+01
<GCONST> 4.223412e+01
<STATE> 4
<MEAN> 8
 -6.978773e+00 -1.203505e+01 -6.690887e+00 -1.058795e+01 -9.499513e+00 -1.014409e+01 -8.397365e+00 -1.230706e+01
<VARIANCE> 8
 6.642097e+01 5.416128e+01 3.269007e+01 9.686698e+01 4.967508e+01 6.388934e+01 9.349940e+01 4.602920e+01
<GCONST> 4.738129e+01
<STATE> 5
<MEAN> 8
 -5.914417e+00 -7.301950e+00 -8.306001e+00 -8.129606e+00 -7.147476e+00 -8.238865e+00 -7.547993e+00 -7.412982e+00
<VARIANCE> 8
 3.638039e+01 5.190509e+01 4.949456e+01 4.148550e+01 5.131897e+01 4.294338e+01 3.767184e+01 4.471007e+01
<GCONST> 4.500072e+01
<TRANSP> 6
 0.000000e+00 1.000000e+00 0.000000e+00 0.000000e+00 0.000000e+00 0.000000e+00
 0.000000e+00 6.237773e-01 3.762227e-01 0.000000e+00 0.000000e+00 0.000000e+00
 0.000000e+00 0.000000e+00 7.198164e-01 2.801835e-01 0.000000e+00 0.000000e+00
 0.000000e+00 0.000000e+00 0.000000e+00 5.047303e-01 4.952697e-01 0.000000e+00
 0.000000e+00 0.000000e+00 0.000000e+00 0.000000e+00 6.731824e-01 3.268175e-01
 0.000000e+00 0.000000e+00 0.000000e+00 0.000000e+00 0.000000e+00 0.000000e+00
<ENDHMM>
