~o
<STREAMINFO> 1 8
<VECSIZE> 8<NULLD><USER><DIAGC>
~h "sil"
<BEGINHMM>
<NUMSTATES> 6
<STATE> 2
<MEAN> 8
 -6.922993e+00 -1.046034e+01 -7.462686e+00 -1.160845e+01 -7.819869e+00 -8.795124e+00 -9.048657e+00 -1.086389e+01
<VARIANCE> 8
 5.868246e+01 1.134885e+02 7.179272e+01 9.292306e+01 6.462489e+01 1.045244e+02 6.749384e+01 8.264553e+01
<GCONST> 4.975703e+01
<STATE> 3
<MEAN> 8
 -3.924471e+00 -7.421204e+00 -6.723694e+00 -6.383616e+00 -7.318653e+00 -7.137431e+00 -6.458326e+00 -6.775714e+00
<VARIANCE> 8
 4.988242e+01 2.664965e+01 3.132018e+01 5.268714e+01 3.630009e+01 3.145729e+01 3.442615e+01 2.060613e+01
<GCONST> 4.290895e+01
<STATE> 4
<MEAN> 8
 -5.054308e+00 -9.038551e+00 -9.753086e+00 -7.834186e+00 -6.923522e+00 -8.592948e+00 -4.623880e+00 -1.217028e+01
<VARIANCE> 8
 1.977962e+01 1.499317e+02 4.288646e+01 3.578561e+01 5.078974e+01 2.522727e+01 1.361324e+01 1.301743e+02
<GCONST> 4.466948e+01
<STATE> 5
<MEAN> 8
 -7.344224e+00 -8.832577e+00 -7.422879e+00 -9.969593e+00 -6.816196e+00 -1.034369e+01 -7.458022e+00 -9.738989e+00
<VARIANCE> 8
 4.798653e+01 4.399423e+01 4.865870e+01 4.070188e+01 4.515857e+01 6.741666e+01 6.417055e+01 5.535254e+01
<GCONST> 4.614544e+01
<TRANSP> 6
 0.000000e+00 1.000000e+00 0.000000e+00 0.000000e+00 0.000000e+00 0.000000e+00
 0.000000e+00 5.624111e-01 4.375889e-01 0.000000e+00 0.000000e+00 0.000000e+00
 0.000000e+00 0.000000e+00 7.598810e-01 2.401191e-01 0.000000e+00 0.000000e+00
 0.000000e+00 0.000000e+00 0.000000e+00 1.130785e-05 9.999887e-01 0.000000e+00
 0.000000e+00 0.000000e+00 0.000000e+00 0.000000e+00 6.951884e-01 3.048116e-01
 0.000000e+00 0.000000e+00 0.000000e+00 0.000000e+00 0.000000e+00 0.000000e+00
<ENDHMM>
