~o
<STREAMINFO> 1 8
<VECSIZE> 8<NULLD><USER><DIAGC>
~h "t"
<BEGINHMM>
<NUMSTATES> 6
<STATE> 2
<MEAN> 8
 -6.441243e+00 -9.370302e+00 -8.468642e+00 -8.986265e+00 -7.881765e+00 -9.638187e+00 -7.571055e+00 -9.147410e+00
<VARIANCE> 8
 5.324799e+01 6.620935e+01 5.382269e+01 6.190474e+01 5.940171e+01 6.199449e+01 5.523120e+01 6.937769e+01
<GCONST> 4.744455e+01
<STATE> 3
<MEAN> 8
 -7.811347e+00 -6.470280e+00 -6.038455e+00 -1.076109e+01 -4.839134e+00 -7.730081e+00 -1.156355e+01 -6.595003e+00
<VARIANCE> 8
 5.885512e+01 2.119844e+01 5.535924e+01 4.168630e+01 1.489988e+01 8.300506e+01 4.008965e+01 2.095174e+01
<GCONST> 4.342963e+01
<STATE> 4
<MEAN> 8
 -4.339538e+00 -1.188485e+01 -4.901137e+00 -7.811294e+00 -1.174434e+01 -6.992970e+00 -4.755620e+00 -1.197080e+01
<VARIANCE> 8
 3.289157e+01 4.129288e+01 1.702421e+01 8.690215e+01 4.150097e+01 2.098069e+01 6.616973e+01 3.430530e+01
<GCONST> 4.371318e+01
<STATE> 5
<MEAN> 8
 -5.469505e+00 -7.072708e+00 -7.113277e+00 -7.298602e+00 -6.477666e+00 -7.509987e+00 -6.914606e+00 -6.994147e+00
<VARIANCE> 8
 3.801928e+01 4.022844e+01 4.136685e+01 3.563483e+01 3.839111e+01 4.047352e+01 3.123510e+01 3.980996e+01
<GCONST> 4.380562e+01
<TRANSP> 6
 0.000000e+00 1.000000e+00 0.000000e+00 0.000000e+00 0.000000e+00 0.000000e+00
 0.000000e+00 7.404892e-01 2.595108e-01 0.000000e+00 0.000000e+00 0.000000e+00
 0.000000e+00 0.000000e+00 0.000000e+00 1.000000e+00 0.000000e+00 0.000000e+00
 0.000000e+00 0.000000e+00 0.000000e+00 0.000000e+00 1.000000e+00 0.000000e+00
 0.000000e+00 0.000000e+00 0.000000e+00 0.000000e+00 8.163201e-01 1.836799e-01
 0.000000e+00 0.000000e+00 0.000000e+00 0.000000e+00 0.000000e+00 0.000000e+00
<ENDHMM>
