~o
<STREAMINFO> 1 8
<VECSIZE> 8<NULLD><USER><DIAGC>
~h "u"
<BEGINHMM>
<NUMSTATES> 6
<STATE> 2
<MEAN> 8
 -6.698143e+00 -9.156681e+00 -8.500459e+00 -8.909151e+00 -8.345621e+00 -9.115559e+00 -8.216745e+00 -9.078895e+00
<VARIANCE> 8
 5.801448e+01 7.615246e+01 6.833975e+01 6.911845e+01 6.562235e+01 7.210353e+01 6.190465e+01 7.690221e+01
<GCONST> 4.848691e+01
<STATE> 3
<MEAN> 8
 -5.745107e+00 -7.073154e+00 -6.085676e+00 -7.489148e+00 -5.676674e+00 -7.177431e+00 -7.269681e+00 -6.832728e+00
<VARIANCE> 8
 3.893454e+01 2.495271e+01 2.973762e+01 2.740041e+01 2.202526e+01 4.438618e+01 3.514500e+01 2.733074e+01
<GCONST> 4.203746e+01
<STATE> 4
<MEAN> 8
 -3.799908e+00 -1.043402e+01 -4.599340e+00 -7.676283e+00 -1.220910e+01 -7.730407e+00 -3.749571e+00 -1.066233e+01
<VARIANCE> 8
 3.871378e+01 2.120341e+01 1.024711e+01 1.248596e+02 4.726694e+01 2.157235e+01 7.207570e+01 2.180709e+01
<GCONST> 4.285473e+01
<STATE> 5
<MEAN> 8
 -6.605547e+00 -8.360607e+00 -8.376545e+00 -8.907704e+00 -6.632232e+00 -9.171474e+00 -7.473338e+00 -8.643434e+00
<VARIANCE> 8
 4.416404e+01 6.553513e+01 5.481940e+01 3.922144e+01 4.819317e+01 4.689421e+01 3.732119e+01 5.706163e+01
<GCONST> 4.573359e+01
<TRANSP> 6
 0.000000e+00 1.000000e+00 0.000000e+00 0.000000e+00 0.000000e+00 0.000000e+00
 0.000000e+00 6.425118e-01 3.574882e-01 0.000000e+00 0.000000e+00 0.000000e+00
 0.000000e+00 0.000000e+00 7.508878e-01 2.491122e-01 0.000000e+00 0.000000e+00
 0.000000e+00 0.000000e+00 0.000000e+00 4.905073e-03 9.950950e-01 0.000000e+00
 0.000000e+00 0.000000e+00 0.000000e+00 0.000000e+00 6.999291e-01 3.000709e-01
 0.000000e+00 0.000000e+00 0.000000e+00 0.000000e+00 0.000000e+00 0.000000e+00
<ENDHMM>
