~o
<STREAMINFO> 1 8
<VECSIZE> 8<NULLD><USER><DIAGC>
~h "v"
<BEGINHMM>
<NUMSTATES> 6
<STATE> 2
<MEAN> 8
 -6.933613e+00 -9.814493e+00 -8.266420e+00 -9.649602e+00 -8.399594e+00 -9.432766e+00 -8.518173e+00 -9.506067e+00
<VARIANCE> 8
 5.091046e+01 7.710508e+01 6.756071e+01 5.602563e+01 6.921464e+01 6.610679e+01 5.646500e+01 7.491741e+01
<GCONST> 4.799559e+01
<STATE> 3
<MEAN> 8
 -5.131705e+00 -6.388736e+00 -6.829377e+00 -6.344481e+00 -6.732838e+00 -6.587070e+00 -6.786271e+00 -6.140903e+00
<VARIANCE> 8
 3.873773e+01 3.150975e+01 2.755808e+01 3.766127e+01 2.753184e+01 3.846489e+01 3.028485e+01 3.249242e+01
<GCONST> 4.261180e+01
<STATE> 4
<MEAN> 8
 -7.297849e+00 -1.056151e+01 -9.597757e+00 -1.013184e+01 -9.844237e+00 -9.861022e+00 -9.914509e+00 -1.095785e+01
<VARIANCE> 8
 8.012964e+01 9.900864e+01 9.532336e+01 1.076255e+02 9.002944e+01 1.085950e+02 1.034650e+02 1.024936e+02
<GCONST> 5.137460e+01
<STATE> 5
<MEAN> 8
 -6.405554e+00 -8.792150e+00 -6.828401e+00 -8.956570e+00 -6.863924e+00 -9.015992e+00 -6.504280e+00 -8.842257e+00
<VARIANCE> 8
 4.757696e+01 4.151136e+01 5.085532e+01 4.203578e+01 5.438487e+01 4.274994e+01 4.552675e+01 3.924258e+01
<GCONST> 4.519835e+01
<TRANSP> 6
 0.000000e+00 1.000000e+00 0.000000e+00 0.000000e+00 0.000000e+00 0.000000e+00
 0.000000e+00 5.454150e-01 4.545850e-01 0.000000e+00 0.000000e+00 0.000000e+00
 0.000000e+00 0.000000e+00 7.656952e-01 2.343049e-01 0.000000e+00 0.000000e+00
 0.000000e+00 0.000000e+00 0.000000e+00 4.571252e-01 5.428748e-01 0.000000e+00
 0.000000e+00 0.000000e+00 0.000000e+00 0.000000e+00 6.564554e-01 3.435446e-01
 0.000000e+00 0.000000e+00 0.000000e+00 0.000000e+00 0.000000e+00 0.000000e+00
<ENDHMM>
