~o
<STREAMINFO> 1 8
<VECSIZE> 8<NULLD><USER><DIAGC>
~h "w"
<BEGINHMM>
<NUMSTATES> 6
<STATE> 2
<MEAN> 8
 -5.371283e+00 -6.873330e+00 -7.286911e+00 -7.173668e+00 -6.988951e+00 -7.120383e+00 -7.511292e+00 -6.766746e+00
<VARIANCE> 8
 4.097132e+01 3.841825e+01 3.470069e+01 4.640783e+01 4.110929e+01 4.630652e+01 3.790540e+01 3.424536e+01
<GCONST> 4.416880e+01
<STATE> 3
<MEAN> 8
 -6.612619e+00 -1.158804e+01 -7.564940e+00 -9.992310e+00 -1.070903e+01 -9.629957e+00 -7.502513e+00 -1.216922e+01
<VARIANCE> 8
 5.475645e+01 7.458562e+01 5.980953e+01 9.094299e+01 6.410224e+01 6.628975e+01 7.840502e+01 5.945724e+01
<GCONST> 4.842092e+01
<STATE> 4
<MEAN> 8
 -4.931783e+00 -6.375636e+00 -1.219591e+01 -8.468061e+00 -2.040149e+00 -1.080200e+01 -6.087854e+00 -4.545614e+00
<VARIANCE> 8
 1.478906e+01 8.127566e+01 4.910281e+01 2.439378e+01 5.106387e+01 2.196237e+01 1.468655e+01 7.802608e+01
<GCONST> 4.294938e+01
<STATE> 5
<MEAN> 8
 -6.165565e+00 -8.841248e+00 -5.676442e+00 -8.762226e+00 -6.827103e+00 -8.333143e+00 -6.990262e+00 -8.835125e+00
<VARIANCE> 8
 4.883698e+01 3.374232e+01 4.597095e+01 4.027879e+01 3.025296e+01 4.984403e+01 4.117335e+01 3.938801e+01
<GCONST> 4.434384e+01
<TRANSP> 6
 0.000000e+00 1.000000e+00 0.000000e+00 0.000000e+00 0.000000e+00 0.000000e+00
 0.000000e+00 7.470750e-01 2.529251e-01 0.000000e+00 0.000000e+00 0.000000e+00
 0.000000e+00 0.000000e+00 5.460778e-01 4.539222e-01 0.000000e+00 0.000000e+00
 0.000000e+00 0.000000e+00 0.000000e+00 0.000000e+00 1.000000e+00 0.000000e+00
 0.000000e+00 0.000000e+00 0.000000e+00 0.000000e+00 7.549103e-01 2.450896e-01
 0.000000e+00 0.000000e+00 0.000000e+00 0.000000e+00 0.000000e+00 0.000000e+00
<ENDHMM>
