~o
<STREAMINFO> 1 8
<VECSIZE> 8<NULLD><USER><DIAGC>
~h "x"
<BEGINHMM>
<NUMSTATES> 6
<STATE> 2
<MEAN> 8
 -5.587959e+00 -1.022835e+01 -6.720479e+00 -8.716021e+00 -7.337717e+00 -9.263713e+00 -6.601070e+00 -9.133396e+00
<VARIANCE> 8
 6.108277e+01 3.419877e+01 4.036132e+01 5.202183e+01 4.783025e+01 3.178655e+01 5.726135e+01 3.008278e+01
<GCONST> 4.477525e+01
<STATE> 3
<MEAN> 8
 -5.634922e+00 -4.988790e+00 -6.869790e+00 -7.023956e+00 -5.808385e+00 -6.009262e+00 -6.925809e+00 -6.201963e+00
<VARIANCE> 8
 1.040752e+01 2.996984e+01 3.523686e+01 1.658518e+01 2.346288e+01 3.720742e+01 1.935055e+01 3.809689e+01
<GCONST> 4.019112e+01
<STATE> 4
<MEAN> 8
 -7.679304e+00 -9.608409e+00 -8.203161e+00 -1.008774e+01 -8.290803e+00 -9.652860e+00 -9.829416e+00 -9.704288e+00
<VARIANCE> 8
 7.045457e+01 9.003992e+01 6.398056e+01 8.217136e+01 5.643652e+01 7.303515e+01 6.605256e+01 8.617138e+01
<GCONST> 4.899647e+01
<STATE> 5
<MEAN> 8
 -4.758228e+00 -8.097506e+00 -7.135226e+00 -6.964672e+00 -7.419627e+00 -8.074369e+00 -6.242426e+00 -7.246715e+00
<VARIANCE> 8
 4.046321e+01 3.869838e+01 3.695878e+01 3.852514e+01 5.363133e+01 3.131081e+01 3.314923e+01 3.787239e+01
<GCONST> 4.388166e+01
<TRANSP> 6
 0.000000e+00 1.000000e+00 0.000000e+00 0.000000e+00 0.000000e+00 0.000000e+00
 0.000000e+00 6.845723e-01 3.154277e-01 0.000000e+00 0.000000e+00 0.000000e+00
 0.000000e+00 0.000000e+00 6.607719e-01 3.392281e-01 0.000000e+00 0.000000e+00
 0.000000e+00 0.000000e+00 0.000000e+00 5.306984e-01 4.693016e-01 0.000000e+00
 0.000000e+00 0.000000e+00 0.000000e+00 0.000000e+00 6.858416e-01 3.141584e-01
 0.000000e+00 0.000000e+00 0.000000e+00 0.000000e+00 0.000000e+00 0.000000e+00
<ENDHMM>
