~o
<STREAMINFO> 1 8
<VECSIZE> 8<NULLD><USER><DIAGC>
~h "y"
<BEGINHMM>
<NUMSTATES> 6
<STATE> 2
<MEAN> 8
 -5.151624e+00 -7.221880e+00 -5.971793e+00 -7.182063e+00 -6.609109e+00 -7.130969e+00 -6.440491e+00 -7.017436e+00
<VARIANCE> 8
 3.482237e+01 3.293533e+01 3.407530e+01 3.880283e+01 3.607076e+01 3.356967e+01 3.234713e+01 3.322395e+01
<GCONST> 4.301379e+01
<STATE> 3
<MEAN> 8
 -6.139845e+00 -9.792542e+00 -9.774445e+00 -9.279787e+00 -7.619664e+00 -1.045760e+01 -6.652661e+00 -9.845999e+00
<VARIANCE> 8
 4.123336e+01 7.752049e+01 5.785843e+01 5.179591e+01 6.553679e+01 5.298282e+01 5.087661e+01 8.716289e+01
<GCONST> 4.732788e+01
<STATE> 4
<MEAN> 8
 -1.036468e+01 -7.595415e+00 -3.253577e+00 -1.112414e+01 -4.410314e+00 -5.977098e+00 -1.193449e+01 -7.744240e+00
<VARIANCE> 8
 4.902318e+01 1.805405e+01 6.081029e+01 1.353244e+01 1.133887e+01 9.895166e+01 4.793657e+01 1.676169e+01
<GCONST> 4.191337e+01
<STATE> 5
<MEAN> 8
 -5.137568e+00 -9.059422e+00 -7.070304e+00 -8.414993e+00 -7.766146e+00 -8.927108e+00 -6.409318e+00 -9.052065e+00
<VARIANCE> 8
 4.815457e+01 4.007573e+01 3.882429e+01 5.702755e+01 5.435785e+01 3.547132e+01 5.393393e+01 3.822220e+01
<GCONST> 4.516628e+01
<TRANSP> 6
 0.000000e+00 1.000000e+00 0.000000e+00 0.000000e+00 0.000000e+00 0.000000e+00
 0.000000e+00 7.600399e-01 2.399601e-01 0.000000e+00 0.000000e+00 0.000000e+00
 0.000000e+00 0.000000e+00 5.785637e-01 4.214363e-01 0.000000e+00 0.000000e+00
 0.000000e+00 0.000000e+00 0.000000e+00 0.000000e+00 1.000000e+00 0.000000e+00
 0.000000e+00 0.000000e+00 0.000000e+00 0.000000e+00 7.313968e-01 2.686032e-01
 0.000000e+00 0.000000e+00 0.000000e+00 0.000000e+00 0.000000e+00 0.000000e+00
<ENDHMM>
