~o
<STREAMINFO> 1 20
<VECSIZE> 20<NULLD><USER><DIAGC>
~h "_"
<BEGINHMM>
<NUMSTATES> 3
<STATE> 2
<MEAN> 20
 -7.250477e+00 -2.093256e+00 -1.455682e+01 -1.091855e+01 -8.660284e+00 -1.228448e+01 -1.486551e+01 -1.432058e+01 -4.033760e+00 -1.235105e+01 -1.086904e+01 -1.222445e+01 4.984305e-01 -1.150325e+01 -6.147218e+00 -9.130582e+00 4.985546e+00 -9.933458e+00 -1.487952e+00 -9.491295e+00
<VARIANCE> 20
 8.972692e+00 1.581572e+00 8.203152e+01 1.390727e+01 2.579024e+01 6.361445e+00 7.217545e+01 3.712753e+01 1.645020e+01 7.110723e+00 6.240908e+01 4.766310e+01 1.490115e+01 8.118460e+00 3.571157e+01 3.049711e+01 2.365416e+01 9.297302e+00 4.484205e+01 3.511309e+01
<GCONST> 9.674685e+01
<TRANSP> 3
 0.000000e+00 1.000000e+00 0.000000e+00
 0.000000e+00 9.077644e-01 9.223561e-02
 0.000000e+00 0.000000e+00 0.000000e+00
<ENDHMM>
