~o
<STREAMINFO> 1 20
<VECSIZE> 20<NULLD><USER><DIAGC>
~h "a"
<BEGINHMM>
<NUMSTATES> 8
<STATE> 2
<MEAN> 20
 -6.165025e+00 -2.231479e+00 -1.511565e+01 -1.068578e+01 -8.044647e+00 -1.212019e+01 -1.537154e+01 -1.373430e+01 -4.452103e+00 -1.200273e+01 -1.212958e+01 -1.133588e+01 -9.886786e-01 -1.091641e+01 -7.142261e+00 -8.249600e+00 2.358271e+00 -9.139638e+00 -3.598277e+00 -7.759605e+00
<VARIANCE> 20
 2.802098e+01 2.295139e+00 1.938933e+02 2.312103e+01 6.500498e+01 9.246655e+00 1.879281e+02 4.999766e+01 3.517599e+01 1.096333e+01 1.494298e+02 6.529314e+01 2.816561e+01 1.382622e+01 6.958669e+01 4.448363e+01 4.794825e+01 1.691801e+01 6.579722e+01 4.260522e+01
<GCONST> 1.086562e+02
<STATE> 3
<MEAN> 20
 -7.387046e+00 -2.046815e+00 -1.549550e+01 -1.141392e+01 -8.791990e+00 -1.231917e+01 -1.416998e+01 -1.369791e+01 -3.964200e+00 -1.244969e+01 -9.991005e+00 -1.164353e+01 8.032463e-01 -1.164119e+01 -5.290178e+00 -8.843790e+00 5.557673e+00 -1.009631e+01 -8.180631e-01 -8.649896e+00
<VARIANCE> 20
 1.019144e+01 1.266274e+00 9.190511e+01 1.600518e+01 2.625680e+01 6.331576e+00 6.485162e+01 3.825992e+01 1.490892e+01 6.731889e+00 5.172658e+01 4.854228e+01 1.193061e+01 6.991426e+00 2.865788e+01 3.229885e+01 1.881149e+01 7.373655e+00 2.965773e+01 2.807445e+01
<GCONST> 9.488727e+01
<STATE> 4
<MEAN> 20
 -7.404629e+00 -2.039773e+00 -1.549790e+01 -1.153546e+01 -8.744435e+00 -1.233609e+01 -1.398648e+01 -1.362428e+01 -3.873656e+00 -1.248687e+01 -9.800912e+00 -1.156606e+01 9.438165e-01 -1.170273e+01 -5.099618e+00 -8.751258e+00 5.757606e+00 -1.018052e+01 -6.399068e-01 -8.595603e+00
<VARIANCE> 20
 9.888120e+00 1.306645e+00 8.928857e+01 1.602052e+01 2.588822e+01 6.355747e+00 6.223275e+01 3.751401e+01 1.487002e+01 6.652741e+00 4.928441e+01 4.639056e+01 1.165558e+01 6.730938e+00 2.663298e+01 3.030937e+01 1.749894e+01 6.923212e+00 2.686645e+01 2.635968e+01
<GCONST> 9.418575e+01
<STATE> 5
<MEAN> 20
 -7.909581e+00 -2.050142e+00 -1.617079e+01 -1.173295e+01 -9.528205e+00 -1.287760e+01 -1.544926e+01 -1.611016e+01 -4.362823e+00 -1.316353e+01 -1.088872e+01 -1.485998e+01 8.141955e-01 -1.241016e+01 -5.969070e+00 -1.104112e+01 6.009205e+00 -1.082109e+01 -1.047600e+00 -1.048600e+01
<VARIANCE> 20
 5.576137e+00 1.043759e+00 7.194041e+01 1.224187e+01 1.718317e+01 4.437883e+00 4.187849e+01 4.245165e+01 1.050816e+01 4.613479e+00 3.428631e+01 6.293546e+01 8.015876e+00 4.550536e+00 2.277217e+01 4.251176e+01 1.059677e+01 4.660031e+00 2.540117e+01 3.296332e+01
<GCONST> 8.977655e+01
<STATE> 6
<MEAN> 20
 -8.174524e+00 -2.215797e+00 -1.834380e+01 -1.237055e+01 -1.008499e+01 -1.301897e+01 -1.655434e+01 -1.388855e+01 -4.984649e+00 -1.316583e+01 -1.217188e+01 -1.121368e+01 4.309962e-02 -1.230622e+01 -6.753933e+00 -8.015929e+00 4.987654e+00 -1.068295e+01 -2.186969e+00 -8.148497e+00
<VARIANCE> 20
 1.039938e+01 1.665349e+00 9.208865e+01 2.442307e+01 3.076775e+01 1.043464e+01 7.459607e+01 4.380902e+01 1.960930e+01 1.151768e+01 6.694203e+01 5.034036e+01 1.657918e+01 1.248542e+01 3.786927e+01 2.778518e+01 2.451074e+01 1.339398e+01 4.093187e+01 3.014668e+01
<GCONST> 9.993690e+01
<STATE> 7
<MEAN> 20
 -7.443749e+00 -2.058083e+00 -1.506352e+01 -1.178962e+01 -8.274634e+00 -1.171190e+01 -1.212389e+01 -1.180774e+01 -3.240826e+00 -1.179614e+01 -7.748014e+00 -9.727008e+00 1.780633e+00 -1.109048e+01 -3.435369e+00 -7.339737e+00 6.872645e+00 -9.723823e+00 8.748968e-01 -7.420073e+00
<VARIANCE> 20
 3.935358e+00 9.912394e-01 4.970071e+01 1.285499e+01 1.151750e+01 5.037584e+00 2.443008e+01 2.483705e+01 8.009864e+00 4.813529e+00 1.912895e+01 2.522402e+01 7.209986e+00 4.298792e+00 1.081296e+01 1.218014e+01 9.380011e+00 3.851650e+00 1.171490e+01 1.208249e+01
<GCONST> 8.173260e+01
<TRANSP> 8
 0.000000e+00 1.000000e+00 0.000000e+00 0.000000e+00 0.000000e+00 0.000000e+00 0.000000e+00 0.000000e+00
 0.000000e+00 3.272996e-01 6.727004e-01 0.000000e+00 0.000000e+00 0.000000e+00 0.000000e+00 0.000000e+00
 0.000000e+00 0.000000e+00 0.000000e+00 1.000000e+00 0.000000e+00 0.000000e+00 0.000000e+00 0.000000e+00
 0.000000e+00 0.000000e+00 0.000000e+00 0.000000e+00 1.000000e+00 0.000000e+00 0.000000e+00 0.000000e+00
 0.000000e+00 0.000000e+00 0.000000e+00 0.000000e+00 5.404996e-01 4.595004e-01 0.000000e+00 0.000000e+00
 0.000000e+00 0.000000e+00 0.000000e+00 0.000000e+00 0.000000e+00 2.779540e-01 7.220460e-01 0.000000e+00
 0.000000e+00 0.000000e+00 0.000000e+00 0.000000e+00 0.000000e+00 0.000000e+00 7.374567e-01 2.625433e-01
 0.000000e+00 0.000000e+00 0.000000e+00 0.000000e+00 0.000000e+00 0.000000e+00 0.000000e+00 0.000000e+00
<ENDHMM>
