~o
<STREAMINFO> 1 20
<VECSIZE> 20<NULLD><USER><DIAGC>
~h "d"
<BEGINHMM>
<NUMSTATES> 8
<STATE> 2
<MEAN> 20
 -7.863581e+00 -1.900218e+00 -1.668820e+01 -1.089623e+01 -9.962086e+00 -1.291567e+01 -1.647142e+01 -1.695964e+01 -4.972463e+00 -1.308509e+01 -1.299911e+01 -1.327457e+01 -6.597553e-02 -1.222113e+01 -8.105291e+00 -9.963316e+00 4.775292e+00 -1.052471e+01 -2.948711e+00 -1.017288e+01
<VARIANCE> 20
 7.438340e+00 1.541063e+00 6.643081e+01 1.473528e+01 2.633141e+01 6.855695e+00 5.820192e+01 5.554845e+01 1.681768e+01 7.484524e+00 5.519177e+01 5.350795e+01 1.320074e+01 7.987120e+00 4.101976e+01 3.501731e+01 1.868438e+01 8.515847e+00 4.494803e+01 4.000018e+01
<GCONST> 9.667799e+01
<STATE> 3
<MEAN> 20
 -6.868360e+00 -1.698408e+00 -1.236479e+01 -9.582034e+00 -8.152982e+00 -1.138046e+01 -1.222014e+01 -1.490435e+01 -3.406442e+00 -1.144946e+01 -8.787528e+00 -1.132405e+01 1.288300e+00 -1.073424e+01 -4.782591e+00 -8.904389e+00 6.030860e+00 -9.345739e+00 -1.552451e-01 -9.253544e+00
<VARIANCE> 20
 3.202311e+00 8.651706e-01 3.774943e+01 1.046995e+01 8.454539e+00 4.185049e+00 2.126047e+01 3.622832e+01 5.768588e+00 3.913122e+00 1.926602e+01 2.353231e+01 5.331137e+00 3.457334e+00 1.539561e+01 1.472083e+01 7.264545e+00 3.264410e+00 1.628199e+01 1.870350e+01
<GCONST> 8.042473e+01
<STATE> 4
<MEAN> 20
 -7.067045e+00 -1.796363e+00 -1.415820e+01 -1.002748e+01 -8.493621e+00 -1.216883e+01 -1.384798e+01 -1.681107e+01 -3.842444e+00 -1.222201e+01 -1.103058e+01 -1.223118e+01 6.928490e-01 -1.137648e+01 -6.895993e+00 -9.461615e+00 5.167690e+00 -9.776867e+00 -2.372193e+00 -9.560262e+00
<VARIANCE> 20
 7.900622e+00 1.174836e+00 6.549059e+01 1.214535e+01 2.217871e+01 5.644263e+00 5.528794e+01 4.705818e+01 1.350115e+01 5.748998e+00 4.961504e+01 3.400188e+01 1.083861e+01 5.653855e+00 3.817007e+01 2.102669e+01 1.576222e+01 5.732952e+00 3.595139e+01 2.603415e+01
<GCONST> 9.228941e+01
<STATE> 5
<MEAN> 20
 -7.065040e+00 -1.818482e+00 -1.431111e+01 -1.000768e+01 -8.405933e+00 -1.218876e+01 -1.385748e+01 -1.709766e+01 -3.766353e+00 -1.223482e+01 -1.120258e+01 -1.236521e+01 7.311477e-01 -1.137070e+01 -7.085536e+00 -9.550995e+00 5.131832e+00 -9.748231e+00 -2.534477e+00 -9.611305e+00
<VARIANCE> 20
 7.896210e+00 1.178063e+00 6.546461e+01 1.226449e+01 2.243122e+01 5.720123e+00 5.741760e+01 4.922274e+01 1.357288e+01 5.856254e+00 4.964995e+01 3.647725e+01 1.054303e+01 5.756283e+00 3.864003e+01 2.260428e+01 1.511973e+01 5.825857e+00 3.692453e+01 2.691890e+01
<GCONST> 9.261264e+01
<STATE> 6
<MEAN> 20
 -6.132367e+00 -1.901845e+00 -1.372802e+01 -9.412252e+00 -7.727813e+00 -1.196783e+01 -1.379383e+01 -1.627933e+01 -3.888631e+00 -1.186593e+01 -1.142154e+01 -1.141818e+01 -2.312697e-01 -1.080229e+01 -7.262302e+00 -8.466737e+00 3.278744e+00 -8.998734e+00 -3.386554e+00 -8.421934e+00
<VARIANCE> 20
 2.333689e+01 2.137546e+00 1.568943e+02 2.225108e+01 6.286658e+01 9.917760e+00 1.735260e+02 7.104092e+01 3.667790e+01 1.100995e+01 1.482513e+02 6.175142e+01 2.680569e+01 1.270360e+01 8.435578e+01 4.086619e+01 3.685963e+01 1.452280e+01 6.647109e+01 4.557220e+01
<GCONST> 1.080779e+02
<STATE> 7
<MEAN> 20
 -7.921037e+00 -2.310812e+00 -1.699369e+01 -1.095247e+01 -8.169603e+00 -1.317720e+01 -1.528832e+01 -2.029694e+01 -3.725268e+00 -1.315608e+01 -1.474013e+01 -1.450626e+01 3.153145e-01 -1.215598e+01 -1.117459e+01 -1.136651e+01 4.003747e+00 -1.033884e+01 -6.764495e+00 -1.114596e+01
<VARIANCE> 20
 5.422886e+00 1.517760e+00 5.478685e+01 1.029356e+01 2.016555e+01 5.052746e+00 4.361123e+01 4.451684e+01 1.265016e+01 4.920467e+00 4.859396e+01 4.210669e+01 8.792365e+00 4.739720e+00 5.105262e+01 2.369251e+01 1.475613e+01 4.837086e+00 5.864193e+01 2.407335e+01
<GCONST> 9.149863e+01
<TRANSP> 8
 0.000000e+00 1.000000e+00 0.000000e+00 0.000000e+00 0.000000e+00 0.000000e+00 0.000000e+00 0.000000e+00
 0.000000e+00 3.907692e-01 6.092308e-01 0.000000e+00 0.000000e+00 0.000000e+00 0.000000e+00 0.000000e+00
 0.000000e+00 0.000000e+00 7.250000e-01 2.750000e-01 0.000000e+00 0.000000e+00 0.000000e+00 0.000000e+00
 0.000000e+00 0.000000e+00 0.000000e+00 0.000000e+00 1.000000e+00 0.000000e+00 0.000000e+00 0.000000e+00
 0.000000e+00 0.000000e+00 0.000000e+00 0.000000e+00 0.000000e+00 1.000000e+00 0.000000e+00 0.000000e+00
 0.000000e+00 0.000000e+00 0.000000e+00 0.000000e+00 0.000000e+00 2.181639e-01 7.818362e-01 0.000000e+00
 0.000000e+00 0.000000e+00 0.000000e+00 0.000000e+00 0.000000e+00 0.000000e+00 5.427251e-01 4.572748e-01
 0.000000e+00 0.000000e+00 0.000000e+00 0.000000e+00 0.000000e+00 0.000000e+00 0.000000e+00 0.000000e+00
<ENDHMM>
