~o
<STREAMINFO> 1 20
<VECSIZE> 20<NULLD><USER><DIAGC>
~h "e"
<BEGINHMM>
<NUMSTATES> 8
<STATE> 2
<MEAN> 20
 -5.889435e+00 -2.206580e+00 -1.343467e+01 -9.808402e+00 -7.748927e+00 -1.204722e+01 -1.598170e+01 -1.466864e+01 -4.282743e+00 -1.179109e+01 -1.294414e+01 -1.217180e+01 -1.076362e+00 -1.053058e+01 -7.475002e+00 -8.419783e+00 1.992087e+00 -8.582488e+00 -4.042946e+00 -7.552261e+00
<VARIANCE> 20
 2.429024e+01 2.823304e+00 1.498664e+02 2.043952e+01 6.124606e+01 9.371707e+00 1.905085e+02 4.527794e+01 3.416247e+01 1.117626e+01 1.736681e+02 6.365969e+01 2.877033e+01 1.460177e+01 7.593697e+01 4.417923e+01 4.948481e+01 1.837831e+01 7.265578e+01 4.231758e+01
<GCONST> 1.086859e+02
<STATE> 3
<MEAN> 20
 -7.241758e+00 -2.122516e+00 -1.371548e+01 -1.047205e+01 -8.038526e+00 -1.251025e+01 -1.550827e+01 -1.557197e+01 -3.406862e+00 -1.245800e+01 -1.173308e+01 -1.301419e+01 9.169443e-01 -1.138079e+01 -6.521770e+00 -9.148765e+00 5.066372e+00 -9.555247e+00 -2.186138e+00 -8.422074e+00
<VARIANCE> 20
 8.047784e+00 1.839248e+00 6.700499e+01 1.347373e+01 2.735620e+01 6.013964e+00 6.432697e+01 3.405767e+01 1.723357e+01 6.401522e+00 6.533618e+01 4.914618e+01 1.384146e+01 7.369586e+00 3.344926e+01 3.348942e+01 2.130474e+01 8.764682e+00 3.825680e+01 3.011432e+01
<GCONST> 9.575587e+01
<STATE> 4
<MEAN> 20
 -7.243855e+00 -1.900571e+00 -1.305285e+01 -1.016123e+01 -8.749556e+00 -1.237789e+01 -1.503409e+01 -1.554760e+01 -4.079151e+00 -1.246415e+01 -1.107030e+01 -1.374542e+01 4.526894e-01 -1.156486e+01 -6.229311e+00 -1.010746e+01 4.979956e+00 -9.900012e+00 -1.652944e+00 -9.322162e+00
<VARIANCE> 20
 9.617440e+00 1.573957e+00 7.520265e+01 1.267391e+01 2.843339e+01 6.397070e+00 7.031838e+01 3.468092e+01 1.678131e+01 7.141299e+00 6.386968e+01 4.982754e+01 1.322305e+01 8.070668e+00 3.448099e+01 3.406485e+01 2.047056e+01 9.123950e+00 3.571840e+01 3.079107e+01
<GCONST> 9.616029e+01
<STATE> 5
<MEAN> 20
 -7.243932e+00 -1.870974e+00 -1.278796e+01 -1.010941e+01 -8.746241e+00 -1.234574e+01 -1.481831e+01 -1.544421e+01 -4.073681e+00 -1.244820e+01 -1.087414e+01 -1.377005e+01 4.867460e-01 -1.158103e+01 -6.141133e+00 -1.022384e+01 5.071112e+00 -9.947631e+00 -1.513656e+00 -9.463543e+00
<VARIANCE> 20
 9.764647e+00 1.505917e+00 7.389811e+01 1.227988e+01 2.852127e+01 6.442960e+00 6.744660e+01 3.488574e+01 1.703230e+01 7.151865e+00 6.011539e+01 4.805972e+01 1.329445e+01 7.980074e+00 3.367991e+01 3.289767e+01 1.963411e+01 8.906679e+00 3.389530e+01 3.011897e+01
<GCONST> 9.577171e+01
<STATE> 6
<MEAN> 20
 -8.477850e+00 -1.769613e+00 -1.602894e+01 -1.104002e+01 -1.107349e+01 -1.345604e+01 -1.773581e+01 -1.719838e+01 -5.833681e+00 -1.381492e+01 -1.325913e+01 -1.596018e+01 -5.897521e-01 -1.308160e+01 -7.954453e+00 -1.229337e+01 4.756401e+00 -1.146143e+01 -2.374714e+00 -1.158569e+01
<VARIANCE> 20
 7.003458e+00 1.478469e+00 7.406474e+01 1.293483e+01 2.498907e+01 6.601967e+00 5.335748e+01 3.864559e+01 1.607305e+01 7.314916e+00 4.904685e+01 5.598699e+01 1.207690e+01 7.788357e+00 3.381046e+01 4.039133e+01 1.522212e+01 8.252796e+00 3.774723e+01 3.842877e+01
<GCONST> 9.525834e+01
<STATE> 7
<MEAN> 20
 -7.329751e+00 -1.888116e+00 -1.042210e+01 -9.810225e+00 -8.455665e+00 -1.200375e+01 -1.302686e+01 -1.446115e+01 -3.664972e+00 -1.210778e+01 -8.761746e+00 -1.310233e+01 1.070159e+00 -1.138772e+01 -4.484917e+00 -1.031558e+01 5.998097e+00 -9.968194e+00 6.067877e-03 -9.692337e+00
<VARIANCE> 20
 3.385305e+00 9.267024e-01 3.568646e+01 7.454092e+00 1.014919e+01 4.114861e+00 2.383869e+01 2.246918e+01 7.119059e+00 4.036931e+00 2.069978e+01 2.986465e+01 6.488701e+00 3.795494e+00 1.261046e+01 1.743018e+01 8.444574e+00 3.733016e+00 1.332391e+01 1.555099e+01
<GCONST> 8.066594e+01
<TRANSP> 8
 0.000000e+00 1.000000e+00 0.000000e+00 0.000000e+00 0.000000e+00 0.000000e+00 0.000000e+00 0.000000e+00
 0.000000e+00 3.173242e-01 6.826758e-01 0.000000e+00 0.000000e+00 0.000000e+00 0.000000e+00 0.000000e+00
 0.000000e+00 0.000000e+00 2.114350e-01 7.885650e-01 0.000000e+00 0.000000e+00 0.000000e+00 0.000000e+00
 0.000000e+00 0.000000e+00 0.000000e+00 0.000000e+00 1.000000e+00 0.000000e+00 0.000000e+00 0.000000e+00
 0.000000e+00 0.000000e+00 0.000000e+00 0.000000e+00 0.000000e+00 1.000000e+00 0.000000e+00 0.000000e+00
 0.000000e+00 0.000000e+00 0.000000e+00 0.000000e+00 0.000000e+00 5.196552e-01 4.803448e-01 0.000000e+00
 0.000000e+00 0.000000e+00 0.000000e+00 0.000000e+00 0.000000e+00 0.000000e+00 7.550554e-01 2.449446e-01
 0.000000e+00 0.000000e+00 0.000000e+00 0.000000e+00 0.000000e+00 0.000000e+00 0.000000e+00 0.000000e+00
<ENDHMM>
