~o
<STREAMINFO> 1 20
<VECSIZE> 20<NULLD><USER><DIAGC>
~h "h"
<BEGINHMM>
<NUMSTATES> 8
<STATE> 2
<MEAN> 20
 -6.894023e+00 -2.240686e+00 -1.473255e+01 -1.079005e+01 -7.497176e+00 -1.186603e+01 -1.544795e+01 -1.376194e+01 -2.901315e+00 -1.175649e+01 -1.107746e+01 -9.352941e+00 1.450674e+00 -1.075165e+01 -6.043599e+00 -6.356757e+00 5.617991e+00 -9.094124e+00 -1.797526e+00 -6.992231e+00
<VARIANCE> 20
 3.946154e+00 1.527006e+00 4.392934e+01 1.012223e+01 1.558820e+01 5.087368e+00 5.100669e+01 2.479337e+01 1.413839e+01 5.624651e+00 6.403713e+01 2.959279e+01 1.696094e+01 6.603002e+00 2.781639e+01 1.401168e+01 2.616539e+01 8.012122e+00 3.619280e+01 2.091886e+01
<GCONST> 9.074861e+01
<STATE> 3
<MEAN> 20
 -7.453820e+00 -2.464145e+00 -1.852917e+01 -1.045713e+01 -9.407119e+00 -1.270836e+01 -2.017264e+01 -1.464884e+01 -5.223174e+00 -1.246675e+01 -1.648502e+01 -1.206936e+01 -1.277697e+00 -1.118622e+01 -9.703536e+00 -8.776644e+00 2.447053e+00 -9.205793e+00 -5.238120e+00 -8.671232e+00
<VARIANCE> 20
 9.932521e+00 2.664941e+00 8.106378e+01 2.125535e+01 3.356052e+01 9.079512e+00 9.466163e+01 4.030281e+01 2.717272e+01 1.208134e+01 1.190416e+02 6.789863e+01 2.933422e+01 1.659351e+01 5.489886e+01 5.692744e+01 4.488246e+01 2.097463e+01 6.995235e+01 5.839424e+01
<GCONST> 1.056403e+02
<STATE> 4
<MEAN> 20
 -5.367578e+00 -2.929728e+00 -1.454314e+01 -1.016089e+01 -5.890902e+00 -1.201127e+01 -1.676654e+01 -1.396098e+01 -3.061006e+00 -1.116958e+01 -1.488474e+01 -1.034509e+01 -7.516865e-01 -9.406402e+00 -8.321124e+00 -5.904230e+00 1.175461e+00 -7.135556e+00 -5.752807e+00 -5.412789e+00
<VARIANCE> 20
 2.274227e+01 2.810090e+00 1.752193e+02 1.519239e+01 5.950864e+01 8.841084e+00 2.404858e+02 3.084538e+01 4.287781e+01 1.162614e+01 2.526012e+02 4.000975e+01 4.315164e+01 1.598892e+01 9.596668e+01 2.278526e+01 6.321605e+01 2.047167e+01 9.335555e+01 2.963047e+01
<GCONST> 1.087291e+02
<STATE> 5
<MEAN> 20
 -6.250670e+00 -3.040484e+00 -1.776662e+01 -1.034757e+01 -7.457683e+00 -1.225004e+01 -2.059543e+01 -1.445370e+01 -4.278710e+00 -1.134570e+01 -1.863506e+01 -1.085119e+01 -1.689743e+00 -9.523321e+00 -1.052872e+01 -6.029225e+00 4.505480e-01 -7.191039e+00 -7.578319e+00 -5.465786e+00
<VARIANCE> 20
 1.128054e+01 2.860737e+00 8.426834e+01 1.268622e+01 3.106866e+01 6.623405e+00 1.253562e+02 2.458048e+01 2.692282e+01 8.660357e+00 1.695301e+02 3.349125e+01 3.504882e+01 1.278688e+01 6.482995e+01 1.851178e+01 6.004938e+01 1.748654e+01 7.612676e+01 2.518200e+01
<GCONST> 1.023727e+02
<STATE> 6
<MEAN> 20
 -4.653208e+00 -4.000537e+00 -2.026320e+01 -9.965662e+00 -8.045547e+00 -1.203859e+01 -2.638226e+01 -1.480998e+01 -6.629646e+00 -1.017492e+01 -2.713451e+01 -1.165061e+01 -5.849632e+00 -7.555788e+00 -1.458486e+01 -5.209385e+00 -5.488008e+00 -4.651595e+00 -1.285334e+01 -3.705837e+00
<VARIANCE> 20
 1.066871e+01 2.915045e+00 6.989343e+01 1.022244e+01 2.943120e+01 5.810278e+00 1.394978e+02 2.182369e+01 3.494986e+01 8.538930e+00 2.070063e+02 2.813589e+01 5.112723e+01 1.345720e+01 6.548022e+01 1.259153e+01 7.923464e+01 1.843132e+01 7.786959e+01 1.739963e+01
<GCONST> 1.020439e+02
<STATE> 7
<MEAN> 20
 -6.884218e+00 -2.791562e+00 -1.697053e+01 -1.056355e+01 -7.536336e+00 -1.257563e+01 -1.912238e+01 -1.451276e+01 -3.878380e+00 -1.195873e+01 -1.685065e+01 -1.182412e+01 -6.732186e-01 -1.043151e+01 -1.013509e+01 -7.729640e+00 2.183839e+00 -8.302471e+00 -6.428465e+00 -7.100545e+00
<VARIANCE> 20
 8.646329e+00 2.729427e+00 6.790228e+01 1.305642e+01 2.843502e+01 6.283193e+00 8.938697e+01 2.432357e+01 2.554832e+01 7.593394e+00 1.224743e+02 3.172372e+01 3.081996e+01 1.078200e+01 5.050843e+01 2.295538e+01 4.913812e+01 1.466691e+01 6.251187e+01 2.695195e+01
<GCONST> 9.998022e+01
<TRANSP> 8
 0.000000e+00 1.000000e+00 0.000000e+00 0.000000e+00 0.000000e+00 0.000000e+00 0.000000e+00 0.000000e+00
 0.000000e+00 7.168539e-01 2.831461e-01 0.000000e+00 0.000000e+00 0.000000e+00 0.000000e+00 0.000000e+00
 0.000000e+00 0.000000e+00 3.543192e-01 6.456808e-01 0.000000e+00 0.000000e+00 0.000000e+00 0.000000e+00
 0.000000e+00 0.000000e+00 0.000000e+00 9.999999e-02 9.000000e-01 0.000000e+00 0.000000e+00 0.000000e+00
 0.000000e+00 0.000000e+00 0.000000e+00 0.000000e+00 0.000000e+00 1.000000e+00 0.000000e+00 0.000000e+00
 0.000000e+00 0.000000e+00 0.000000e+00 0.000000e+00 0.000000e+00 4.968625e-01 5.031375e-01 0.000000e+00
 0.000000e+00 0.000000e+00 0.000000e+00 0.000000e+00 0.000000e+00 0.000000e+00 3.991826e-01 6.008174e-01
 0.000000e+00 0.000000e+00 0.000000e+00 0.000000e+00 0.000000e+00 0.000000e+00 0.000000e+00 0.000000e+00
<ENDHMM>
