~o
<STREAMINFO> 1 20
<VECSIZE> 20<NULLD><USER><DIAGC>
~h "m"
<BEGINHMM>
<NUMSTATES> 8
<STATE> 2
<MEAN> 20
 -7.177477e+00 -2.110945e+00 -1.421340e+01 -1.108482e+01 -8.810143e+00 -1.220089e+01 -1.726636e+01 -1.425708e+01 -4.657808e+00 -1.233364e+01 -1.428850e+01 -1.305412e+01 -5.868121e-01 -1.153243e+01 -9.479018e+00 -1.015785e+01 3.413237e+00 -9.949474e+00 -5.079490e+00 -8.791230e+00
<VARIANCE> 20
 1.130772e+01 1.953307e+00 8.323875e+01 1.203375e+01 3.168177e+01 5.593016e+00 9.048216e+01 2.703819e+01 2.096918e+01 5.523736e+00 9.069378e+01 3.552274e+01 1.867520e+01 6.517990e+00 5.977811e+01 2.553894e+01 2.963591e+01 8.297194e+00 6.227375e+01 2.674983e+01
<GCONST> 9.762700e+01
<STATE> 3
<MEAN> 20
 -8.138329e+00 -2.178726e+00 -1.416926e+01 -1.254180e+01 -9.832962e+00 -1.326206e+01 -1.689995e+01 -1.526131e+01 -4.820661e+00 -1.364086e+01 -1.312693e+01 -1.467926e+01 2.419130e-01 -1.301055e+01 -8.399143e+00 -1.187157e+01 5.280406e+00 -1.147206e+01 -3.150083e+00 -1.079607e+01
<VARIANCE> 20
 9.066359e+00 1.352739e+00 7.488526e+01 1.802657e+01 2.686557e+01 9.575541e+00 6.377267e+01 4.442329e+01 1.677285e+01 1.013573e+01 5.820108e+01 5.904939e+01 1.192465e+01 9.846242e+00 4.660427e+01 4.384100e+01 1.436858e+01 9.123377e+00 5.140450e+01 4.101454e+01
<GCONST> 9.816679e+01
<STATE> 4
<MEAN> 20
 -7.209757e+00 -1.980658e+00 -1.203598e+01 -1.128616e+01 -8.482121e+00 -1.207954e+01 -1.469353e+01 -1.368494e+01 -3.947999e+00 -1.238030e+01 -1.118176e+01 -1.284965e+01 6.177576e-01 -1.178291e+01 -6.984665e+00 -1.072411e+01 5.236064e+00 -1.036972e+01 -2.404019e+00 -9.568178e+00
<VARIANCE> 20
 1.077081e+01 1.094218e+00 7.422459e+01 1.219150e+01 2.817503e+01 6.078874e+00 7.005102e+01 2.687636e+01 1.616334e+01 6.081406e+00 5.738979e+01 3.403537e+01 1.116597e+01 5.746709e+00 4.216545e+01 2.474619e+01 1.494551e+01 5.458210e+00 3.952428e+01 2.478245e+01
<GCONST> 9.328159e+01
<STATE> 5
<MEAN> 20
 -7.465457e+00 -2.262561e+00 -1.018265e+01 -1.178815e+01 -8.106402e+00 -1.222258e+01 -1.459931e+01 -1.392444e+01 -3.315816e+00 -1.244397e+01 -1.089887e+01 -1.321180e+01 1.594526e+00 -1.181998e+01 -6.610216e+00 -1.132081e+01 6.665942e+00 -1.038800e+01 -1.563223e+00 -9.570716e+00
<VARIANCE> 20
 3.380596e+00 6.677449e-01 4.717564e+01 5.915561e+00 1.067781e+01 2.609737e+00 2.506540e+01 1.986405e+01 7.258440e+00 2.441623e+00 2.245006e+01 2.541575e+01 5.956559e+00 2.166193e+00 1.815826e+01 1.861556e+01 7.261584e+00 2.071000e+00 1.833189e+01 1.762522e+01
<GCONST> 7.883171e+01
<STATE> 6
<MEAN> 20
 -6.542631e+00 -1.605293e+00 -1.016125e+01 -9.847382e+00 -8.137900e+00 -1.060918e+01 -1.261361e+01 -1.207529e+01 -3.781330e+00 -1.090637e+01 -9.108380e+00 -1.144274e+01 6.139891e-01 -1.042924e+01 -5.117941e+00 -9.910960e+00 5.156835e+00 -9.244336e+00 -7.409000e-01 -8.604898e+00
<VARIANCE> 20
 6.151272e+00 9.151336e-01 5.825480e+01 1.066994e+01 1.616582e+01 5.709243e+00 4.313092e+01 1.934163e+01 9.246971e+00 5.703841e+00 3.582936e+01 2.391273e+01 6.441201e+00 5.218962e+00 2.559116e+01 1.829287e+01 8.669320e+00 4.536280e+00 2.380560e+01 1.778721e+01
<GCONST> 8.627194e+01
<STATE> 7
<MEAN> 20
 -6.399727e+00 -1.980766e+00 -1.185351e+01 -1.106709e+01 -8.145100e+00 -1.214283e+01 -1.466850e+01 -1.272441e+01 -4.426641e+00 -1.238794e+01 -1.191551e+01 -1.170403e+01 -6.981900e-01 -1.170243e+01 -7.868242e+00 -9.839551e+00 3.036685e+00 -1.021646e+01 -3.704897e+00 -9.077769e+00
<VARIANCE> 20
 2.996294e+01 1.772666e+00 1.775199e+02 2.436582e+01 7.038792e+01 9.557727e+00 1.812364e+02 4.192630e+01 3.889621e+01 1.031099e+01 1.444998e+02 5.073582e+01 2.796019e+01 1.146519e+01 9.153110e+01 3.924873e+01 4.104584e+01 1.266554e+01 9.149428e+01 4.405505e+01
<GCONST> 1.079553e+02
<TRANSP> 8
 0.000000e+00 1.000000e+00 0.000000e+00 0.000000e+00 0.000000e+00 0.000000e+00 0.000000e+00 0.000000e+00
 0.000000e+00 2.629263e-01 7.370737e-01 0.000000e+00 0.000000e+00 0.000000e+00 0.000000e+00 0.000000e+00
 0.000000e+00 0.000000e+00 3.631179e-01 6.368821e-01 0.000000e+00 0.000000e+00 0.000000e+00 0.000000e+00
 0.000000e+00 0.000000e+00 0.000000e+00 0.000000e+00 1.000000e+00 0.000000e+00 0.000000e+00 0.000000e+00
 0.000000e+00 0.000000e+00 0.000000e+00 0.000000e+00 7.191953e-01 2.808047e-01 0.000000e+00 0.000000e+00
 0.000000e+00 0.000000e+00 0.000000e+00 0.000000e+00 0.000000e+00 4.822257e-01 5.177743e-01 0.000000e+00
 0.000000e+00 0.000000e+00 0.000000e+00 0.000000e+00 0.000000e+00 0.000000e+00 3.411996e-01 6.588004e-01
 0.000000e+00 0.000000e+00 0.000000e+00 0.000000e+00 0.000000e+00 0.000000e+00 0.000000e+00 0.000000e+00
<ENDHMM>
