~o
<STREAMINFO> 1 20
<VECSIZE> 20<NULLD><USER><DIAGC>
~h "o"
<BEGINHMM>
<NUMSTATES> 8
<STATE> 2
<MEAN> 20
 -7.965337e+00 -2.125069e+00 -1.813563e+01 -1.145697e+01 -1.019770e+01 -1.291477e+01 -1.830557e+01 -1.594128e+01 -5.415160e+00 -1.307136e+01 -1.393916e+01 -1.401806e+01 -6.703334e-01 -1.223804e+01 -9.063404e+00 -1.098042e+01 3.995536e+00 -1.059305e+01 -4.179457e+00 -1.101408e+01
<VARIANCE> 20
 9.021760e+00 1.731104e+00 9.465724e+01 2.048198e+01 2.753266e+01 9.077076e+00 7.886127e+01 4.456479e+01 1.882084e+01 1.051863e+01 7.440678e+01 6.916385e+01 1.727612e+01 1.203750e+01 5.396922e+01 5.172562e+01 2.626087e+01 1.343819e+01 6.414153e+01 5.066619e+01
<GCONST> 1.018199e+02
<STATE> 3
<MEAN> 20
 -6.512765e+00 -1.523406e+00 -1.317817e+01 -9.228836e+00 -8.103714e+00 -1.068913e+01 -1.326139e+01 -1.337609e+01 -3.687790e+00 -1.086582e+01 -9.396513e+00 -1.157536e+01 6.561707e-01 -1.025915e+01 -5.391669e+00 -9.111349e+00 5.000380e+00 -8.983634e+00 -1.176753e+00 -9.081534e+00
<VARIANCE> 20
 4.558167e+00 9.955695e-01 5.150184e+01 1.130515e+01 1.286502e+01 5.438992e+00 3.874790e+01 2.429240e+01 7.834817e+00 5.379475e+00 3.524733e+01 3.352382e+01 6.460040e+00 5.005175e+00 2.733591e+01 2.358439e+01 9.790763e+00 4.802815e+00 3.147103e+01 2.284920e+01
<GCONST> 8.692158e+01
<STATE> 4
<MEAN> 20
 -7.180491e+00 -2.068203e+00 -1.562415e+01 -1.084837e+01 -8.420324e+00 -1.220840e+01 -1.599350e+01 -1.521519e+01 -4.041317e+00 -1.228140e+01 -1.230993e+01 -1.340677e+01 2.122582e-01 -1.144716e+01 -8.150425e+00 -1.021838e+01 4.351749e+00 -9.858679e+00 -3.808873e+00 -1.006654e+01
<VARIANCE> 20
 8.708604e+00 1.539433e+00 7.763956e+01 1.425794e+01 2.508584e+01 6.082412e+00 6.693089e+01 3.171156e+01 1.515808e+01 6.481311e+00 6.346233e+01 4.413617e+01 1.253324e+01 7.158484e+00 4.847473e+01 3.124439e+01 2.084736e+01 8.114794e+00 5.503245e+01 3.179227e+01
<GCONST> 9.599351e+01
<STATE> 5
<MEAN> 20
 -7.430727e+00 -2.215763e+00 -1.442898e+01 -1.148229e+01 -8.128029e+00 -1.248976e+01 -1.507606e+01 -1.562098e+01 -3.422814e+00 -1.262345e+01 -1.125103e+01 -1.420871e+01 1.281132e+00 -1.188567e+01 -7.222052e+00 -1.101806e+01 5.968570e+00 -1.036204e+01 -2.500974e+00 -1.103861e+01
<VARIANCE> 20
 3.032561e+00 8.010416e-01 4.374812e+01 7.503515e+00 1.118031e+01 2.700711e+00 2.832537e+01 2.599200e+01 7.722717e+00 2.736980e+00 2.883852e+01 3.973039e+01 7.023126e+00 2.655211e+00 2.477242e+01 2.568079e+01 9.922173e+00 2.809704e+00 3.266530e+01 2.428830e+01
<GCONST> 8.292836e+01
<STATE> 6
<MEAN> 20
 -6.408203e+00 -2.276351e+00 -1.538996e+01 -1.092869e+01 -8.190336e+00 -1.247640e+01 -1.654768e+01 -1.565146e+01 -4.619168e+00 -1.241872e+01 -1.346374e+01 -1.371127e+01 -1.155611e+00 -1.139350e+01 -9.111814e+00 -1.002417e+01 2.171737e+00 -9.600403e+00 -5.368982e+00 -9.330436e+00
<VARIANCE> 20
 2.412380e+01 2.176397e+00 1.577607e+02 2.091256e+01 5.494350e+01 1.002225e+01 1.782231e+02 4.781971e+01 2.974142e+01 1.157446e+01 1.463152e+02 6.897534e+01 2.428436e+01 1.380686e+01 8.614428e+01 4.753880e+01 4.170926e+01 1.604270e+01 7.863472e+01 4.417377e+01
<GCONST> 1.080338e+02
<STATE> 7
<MEAN> 20
 -7.939412e+00 -2.340469e+00 -1.780593e+01 -1.121731e+01 -8.302241e+00 -1.286651e+01 -1.822168e+01 -1.590366e+01 -4.148997e+00 -1.299205e+01 -1.552448e+01 -1.469760e+01 -2.436366e-01 -1.221017e+01 -1.194374e+01 -1.165730e+01 3.333691e+00 -1.060476e+01 -7.734164e+00 -1.117189e+01
<VARIANCE> 20
 6.342927e+00 1.662595e+00 6.113337e+01 1.142912e+01 2.462548e+01 5.366226e+00 5.405628e+01 2.559715e+01 1.551863e+01 5.473903e+00 5.610600e+01 3.615527e+01 1.057758e+01 5.680634e+00 5.768906e+01 2.553257e+01 1.641169e+01 6.086058e+00 6.563868e+01 2.500854e+01
<GCONST> 9.323419e+01
<TRANSP> 8
 0.000000e+00 1.000000e+00 0.000000e+00 0.000000e+00 0.000000e+00 0.000000e+00 0.000000e+00 0.000000e+00
 0.000000e+00 3.070244e-01 6.929755e-01 0.000000e+00 0.000000e+00 0.000000e+00 0.000000e+00 0.000000e+00
 0.000000e+00 0.000000e+00 5.319830e-01 4.680171e-01 0.000000e+00 0.000000e+00 0.000000e+00 0.000000e+00
 0.000000e+00 0.000000e+00 0.000000e+00 5.793991e-02 9.420601e-01 0.000000e+00 0.000000e+00 0.000000e+00
 0.000000e+00 0.000000e+00 0.000000e+00 0.000000e+00 6.781525e-01 3.218475e-01 0.000000e+00 0.000000e+00
 0.000000e+00 0.000000e+00 0.000000e+00 0.000000e+00 0.000000e+00 2.692468e-01 7.307532e-01 0.000000e+00
 0.000000e+00 0.000000e+00 0.000000e+00 0.000000e+00 0.000000e+00 0.000000e+00 4.123159e-01 5.876841e-01
 0.000000e+00 0.000000e+00 0.000000e+00 0.000000e+00 0.000000e+00 0.000000e+00 0.000000e+00 0.000000e+00
<ENDHMM>
