~o
<STREAMINFO> 1 20
<VECSIZE> 20<NULLD><USER><DIAGC>
~h "q"
<BEGINHMM>
<NUMSTATES> 8
<STATE> 2
<MEAN> 20
 -8.153084e+00 -1.678664e+00 -1.855903e+01 -8.942887e+00 -1.161112e+01 -1.225250e+01 -1.845941e+01 -1.469854e+01 -6.438135e+00 -1.258105e+01 -1.255619e+01 -1.336896e+01 -1.155488e+00 -1.186691e+01 -7.181100e+00 -9.268071e+00 4.190385e+00 -1.035085e+01 -2.500871e+00 -8.900723e+00
<VARIANCE> 20
 8.524347e+00 1.335800e+00 8.229550e+01 3.264248e+01 2.856597e+01 1.199130e+01 6.238956e+01 7.861149e+01 1.787428e+01 1.272908e+01 3.211903e+01 9.014484e+01 1.393251e+01 1.311115e+01 1.429476e+01 4.504516e+01 1.763322e+01 1.325634e+01 1.800780e+01 3.876426e+01
<GCONST> 9.849618e+01
<STATE> 3
<MEAN> 20
 -8.402953e+00 -1.496614e+00 -2.312413e+01 -3.727498e+00 -1.492642e+01 -9.341005e+00 -2.489400e+01 -4.574601e+00 -9.704094e+00 -9.142476e+00 -1.566369e+01 -3.046830e+00 -4.341216e+00 -7.801744e+00 -9.707456e+00 -1.429198e+00 7.992417e-01 -5.831104e+00 -5.226461e+00 -1.209675e+00
<VARIANCE> 20
 9.654022e+00 1.465945e+00 1.229039e+02 4.729861e+01 5.228292e+01 1.436302e+01 1.554692e+02 9.050572e+01 4.200839e+01 1.887318e+01 8.642635e+01 6.510855e+01 3.609940e+01 2.478831e+01 4.856181e+01 4.500145e+01 3.919774e+01 3.114883e+01 4.187341e+01 4.929536e+01
<GCONST> 1.087855e+02
<STATE> 4
<MEAN> 20
 -8.361172e+00 -3.741876e-01 -2.263763e+01 -4.542745e-01 -1.529987e+01 -8.568203e+00 -2.410819e+01 -3.077408e+00 -9.651160e+00 -9.007101e+00 -1.229121e+01 -2.513143e+00 -3.755429e+00 -8.112143e+00 -6.743475e+00 -1.267696e+00 1.847257e+00 -6.515443e+00 -2.219776e+00 -1.540264e+00
<VARIANCE> 20
 3.609895e+00 2.101168e+00 6.197334e+01 6.480786e+01 3.247065e+01 1.461439e+01 9.086954e+01 9.130643e+01 3.193293e+01 1.508044e+01 3.341298e+01 4.973478e+01 2.843568e+01 1.628174e+01 2.019053e+01 2.607054e+01 2.696505e+01 1.698209e+01 1.938842e+01 3.042740e+01
<GCONST> 1.007710e+02
<STATE> 5
<MEAN> 20
 -7.774277e+00 -1.208700e+00 -1.993391e+01 -5.144348e+00 -1.229130e+01 -1.011015e+01 -2.020090e+01 -8.977855e+00 -6.958433e+00 -1.037041e+01 -1.332975e+01 -6.785312e+00 -1.563178e+00 -9.455168e+00 -6.941165e+00 -3.368353e+00 3.620731e+00 -7.800347e+00 -2.269780e+00 -3.760139e+00
<VARIANCE> 20
 3.379825e+00 3.131268e+00 7.275844e+01 5.244872e+01 2.405812e+01 1.480259e+01 8.576401e+01 6.860548e+01 2.485341e+01 1.385493e+01 7.783926e+01 5.694749e+01 2.494557e+01 1.448299e+01 3.206439e+01 2.815301e+01 2.673730e+01 1.589707e+01 2.933281e+01 3.857026e+01
<GCONST> 1.019359e+02
<STATE> 6
<MEAN> 20
 -7.119427e+00 -1.706137e+00 -1.982369e+01 -6.143519e+00 -1.180698e+01 -1.050627e+01 -2.186510e+01 -1.007461e+01 -7.095946e+00 -1.031366e+01 -1.643527e+01 -8.194137e+00 -2.528728e+00 -9.065994e+00 -8.577253e+00 -3.680879e+00 1.799654e+00 -7.186909e+00 -4.384309e+00 -3.874322e+00
<VARIANCE> 20
 5.578130e+00 4.525931e+00 6.694417e+01 4.689772e+01 2.444813e+01 1.217522e+01 1.153655e+02 8.592611e+01 2.302849e+01 1.160288e+01 1.769505e+02 7.155720e+01 3.118840e+01 1.527352e+01 5.529624e+01 2.483053e+01 5.423917e+01 2.010349e+01 6.980427e+01 3.637214e+01
<GCONST> 1.061947e+02
<STATE> 7
<MEAN> 20
 -6.722014e+00 -1.113372e+00 -1.408634e+01 -6.719876e+00 -9.935780e+00 -9.837640e+00 -1.411681e+01 -1.028371e+01 -4.977903e+00 -1.022583e+01 -8.849319e+00 -8.537347e+00 4.506109e-04 -9.691012e+00 -4.331174e+00 -4.460879e+00 4.907408e+00 -8.472334e+00 -8.966993e-02 -6.029168e+00
<VARIANCE> 20
 3.661483e+00 1.645144e+00 4.326777e+01 3.163990e+01 1.490044e+01 8.376593e+00 4.705988e+01 5.444531e+01 1.155270e+01 7.680457e+00 3.219835e+01 5.652094e+01 1.120813e+01 7.360792e+00 1.546984e+01 1.643976e+01 1.504954e+01 7.515327e+00 1.588894e+01 4.222165e+01
<GCONST> 9.163090e+01
<TRANSP> 8
 0.000000e+00 1.000000e+00 0.000000e+00 0.000000e+00 0.000000e+00 0.000000e+00 0.000000e+00 0.000000e+00
 0.000000e+00 6.190476e-01 3.809524e-01 0.000000e+00 0.000000e+00 0.000000e+00 0.000000e+00 0.000000e+00
 0.000000e+00 0.000000e+00 2.835821e-01 7.164179e-01 0.000000e+00 0.000000e+00 0.000000e+00 0.000000e+00
 0.000000e+00 0.000000e+00 0.000000e+00 3.924051e-01 6.075949e-01 0.000000e+00 0.000000e+00 0.000000e+00
 0.000000e+00 0.000000e+00 0.000000e+00 0.000000e+00 0.000000e+00 1.000000e+00 0.000000e+00 0.000000e+00
 0.000000e+00 0.000000e+00 0.000000e+00 0.000000e+00 0.000000e+00 9.433963e-02 9.056604e-01 0.000000e+00
 0.000000e+00 0.000000e+00 0.000000e+00 0.000000e+00 0.000000e+00 0.000000e+00 6.778524e-01 3.221476e-01
 0.000000e+00 0.000000e+00 0.000000e+00 0.000000e+00 0.000000e+00 0.000000e+00 0.000000e+00 0.000000e+00
<ENDHMM>
