~o
<STREAMINFO> 1 20
<VECSIZE> 20<NULLD><USER><DIAGC>
~h "r"
<BEGINHMM>
<NUMSTATES> 8
<STATE> 2
<MEAN> 20
 -7.142360e+00 -2.141938e+00 -1.598788e+01 -9.974900e+00 -9.118576e+00 -1.205113e+01 -1.714374e+01 -1.541023e+01 -4.790524e+00 -1.195378e+01 -1.380324e+01 -1.394839e+01 -6.688357e-01 -1.078066e+01 -8.446438e+00 -8.366234e+00 3.224252e+00 -8.838923e+00 -4.265857e+00 -7.631117e+00
<VARIANCE> 20
 9.996121e+00 2.237127e+00 7.798601e+01 1.780775e+01 3.353280e+01 8.382526e+00 9.851645e+01 4.745145e+01 2.433868e+01 9.644336e+00 9.885623e+01 8.043330e+01 2.425217e+01 1.194031e+01 5.610309e+01 3.804666e+01 3.826102e+01 1.432476e+01 6.625144e+01 3.790724e+01
<GCONST> 1.030987e+02
<STATE> 3
<MEAN> 20
 -8.342730e+00 -1.870194e+00 -1.664263e+01 -1.171917e+01 -1.084981e+01 -1.342742e+01 -1.718747e+01 -1.831040e+01 -5.429965e+00 -1.387519e+01 -1.320058e+01 -1.833021e+01 3.231518e-02 -1.309199e+01 -7.721366e+00 -1.117184e+01 5.418634e+00 -1.132699e+01 -2.220016e+00 -1.047170e+01
<VARIANCE> 20
 6.223306e+00 1.518908e+00 6.053355e+01 1.421458e+01 2.559610e+01 6.927262e+00 5.135359e+01 4.740608e+01 1.554912e+01 7.465634e+00 4.461225e+01 7.842060e+01 1.007018e+01 7.562119e+00 2.927932e+01 3.851521e+01 1.193413e+01 7.486096e+00 3.601459e+01 3.734721e+01
<GCONST> 9.470839e+01
<STATE> 4
<MEAN> 20
 -7.338936e+00 -1.902096e+00 -1.404614e+01 -1.060705e+01 -8.909442e+00 -1.239875e+01 -1.421347e+01 -1.655767e+01 -4.033620e+00 -1.261924e+01 -1.065175e+01 -1.610793e+01 7.859614e-01 -1.174959e+01 -6.009430e+00 -9.735617e+00 5.506208e+00 -1.002153e+01 -1.269189e+00 -9.157441e+00
<VARIANCE> 20
 8.890615e+00 1.368614e+00 7.021446e+01 1.326402e+01 2.762003e+01 6.215362e+00 6.582082e+01 4.173838e+01 1.635003e+01 6.795680e+00 5.542798e+01 6.760155e+01 1.175536e+01 7.213133e+00 3.170569e+01 3.095463e+01 1.603621e+01 7.573011e+00 3.573636e+01 3.166997e+01
<GCONST> 9.525632e+01
<STATE> 5
<MEAN> 20
 -7.356091e+00 -1.902924e+00 -1.396286e+01 -1.064836e+01 -8.981736e+00 -1.242262e+01 -1.413764e+01 -1.664209e+01 -4.081197e+00 -1.265900e+01 -1.058482e+01 -1.619660e+01 7.776455e-01 -1.179728e+01 -5.961926e+00 -9.714069e+00 5.541941e+00 -1.007429e+01 -1.169637e+00 -9.204027e+00
<VARIANCE> 20
 9.042571e+00 1.268641e+00 7.172752e+01 1.296396e+01 2.763112e+01 6.281589e+00 6.723542e+01 4.291103e+01 1.659670e+01 6.830060e+00 5.684332e+01 6.985856e+01 1.212642e+01 7.154585e+00 3.225781e+01 3.056581e+01 1.600669e+01 7.473206e+00 3.521023e+01 3.201921e+01
<GCONST> 9.534247e+01
<STATE> 6
<MEAN> 20
 -6.068580e+00 -1.979184e+00 -1.212325e+01 -1.053181e+01 -7.361730e+00 -1.228538e+01 -1.224928e+01 -1.580751e+01 -3.323204e+00 -1.240864e+01 -9.239552e+00 -1.503068e+01 6.356691e-01 -1.143803e+01 -5.133931e+00 -9.026344e+00 4.469224e+00 -9.638758e+00 -1.057246e+00 -8.552809e+00
<VARIANCE> 20
 2.660247e+01 1.711790e+00 1.447487e+02 1.753958e+01 6.182452e+01 8.278498e+00 1.531815e+02 4.963200e+01 3.119259e+01 9.751884e+00 1.078231e+02 8.013613e+01 2.130177e+01 1.131810e+01 5.486895e+01 3.446262e+01 3.373627e+01 1.268139e+01 5.035910e+01 3.733150e+01
<GCONST> 1.049994e+02
<STATE> 7
<MEAN> 20
 -7.254991e+00 -1.864324e+00 -1.187525e+01 -1.028712e+01 -8.534136e+00 -1.199591e+01 -1.205996e+01 -1.675288e+01 -3.565576e+00 -1.221579e+01 -8.702795e+00 -1.675299e+01 1.436673e+00 -1.139696e+01 -4.516216e+00 -9.442967e+00 6.458054e+00 -9.750715e+00 1.931978e-01 -8.803360e+00
<VARIANCE> 20
 3.261101e+00 8.752779e-01 3.406589e+01 9.001258e+00 9.782399e+00 4.387913e+00 2.546944e+01 3.721249e+01 6.736806e+00 4.365216e+00 2.062391e+01 6.003828e+01 5.994957e+00 3.946599e+00 1.253434e+01 1.657453e+01 7.738039e+00 3.554649e+00 1.446859e+01 1.755244e+01
<GCONST> 8.200001e+01
<TRANSP> 8
 0.000000e+00 1.000000e+00 0.000000e+00 0.000000e+00 0.000000e+00 0.000000e+00 0.000000e+00 0.000000e+00
 0.000000e+00 2.362949e-01 7.637051e-01 0.000000e+00 0.000000e+00 0.000000e+00 0.000000e+00 0.000000e+00
 0.000000e+00 0.000000e+00 5.389444e-01 4.610556e-01 0.000000e+00 0.000000e+00 0.000000e+00 0.000000e+00
 0.000000e+00 0.000000e+00 0.000000e+00 0.000000e+00 1.000000e+00 0.000000e+00 0.000000e+00 0.000000e+00
 0.000000e+00 0.000000e+00 0.000000e+00 0.000000e+00 0.000000e+00 1.000000e+00 0.000000e+00 0.000000e+00
 0.000000e+00 0.000000e+00 0.000000e+00 0.000000e+00 0.000000e+00 1.883476e-01 8.116524e-01 0.000000e+00
 0.000000e+00 0.000000e+00 0.000000e+00 0.000000e+00 0.000000e+00 0.000000e+00 7.597740e-01 2.402259e-01
 0.000000e+00 0.000000e+00 0.000000e+00 0.000000e+00 0.000000e+00 0.000000e+00 0.000000e+00 0.000000e+00
<ENDHMM>
