~o
<STREAMINFO> 1 20
<VECSIZE> 20<NULLD><USER><DIAGC>
~h "s"
<BEGINHMM>
<NUMSTATES> 8
<STATE> 2
<MEAN> 20
 -6.425077e+00 -2.161036e+00 -1.434341e+01 -1.037227e+01 -7.966530e+00 -1.197068e+01 -1.467894e+01 -1.270533e+01 -4.093902e+00 -1.186880e+01 -1.097278e+01 -1.035970e+01 -3.695052e-01 -1.084718e+01 -6.417917e+00 -7.646325e+00 3.276405e+00 -9.165457e+00 -2.495941e+00 -8.013133e+00
<VARIANCE> 20
 2.338452e+01 2.119790e+00 1.608907e+02 2.385905e+01 6.515261e+01 1.131905e+01 1.787801e+02 4.630538e+01 3.639228e+01 1.340067e+01 1.361891e+02 5.879240e+01 2.498468e+01 1.641218e+01 6.746181e+01 3.941680e+01 3.572694e+01 1.959267e+01 5.886932e+01 4.969312e+01
<GCONST> 1.081505e+02
<STATE> 3
<MEAN> 20
 -7.403263e+00 -2.024274e+00 -1.421644e+01 -1.117061e+01 -8.890561e+00 -1.232459e+01 -1.400587e+01 -1.307237e+01 -4.052463e+00 -1.243900e+01 -9.773271e+00 -1.133525e+01 7.476416e-01 -1.168824e+01 -5.224792e+00 -8.659277e+00 5.593782e+00 -1.023668e+01 -5.027082e-01 -9.218425e+00
<VARIANCE> 20
 8.351820e+00 1.258665e+00 7.297337e+01 1.453100e+01 2.626441e+01 6.951048e+00 6.161459e+01 3.077023e+01 1.602048e+01 7.502941e+00 4.868409e+01 3.751062e+01 1.126442e+01 7.885591e+00 2.836905e+01 2.106767e+01 1.398376e+01 8.368265e+00 2.846472e+01 2.913190e+01
<GCONST> 9.349271e+01
<STATE> 4
<MEAN> 20
 -7.398452e+00 -2.005192e+00 -1.407138e+01 -1.121736e+01 -8.894679e+00 -1.234536e+01 -1.387877e+01 -1.297519e+01 -4.025182e+00 -1.247598e+01 -9.580997e+00 -1.129196e+01 8.067234e-01 -1.174179e+01 -5.057505e+00 -8.702278e+00 5.684537e+00 -1.030431e+01 -3.772472e-01 -9.256751e+00
<VARIANCE> 20
 8.280976e+00 1.223523e+00 7.203166e+01 1.389221e+01 2.657282e+01 6.914719e+00 5.982800e+01 2.951398e+01 1.614136e+01 7.266849e+00 4.513541e+01 3.635647e+01 1.098294e+01 7.376806e+00 2.655453e+01 2.001715e+01 1.285355e+01 7.651730e+00 2.543999e+01 2.767397e+01
<GCONST> 9.265513e+01
<STATE> 5
<MEAN> 20
 -7.754171e+00 -1.958283e+00 -1.442338e+01 -1.134116e+01 -9.549585e+00 -1.267246e+01 -1.463943e+01 -1.479667e+01 -4.461089e+00 -1.290895e+01 -1.044793e+01 -1.349028e+01 6.639001e-01 -1.220327e+01 -5.629508e+00 -9.580112e+00 5.864960e+00 -1.072803e+01 -7.258107e-01 -9.963486e+00
<VARIANCE> 20
 5.024524e+00 9.596329e-01 5.839987e+01 1.100733e+01 1.774789e+01 4.703836e+00 3.848796e+01 3.642822e+01 1.153611e+01 4.859479e+00 3.018698e+01 4.825451e+01 8.320159e+00 4.849752e+00 1.863007e+01 2.286739e+01 9.158429e+00 5.075643e+00 1.917584e+01 2.779970e+01
<GCONST> 8.764709e+01
<STATE> 6
<MEAN> 20
 -8.370635e+00 -2.255573e+00 -1.762547e+01 -1.226421e+01 -1.045065e+01 -1.355362e+01 -1.678030e+01 -1.403615e+01 -5.373085e+00 -1.370277e+01 -1.216930e+01 -1.198673e+01 -3.898385e-01 -1.289228e+01 -7.119436e+00 -9.447347e+00 4.529362e+00 -1.133447e+01 -2.356007e+00 -1.013292e+01
<VARIANCE> 20
 9.117316e+00 1.786451e+00 8.492829e+01 2.223784e+01 3.204443e+01 1.080587e+01 6.659464e+01 3.938586e+01 2.087654e+01 1.180652e+01 5.653224e+01 4.446290e+01 1.564104e+01 1.252271e+01 3.780427e+01 2.678755e+01 2.027024e+01 1.328776e+01 4.333112e+01 3.776309e+01
<GCONST> 9.934155e+01
<STATE> 7
<MEAN> 20
 -7.160645e+00 -2.018341e+00 -1.174333e+01 -1.094526e+01 -8.466249e+00 -1.176701e+01 -1.195858e+01 -1.119438e+01 -3.562179e+00 -1.183267e+01 -7.509463e+00 -9.677383e+00 1.310679e+00 -1.117234e+01 -3.252081e+00 -8.042653e+00 6.333108e+00 -9.896731e+00 1.089817e+00 -8.424895e+00
<VARIANCE> 20
 3.310764e+00 8.541609e-01 3.560207e+01 9.160014e+00 1.107960e+01 4.845029e+00 2.185672e+01 1.438527e+01 8.022481e+00 4.707351e+00 1.834186e+01 1.356168e+01 6.944074e+00 4.222187e+00 1.165640e+01 8.860393e+00 8.162933e+00 3.847546e+00 1.165738e+01 1.350853e+01
<GCONST> 7.898792e+01
<TRANSP> 8
 0.000000e+00 1.000000e+00 0.000000e+00 0.000000e+00 0.000000e+00 0.000000e+00 0.000000e+00 0.000000e+00
 0.000000e+00 2.918182e-01 7.081818e-01 0.000000e+00 0.000000e+00 0.000000e+00 0.000000e+00 0.000000e+00
 0.000000e+00 0.000000e+00 0.000000e+00 1.000000e+00 0.000000e+00 0.000000e+00 0.000000e+00 0.000000e+00
 0.000000e+00 0.000000e+00 0.000000e+00 0.000000e+00 1.000000e+00 0.000000e+00 0.000000e+00 0.000000e+00
 0.000000e+00 0.000000e+00 0.000000e+00 0.000000e+00 4.875000e-01 5.125000e-01 0.000000e+00 0.000000e+00
 0.000000e+00 0.000000e+00 0.000000e+00 0.000000e+00 0.000000e+00 3.935384e-01 6.064616e-01 0.000000e+00
 0.000000e+00 0.000000e+00 0.000000e+00 0.000000e+00 0.000000e+00 0.000000e+00 7.427345e-01 2.572655e-01
 0.000000e+00 0.000000e+00 0.000000e+00 0.000000e+00 0.000000e+00 0.000000e+00 0.000000e+00 0.000000e+00
<ENDHMM>
