~o
<STREAMINFO> 1 20
<VECSIZE> 20<NULLD><USER><DIAGC>
~h "t"
<BEGINHMM>
<NUMSTATES> 8
<STATE> 2
<MEAN> 20
 -8.136951e+00 -2.190847e+00 -1.755445e+01 -1.230853e+01 -1.029853e+01 -1.318728e+01 -1.873760e+01 -1.566269e+01 -5.231735e+00 -1.336955e+01 -1.339527e+01 -1.137678e+01 -3.067934e-01 -1.250287e+01 -7.894057e+00 -8.234181e+00 4.497149e+00 -1.084774e+01 -3.239379e+00 -9.126833e+00
<VARIANCE> 20
 9.882329e+00 1.795434e+00 8.455706e+01 2.384122e+01 3.189532e+01 1.024091e+01 8.355826e+01 4.357889e+01 2.105938e+01 1.199735e+01 7.525250e+01 5.789908e+01 1.826961e+01 1.371782e+01 4.513691e+01 3.954776e+01 2.713388e+01 1.536237e+01 5.258581e+01 4.571533e+01
<GCONST> 1.019717e+02
<STATE> 3
<MEAN> 20
 -7.792743e+00 -1.981017e+00 -1.524473e+01 -1.179446e+01 -9.533114e+00 -1.263584e+01 -1.619604e+01 -1.567688e+01 -4.418167e+00 -1.290725e+01 -1.105822e+01 -1.254171e+01 6.832297e-01 -1.220842e+01 -6.290131e+00 -8.961069e+00 5.807604e+00 -1.073118e+01 -1.430322e+00 -9.916594e+00
<VARIANCE> 20
 5.028781e+00 1.056544e+00 5.233971e+01 1.126203e+01 1.710704e+01 4.376131e+00 4.254586e+01 3.166063e+01 1.084622e+01 4.601956e+00 3.074413e+01 5.194237e+01 8.689623e+00 4.776931e+00 1.896571e+01 2.850477e+01 1.157769e+01 5.242131e+00 2.329293e+01 3.427000e+01
<GCONST> 8.842123e+01
<STATE> 4
<MEAN> 20
 -6.126884e+00 -2.030928e+00 -1.209093e+01 -1.145906e+01 -7.222832e+00 -1.226735e+01 -1.297137e+01 -1.472992e+01 -3.195767e+00 -1.240004e+01 -8.857336e+00 -1.055685e+01 7.283383e-01 -1.157802e+01 -4.904643e+00 -7.490490e+00 4.620098e+00 -1.003319e+01 -1.253219e+00 -8.160886e+00
<VARIANCE> 20
 2.511758e+01 1.443670e+00 1.521103e+02 1.493470e+01 5.451330e+01 6.382783e+00 1.603765e+02 3.267776e+01 2.418991e+01 7.074861e+00 1.015117e+02 3.974403e+01 1.517939e+01 7.910850e+00 3.930890e+01 2.363262e+01 2.894882e+01 8.954518e+00 3.182784e+01 2.998577e+01
<GCONST> 9.997898e+01
<STATE> 5
<MEAN> 20
 -7.323217e+00 -2.080118e+00 -1.471477e+01 -1.160203e+01 -8.761101e+00 -1.230189e+01 -1.585185e+01 -1.482707e+01 -3.947827e+00 -1.241010e+01 -1.086586e+01 -1.044022e+01 7.469047e-01 -1.157081e+01 -5.931530e+00 -7.346390e+00 5.392517e+00 -1.001292e+01 -1.580843e+00 -8.012624e+00
<VARIANCE> 20
 8.529408e+00 1.386691e+00 7.367278e+01 1.406377e+01 2.535455e+01 6.348073e+00 7.497166e+01 3.175235e+01 1.654344e+01 7.179840e+00 6.041317e+01 3.845501e+01 1.498717e+01 8.034874e+00 2.812595e+01 2.194226e+01 2.256453e+01 9.022592e+00 3.103477e+01 2.869411e+01
<GCONST> 9.487936e+01
<STATE> 6
<MEAN> 20
 -7.112257e+00 -2.478756e+00 -1.723880e+01 -1.094086e+01 -9.186625e+00 -1.216404e+01 -1.942966e+01 -1.420844e+01 -5.125794e+00 -1.183316e+01 -1.538828e+01 -9.907475e+00 -1.310571e+00 -1.055163e+01 -8.951667e+00 -6.402144e+00 2.312013e+00 -8.639018e+00 -5.242520e+00 -6.469384e+00
<VARIANCE> 20
 1.133744e+01 2.724410e+00 8.728569e+01 2.111069e+01 3.529606e+01 8.534293e+00 1.149199e+02 4.212033e+01 2.820779e+01 1.095996e+01 1.343093e+02 4.794173e+01 3.270551e+01 1.510053e+01 5.916681e+01 2.969347e+01 5.365454e+01 1.946722e+01 7.167117e+01 3.568725e+01
<GCONST> 1.048752e+02
<STATE> 7
<MEAN> 20
 -7.061249e+00 -2.090418e+00 -1.238243e+01 -1.161928e+01 -7.762666e+00 -1.175304e+01 -1.372961e+01 -1.376645e+01 -2.789776e+00 -1.183412e+01 -8.607104e+00 -8.814059e+00 2.046466e+00 -1.107903e+01 -4.172774e+00 -6.432425e+00 6.878069e+00 -9.656557e+00 1.456970e-01 -7.049397e+00
<VARIANCE> 20
 3.189700e+00 9.518598e-01 3.647445e+01 9.510171e+00 1.140770e+01 4.700604e+00 3.084142e+01 2.109252e+01 8.806104e+00 4.718048e+00 2.563486e+01 1.915563e+01 8.803310e+00 4.435826e+00 1.325754e+01 1.092005e+01 1.194334e+01 4.240305e+00 1.513991e+01 1.353136e+01
<GCONST> 8.198740e+01
<TRANSP> 8
 0.000000e+00 1.000000e+00 0.000000e+00 0.000000e+00 0.000000e+00 0.000000e+00 0.000000e+00 0.000000e+00
 0.000000e+00 3.320611e-01 6.679389e-01 0.000000e+00 0.000000e+00 0.000000e+00 0.000000e+00 0.000000e+00
 0.000000e+00 0.000000e+00 5.315162e-01 4.684838e-01 0.000000e+00 0.000000e+00 0.000000e+00 0.000000e+00
 0.000000e+00 0.000000e+00 0.000000e+00 8.376964e-02 9.162304e-01 0.000000e+00 0.000000e+00 0.000000e+00
 0.000000e+00 0.000000e+00 0.000000e+00 0.000000e+00 0.000000e+00 1.000000e+00 0.000000e+00 0.000000e+00
 0.000000e+00 0.000000e+00 0.000000e+00 0.000000e+00 0.000000e+00 2.956458e-01 7.043542e-01 0.000000e+00
 0.000000e+00 0.000000e+00 0.000000e+00 0.000000e+00 0.000000e+00 0.000000e+00 7.345560e-01 2.654440e-01
 0.000000e+00 0.000000e+00 0.000000e+00 0.000000e+00 0.000000e+00 0.000000e+00 0.000000e+00 0.000000e+00
<ENDHMM>
