~o
<STREAMINFO> 1 20
<VECSIZE> 20<NULLD><USER><DIAGC>
~h "z"
<BEGINHMM>
<NUMSTATES> 8
<STATE> 2
<MEAN> 20
 -8.307038e+00 -2.016928e+00 -1.611820e+01 -1.248587e+01 -1.056970e+01 -1.252677e+01 -1.410827e+01 -1.270353e+01 -5.070919e+00 -1.281581e+01 -8.127067e+00 -8.656692e+00 5.081822e-01 -1.229629e+01 -3.695518e+00 -7.773400e+00 6.299795e+00 -1.109832e+01 6.182862e-01 -9.864852e+00
<VARIANCE> 20
 2.539183e+00 1.535024e+00 2.736275e+01 1.234635e+01 1.042869e+01 6.568761e+00 3.093318e+01 2.183362e+01 9.349739e+00 6.039279e+00 8.333476e+00 2.402615e+01 8.453219e+00 5.096581e+00 5.662153e+00 2.399331e+01 7.784470e+00 4.413562e+00 1.014554e+01 3.720634e+01
<GCONST> 8.216071e+01
<STATE> 3
<MEAN> 20
 -8.079036e+00 -1.752561e+00 -1.347672e+01 -1.132397e+01 -1.113878e+01 -1.269047e+01 -1.456137e+01 -1.608565e+01 -5.658380e+00 -1.319630e+01 -9.389256e+00 -1.224044e+01 -1.957742e-01 -1.277013e+01 -4.893801e+00 -1.163739e+01 5.467696e+00 -1.157247e+01 -2.069776e-01 -1.314257e+01
<VARIANCE> 20
 1.731159e+00 9.127597e-01 3.709341e+01 6.517857e+00 1.263873e+01 3.641283e+00 3.547576e+01 4.320031e+01 1.021376e+01 3.875372e+00 1.116388e+01 6.061179e+01 8.609424e+00 3.757239e+00 9.013993e+00 6.182957e+01 7.330075e+00 3.701332e+00 1.117860e+01 4.886849e+01
<GCONST> 8.346590e+01
<STATE> 4
<MEAN> 20
 -7.818449e+00 -1.606652e+00 -1.488207e+01 -1.135498e+01 -1.064405e+01 -1.189356e+01 -1.423869e+01 -1.361909e+01 -5.111023e+00 -1.241101e+01 -8.084306e+00 -7.241741e+00 3.991906e-01 -1.207837e+01 -3.792178e+00 -6.570084e+00 6.040345e+00 -1.109406e+01 -1.181501e-01 -9.861313e+00
<VARIANCE> 20
 2.810836e+00 6.887720e-01 4.059892e+01 6.437488e+00 1.652309e+01 3.642241e+00 5.931075e+01 2.818235e+01 1.527410e+01 4.019534e+00 1.111948e+01 8.754962e+00 1.362046e+01 4.282802e+00 8.765132e+00 1.042966e+01 1.230643e+01 5.178720e+00 1.607343e+01 4.229834e+01
<GCONST> 8.245676e+01
<STATE> 5
<MEAN> 20
 -8.511074e+00 -1.390760e+00 -1.869184e+01 -1.107948e+01 -1.326493e+01 -1.171366e+01 -1.984987e+01 -1.402304e+01 -7.956925e+00 -1.253282e+01 -1.015142e+01 -6.949927e+00 -2.442488e+00 -1.256687e+01 -5.851584e+00 -6.530168e+00 3.381614e+00 -1.195750e+01 -3.026227e+00 -1.217322e+01
<VARIANCE> 20
 2.429366e+00 1.179553e+00 3.702312e+01 9.165343e+00 1.710869e+01 4.984602e+00 9.386986e+01 2.287134e+01 1.728463e+01 3.878229e+00 1.039239e+01 8.429031e+00 1.622018e+01 3.370734e+00 9.768074e+00 8.001217e+00 1.396236e+01 4.016399e+00 2.360334e+01 6.973940e+01
<GCONST> 8.422597e+01
<STATE> 6
<MEAN> 20
 -7.811557e+00 -1.737274e+00 -1.528950e+01 -1.153194e+01 -1.035717e+01 -1.262753e+01 -1.660951e+01 -1.751571e+01 -4.362276e+00 -1.315441e+01 -8.435472e+00 -6.599772e+00 1.523564e+00 -1.254622e+01 -3.754914e+00 -5.563046e+00 7.414607e+00 -1.110807e+01 6.148993e-01 -6.882427e+00
<VARIANCE> 20
 1.441465e+00 5.238481e-01 1.933933e+01 6.249493e+00 6.610622e+00 2.381517e+00 2.422544e+01 2.102126e+01 5.344554e+00 2.639465e+00 4.531175e+00 5.098405e+00 4.744815e+00 2.535316e+00 3.170002e+00 5.831734e+00 4.492139e+00 2.505969e+00 4.155488e+00 2.175788e+01
<GCONST> 6.837704e+01
<STATE> 7
<MEAN> 20
 -6.785221e+00 -1.554116e+00 -1.106817e+01 -9.776394e+00 -8.577948e+00 -1.177574e+01 -1.190694e+01 -1.666620e+01 -2.640218e+00 -1.217792e+01 -6.104521e+00 -6.321486e+00 2.892082e+00 -1.139328e+01 -1.933733e+00 -5.309193e+00 8.226238e+00 -9.819352e+00 2.463217e+00 -6.599226e+00
<VARIANCE> 20
 1.804610e+00 3.237238e-01 1.727103e+01 4.875895e+00 7.042808e+00 4.888654e+00 1.931358e+01 2.253173e+01 4.805153e+00 5.689254e+00 5.428256e+00 3.953511e+00 4.440362e+00 4.802751e+00 3.613316e+00 4.605189e+00 5.231656e+00 3.745074e+00 4.283591e+00 1.632788e+01
<GCONST> 6.973707e+01
<TRANSP> 8
 0.000000e+00 1.000000e+00 0.000000e+00 0.000000e+00 0.000000e+00 0.000000e+00 0.000000e+00 0.000000e+00
 0.000000e+00 2.400000e-01 7.600000e-01 0.000000e+00 0.000000e+00 0.000000e+00 0.000000e+00 0.000000e+00
 0.000000e+00 0.000000e+00 3.448276e-01 6.551724e-01 0.000000e+00 0.000000e+00 0.000000e+00 0.000000e+00
 0.000000e+00 0.000000e+00 0.000000e+00 0.000000e+00 1.000000e+00 0.000000e+00 0.000000e+00 0.000000e+00
 0.000000e+00 0.000000e+00 0.000000e+00 0.000000e+00 4.864865e-01 5.135135e-01 0.000000e+00 0.000000e+00
 0.000000e+00 0.000000e+00 0.000000e+00 0.000000e+00 0.000000e+00 5.000000e-01 5.000000e-01 0.000000e+00
 0.000000e+00 0.000000e+00 0.000000e+00 0.000000e+00 0.000000e+00 0.000000e+00 6.779661e-01 3.220339e-01
 0.000000e+00 0.000000e+00 0.000000e+00 0.000000e+00 0.000000e+00 0.000000e+00 0.000000e+00 0.000000e+00
<ENDHMM>
