~o
<STREAMINFO> 1 20
<VECSIZE> 20<NULLD><USER><DIAGC>
~h "_"
<BEGINHMM>
<NUMSTATES> 3
<STATE> 2
<MEAN> 20
 -7.250477e+00 -2.093256e+00 -1.455682e+01 -1.091855e+01 -8.660283e+00 -1.228448e+01 -1.486551e+01 -1.432059e+01 -4.033759e+00 -1.235105e+01 -1.086904e+01 -1.222446e+01 4.984311e-01 -1.150325e+01 -6.147216e+00 -9.130585e+00 4.985547e+00 -9.933459e+00 -1.487949e+00 -9.491297e+00
<VARIANCE> 20
 8.972689e+00 1.581571e+00 8.203154e+01 1.390724e+01 2.579029e+01 6.361438e+00 7.217560e+01 3.712751e+01 1.645022e+01 7.110722e+00 6.240910e+01 4.766316e+01 1.490115e+01 8.118454e+00 3.571152e+01 3.049714e+01 2.365414e+01 9.297312e+00 4.484208e+01 3.511308e+01
<GCONST> 9.674685e+01
<TRANSP> 3
 0.000000e+00 1.000000e+00 0.000000e+00
 0.000000e+00 9.077644e-01 9.223563e-02
 0.000000e+00 0.000000e+00 0.000000e+00
<ENDHMM>
