~o
<STREAMINFO> 1 20
<VECSIZE> 20<NULLD><USER><DIAGC>
~h "d"
<BEGINHMM>
<NUMSTATES> 8
<STATE> 2
<MEAN> 20
 -7.875501e+00 -1.903643e+00 -1.668078e+01 -1.093836e+01 -9.975751e+00 -1.293026e+01 -1.647315e+01 -1.699763e+01 -4.982794e+00 -1.310521e+01 -1.300242e+01 -1.332525e+01 -6.738891e-02 -1.224988e+01 -8.126354e+00 -1.001882e+01 4.787220e+00 -1.056198e+01 -2.970786e+00 -1.024685e+01
<VARIANCE> 20
 7.284486e+00 1.538251e+00 6.519543e+01 1.473088e+01 2.569452e+01 6.751745e+00 5.695859e+01 5.544696e+01 1.645775e+01 7.323593e+00 5.409592e+01 5.362703e+01 1.301025e+01 7.769919e+00 4.061493e+01 3.491499e+01 1.844369e+01 8.261251e+00 4.486960e+01 3.967510e+01
<GCONST> 9.640364e+01
<STATE> 3
<MEAN> 20
 -6.865067e+00 -1.695634e+00 -1.234044e+01 -9.567708e+00 -8.161202e+00 -1.137084e+01 -1.221763e+01 -1.490724e+01 -3.422923e+00 -1.144187e+01 -8.789054e+00 -1.133908e+01 1.265863e+00 -1.072977e+01 -4.780026e+00 -8.914386e+00 6.006077e+00 -9.345349e+00 -1.538929e-01 -9.257737e+00
<VARIANCE> 20
 3.214123e+00 8.670244e-01 3.789997e+01 1.034393e+01 8.451371e+00 4.176021e+00 2.137076e+01 3.597147e+01 5.740407e+00 3.914567e+00 1.937821e+01 2.338553e+01 5.287708e+00 3.463760e+00 1.537733e+01 1.454211e+01 7.222865e+00 3.268977e+00 1.619798e+01 1.859831e+01
<GCONST> 8.037807e+01
<STATE> 4
<MEAN> 20
 -7.075239e+00 -1.801217e+00 -1.416549e+01 -1.002837e+01 -8.503127e+00 -1.216937e+01 -1.385760e+01 -1.678167e+01 -3.847976e+00 -1.222170e+01 -1.101790e+01 -1.222337e+01 6.913435e-01 -1.137762e+01 -6.878952e+00 -9.465078e+00 5.170031e+00 -9.781353e+00 -2.340261e+00 -9.588836e+00
<VARIANCE> 20
 7.888295e+00 1.166384e+00 6.569386e+01 1.211874e+01 2.227507e+01 5.640166e+00 5.555384e+01 4.730943e+01 1.357757e+01 5.757529e+00 4.975594e+01 3.402745e+01 1.085540e+01 5.680728e+00 3.810797e+01 2.117827e+01 1.572809e+01 5.775213e+00 3.569804e+01 2.649804e+01
<GCONST> 9.233359e+01
<STATE> 5
<MEAN> 20
 -7.070627e+00 -1.822740e+00 -1.433806e+01 -1.001724e+01 -8.415801e+00 -1.219540e+01 -1.390559e+01 -1.707693e+01 -3.776960e+00 -1.224325e+01 -1.121961e+01 -1.238183e+01 7.212752e-01 -1.137936e+01 -7.100980e+00 -9.562284e+00 5.122303e+00 -9.755780e+00 -2.541148e+00 -9.610935e+00
<VARIANCE> 20
 7.907526e+00 1.181110e+00 6.552588e+01 1.227100e+01 2.264126e+01 5.735454e+00 5.782277e+01 4.910099e+01 1.368822e+01 5.885674e+00 4.980420e+01 3.681978e+01 1.057206e+01 5.811069e+00 3.869448e+01 2.282782e+01 1.511659e+01 5.893202e+00 3.690527e+01 2.713261e+01
<GCONST> 9.270271e+01
<STATE> 6
<MEAN> 20
 -6.138085e+00 -1.903771e+00 -1.372043e+01 -9.407738e+00 -7.698088e+00 -1.196304e+01 -1.375821e+01 -1.629335e+01 -3.849016e+00 -1.185838e+01 -1.137727e+01 -1.143671e+01 -1.879884e-01 -1.078941e+01 -7.235730e+00 -8.481346e+00 3.320026e+00 -8.979904e+00 -3.370049e+00 -8.392461e+00
<VARIANCE> 20
 2.313180e+01 2.133617e+00 1.554421e+02 2.225878e+01 6.245885e+01 9.896663e+00 1.719081e+02 7.079717e+01 3.657345e+01 1.097902e+01 1.470018e+02 6.213008e+01 2.682570e+01 1.264896e+01 8.390714e+01 4.120593e+01 3.676589e+01 1.444254e+01 6.619396e+01 4.513586e+01
<GCONST> 1.080063e+02
<STATE> 7
<MEAN> 20
 -7.900920e+00 -2.308403e+00 -1.697394e+01 -1.092768e+01 -8.115724e+00 -1.316300e+01 -1.521401e+01 -2.028238e+01 -3.671119e+00 -1.313312e+01 -1.471438e+01 -1.441708e+01 3.621148e-01 -1.212577e+01 -1.115990e+01 -1.129690e+01 4.036665e+00 -1.030241e+01 -6.761872e+00 -1.109086e+01
<VARIANCE> 20
 5.467359e+00 1.509512e+00 5.506068e+01 1.029801e+01 2.003450e+01 5.065217e+00 4.365443e+01 4.487550e+01 1.255972e+01 4.927205e+00 4.897586e+01 4.157747e+01 8.824096e+00 4.735070e+00 5.139771e+01 2.346028e+01 1.498281e+01 4.824391e+00 5.895396e+01 2.393945e+01
<GCONST> 9.151298e+01
<TRANSP> 8
 0.000000e+00 1.000000e+00 0.000000e+00 0.000000e+00 0.000000e+00 0.000000e+00 0.000000e+00 0.000000e+00
 0.000000e+00 4.084478e-01 5.915522e-01 0.000000e+00 0.000000e+00 0.000000e+00 0.000000e+00 0.000000e+00
 0.000000e+00 0.000000e+00 7.221038e-01 2.778962e-01 0.000000e+00 0.000000e+00 0.000000e+00 0.000000e+00
 0.000000e+00 0.000000e+00 0.000000e+00 0.000000e+00 1.000000e+00 0.000000e+00 0.000000e+00 0.000000e+00
 0.000000e+00 0.000000e+00 0.000000e+00 0.000000e+00 0.000000e+00 1.000000e+00 0.000000e+00 0.000000e+00
 0.000000e+00 0.000000e+00 0.000000e+00 0.000000e+00 0.000000e+00 2.259591e-01 7.740409e-01 0.000000e+00
 0.000000e+00 0.000000e+00 0.000000e+00 0.000000e+00 0.000000e+00 0.000000e+00 5.376419e-01 4.623582e-01
 0.000000e+00 0.000000e+00 0.000000e+00 0.000000e+00 0.000000e+00 0.000000e+00 0.000000e+00 0.000000e+00
<ENDHMM>
