~o
<STREAMINFO> 1 20
<VECSIZE> 20<NULLD><USER><DIAGC>
~h "f"
<BEGINHMM>
<NUMSTATES> 8
<STATE> 2
<MEAN> 20
 -6.875596e+00 -2.008259e+00 -1.659029e+01 -1.040920e+01 -8.239522e+00 -1.226486e+01 -1.592324e+01 -1.378942e+01 -4.382042e+00 -1.261864e+01 -1.258232e+01 -1.473269e+01 -5.688372e-01 -1.194706e+01 -7.920756e+00 -1.303898e+01 3.165820e+00 -1.040381e+01 -1.874585e+00 -1.320322e+01
<VARIANCE> 20
 2.083406e+01 1.902919e+00 1.654771e+02 1.927886e+01 4.776480e+01 6.568655e+00 1.287020e+02 3.560371e+01 2.470593e+01 6.714551e+00 1.045365e+02 6.963264e+01 1.755972e+01 7.479155e+00 8.500645e+01 6.933092e+01 3.204309e+01 8.588489e+00 1.139884e+02 5.480249e+01
<GCONST> 1.046047e+02
<STATE> 3
<MEAN> 20
 -7.508500e+00 -1.901006e+00 -1.707816e+01 -1.056113e+01 -8.885007e+00 -1.221532e+01 -1.551502e+01 -1.412411e+01 -4.134488e+00 -1.278986e+01 -1.129503e+01 -1.663102e+01 7.006377e-01 -1.228108e+01 -5.517952e+00 -1.524935e+01 5.583325e+00 -1.081802e+01 2.060776e+00 -1.476395e+01
<VARIANCE> 20
 7.459974e+00 9.929007e-01 7.744585e+01 1.213707e+01 2.064572e+01 5.490945e+00 5.301459e+01 2.922618e+01 1.163673e+01 5.913211e+00 4.380042e+01 6.674770e+01 7.914774e+00 5.756765e+00 4.181933e+01 6.955161e+01 1.175965e+01 5.309655e+00 7.193095e+01 4.520158e+01
<GCONST> 9.390955e+01
<STATE> 4
<MEAN> 20
 -7.438073e+00 -1.876111e+00 -1.702885e+01 -1.048495e+01 -8.847146e+00 -1.215618e+01 -1.549107e+01 -1.407015e+01 -4.107346e+00 -1.276777e+01 -1.131829e+01 -1.710884e+01 7.458020e-01 -1.227917e+01 -5.386950e+00 -1.569529e+01 5.666216e+00 -1.081545e+01 2.372337e+00 -1.505166e+01
<VARIANCE> 20
 7.348228e+00 1.040790e+00 7.283208e+01 1.189558e+01 1.949183e+01 5.716751e+00 5.325907e+01 2.848844e+01 1.063316e+01 5.933375e+00 4.272453e+01 6.518114e+01 7.143913e+00 5.608116e+00 3.954566e+01 6.751998e+01 1.083329e+01 4.941729e+00 6.730573e+01 4.336191e+01
<GCONST> 9.321040e+01
<STATE> 5
<MEAN> 20
 -8.201727e+00 -2.092165e+00 -1.875943e+01 -1.215007e+01 -9.931792e+00 -1.343833e+01 -1.692463e+01 -1.555004e+01 -4.554844e+00 -1.416499e+01 -1.194953e+01 -1.931092e+01 9.345303e-01 -1.359389e+01 -5.148262e+00 -1.722669e+01 6.483647e+00 -1.190797e+01 3.506543e+00 -1.612512e+01
<VARIANCE> 20
 5.763554e+00 1.284043e+00 5.868002e+01 1.658560e+01 1.828167e+01 8.698960e+00 4.309257e+01 4.603063e+01 1.144757e+01 9.752882e+00 3.702594e+01 1.035160e+02 8.913033e+00 9.475698e+00 3.584242e+01 1.077359e+02 1.159247e+01 8.187662e+00 6.864248e+01 6.451093e+01
<GCONST> 9.691198e+01
<STATE> 6
<MEAN> 20
 -6.878024e+00 -1.735770e+00 -1.430157e+01 -9.716048e+00 -8.198151e+00 -1.114455e+01 -1.339348e+01 -1.269184e+01 -3.556858e+00 -1.164157e+01 -9.150077e+00 -1.475579e+01 1.176039e+00 -1.119835e+01 -3.845732e+00 -1.350686e+01 6.003570e+00 -9.903025e+00 3.253128e+00 -1.337679e+01
<VARIANCE> 20
 3.428868e+00 8.678575e-01 4.065195e+01 1.067529e+01 9.958844e+00 5.213253e+00 2.590075e+01 2.217074e+01 6.447297e+00 4.958033e+00 2.188124e+01 4.838330e+01 5.270255e+00 4.361064e+00 2.009770e+01 5.110306e+01 6.774455e+00 3.650860e+00 4.062790e+01 3.388367e+01
<GCONST> 8.515794e+01
<STATE> 7
<MEAN> 20
 -7.683896e+00 -2.056984e+00 -1.813455e+01 -1.056645e+01 -9.262679e+00 -1.229598e+01 -1.742811e+01 -1.395152e+01 -4.711033e+00 -1.305054e+01 -1.366168e+01 -1.953096e+01 1.394352e-01 -1.266449e+01 -7.121374e+00 -1.882400e+01 5.209661e+00 -1.123560e+01 1.492904e+00 -1.748364e+01
<VARIANCE> 20
 2.954821e+00 6.420215e-01 3.444922e+01 6.096585e+00 1.101900e+01 3.138869e+00 2.523199e+01 2.007334e+01 6.783390e+00 3.159506e+00 2.413830e+01 4.210220e+01 4.847968e+00 3.018789e+00 2.429696e+01 4.857047e+01 6.407544e+00 2.853831e+00 4.832301e+01 2.870974e+01
<GCONST> 8.240292e+01
<TRANSP> 8
 0.000000e+00 1.000000e+00 0.000000e+00 0.000000e+00 0.000000e+00 0.000000e+00 0.000000e+00 0.000000e+00
 0.000000e+00 3.191553e-01 6.808447e-01 0.000000e+00 0.000000e+00 0.000000e+00 0.000000e+00 0.000000e+00
 0.000000e+00 0.000000e+00 0.000000e+00 1.000000e+00 0.000000e+00 0.000000e+00 0.000000e+00 0.000000e+00
 0.000000e+00 0.000000e+00 0.000000e+00 0.000000e+00 1.000000e+00 0.000000e+00 0.000000e+00 0.000000e+00
 0.000000e+00 0.000000e+00 0.000000e+00 0.000000e+00 4.096284e-01 5.903717e-01 0.000000e+00 0.000000e+00
 0.000000e+00 0.000000e+00 0.000000e+00 0.000000e+00 0.000000e+00 6.244273e-01 3.755727e-01 0.000000e+00
 0.000000e+00 0.000000e+00 0.000000e+00 0.000000e+00 0.000000e+00 0.000000e+00 6.585689e-01 3.414312e-01
 0.000000e+00 0.000000e+00 0.000000e+00 0.000000e+00 0.000000e+00 0.000000e+00 0.000000e+00 0.000000e+00
<ENDHMM>
