~o
<STREAMINFO> 1 20
<VECSIZE> 20<NULLD><USER><DIAGC>
~h "g"
<BEGINHMM>
<NUMSTATES> 8
<STATE> 2
<MEAN> 20
 -7.714902e+00 -2.594014e+00 -1.951449e+01 -1.225976e+01 -1.031780e+01 -1.280554e+01 -2.126174e+01 -1.407318e+01 -6.104803e+00 -1.252066e+01 -1.596593e+01 -1.130095e+01 -2.024935e+00 -1.132095e+01 -1.045529e+01 -7.097688e+00 1.865304e+00 -9.497062e+00 -6.002448e+00 -9.351274e+00
<VARIANCE> 20
 1.150886e+01 2.892220e+00 8.788392e+01 2.201135e+01 4.073900e+01 9.079153e+00 1.028433e+02 4.189947e+01 2.913953e+01 1.327584e+01 7.473036e+01 5.407560e+01 2.875025e+01 2.028266e+01 4.468046e+01 2.591112e+01 4.690181e+01 2.782597e+01 6.590768e+01 7.382960e+01
<GCONST> 1.054609e+02
<STATE> 3
<MEAN> 20
 -7.331657e+00 -2.267214e+00 -1.422460e+01 -1.157255e+01 -7.993065e+00 -1.216951e+01 -1.521073e+01 -1.388852e+01 -3.258268e+00 -1.220973e+01 -1.103448e+01 -1.169613e+01 1.436260e+00 -1.138772e+01 -6.423025e+00 -7.089922e+00 6.033434e+00 -9.877115e+00 -2.043536e+00 -8.842021e+00
<VARIANCE> 20
 3.514197e+00 1.258565e+00 4.997301e+01 8.763921e+00 1.622927e+01 4.485462e+00 4.114699e+01 3.052497e+01 1.308011e+01 4.995835e+00 2.619177e+01 3.809512e+01 1.228786e+01 5.899910e+00 1.557058e+01 1.114070e+01 1.589319e+01 7.137120e+00 2.092840e+01 2.901370e+01
<GCONST> 8.741466e+01
<STATE> 4
<MEAN> 20
 -6.859234e+00 -2.795896e+00 -1.704929e+01 -1.199091e+01 -7.292946e+00 -1.254983e+01 -1.850232e+01 -1.414224e+01 -3.245961e+00 -1.206092e+01 -1.286910e+01 -1.032265e+01 4.181340e-01 -1.061771e+01 -8.304415e+00 -6.225427e+00 3.709513e+00 -8.557141e+00 -4.956067e+00 -6.912611e+00
<VARIANCE> 20
 1.018441e+01 2.416659e+00 8.455112e+01 1.501348e+01 3.719082e+01 7.221582e+00 1.134456e+02 3.041972e+01 3.011048e+01 1.010353e+01 6.144357e+01 3.896533e+01 3.138453e+01 1.464035e+01 3.767271e+01 1.561549e+01 4.595299e+01 1.932821e+01 4.587634e+01 3.675122e+01
<GCONST> 1.010718e+02
<STATE> 5
<MEAN> 20
 -6.724170e+00 -2.974332e+00 -1.751344e+01 -1.218923e+01 -7.037295e+00 -1.258704e+01 -1.941024e+01 -1.446331e+01 -3.208694e+00 -1.191771e+01 -1.303068e+01 -1.015410e+01 1.264908e-01 -1.030093e+01 -8.522389e+00 -6.148435e+00 3.035135e+00 -8.119238e+00 -5.528446e+00 -6.515839e+00
<VARIANCE> 20
 1.023160e+01 2.770667e+00 9.050612e+01 1.682102e+01 3.904029e+01 7.382169e+00 1.246108e+02 2.896685e+01 3.190118e+01 1.039847e+01 6.673786e+01 3.922884e+01 3.346659e+01 1.548385e+01 3.992182e+01 1.620511e+01 5.011679e+01 2.093287e+01 5.051423e+01 3.468239e+01
<GCONST> 1.021064e+02
<STATE> 6
<MEAN> 20
 -5.558005e+00 -3.485527e+00 -1.860427e+01 -1.221213e+01 -7.727816e+00 -1.212720e+01 -2.276085e+01 -1.356776e+01 -5.222389e+00 -1.073860e+01 -1.494771e+01 -8.796469e+00 -3.138079e+00 -8.493190e+00 -1.073998e+01 -5.039962e+00 -1.403388e+00 -5.861634e+00 -8.628735e+00 -4.571620e+00
<VARIANCE> 20
 1.913518e+01 3.878772e+00 1.738673e+02 2.845824e+01 6.643520e+01 9.844931e+00 2.891082e+02 3.518385e+01 5.986213e+01 1.576175e+01 1.602035e+02 4.210598e+01 6.803233e+01 2.534582e+01 8.646665e+01 2.104414e+01 9.461234e+01 3.495352e+01 9.181385e+01 3.893454e+01
<GCONST> 1.121926e+02
<STATE> 7
<MEAN> 20
 -4.939187e+00 -3.815863e+00 -1.772587e+01 -1.325758e+01 -4.547611e+00 -1.205832e+01 -2.135195e+01 -1.429096e+01 -2.333254e+00 -1.035853e+01 -1.267491e+01 -8.680313e+00 -1.087921e+00 -7.922808e+00 -9.734437e+00 -5.336191e+00 -4.634224e-01 -5.241149e+00 -8.051695e+00 -4.442771e+00
<VARIANCE> 20
 1.051423e+01 2.978425e+00 6.515276e+01 1.978618e+01 3.150641e+01 6.691888e+00 9.272279e+01 2.190095e+01 2.453741e+01 1.010952e+01 4.460882e+01 2.524008e+01 2.892601e+01 1.578621e+01 2.872393e+01 1.194150e+01 5.171984e+01 2.126694e+01 4.329573e+01 2.405016e+01
<GCONST> 9.878347e+01
<TRANSP> 8
 0.000000e+00 1.000000e+00 0.000000e+00 0.000000e+00 0.000000e+00 0.000000e+00 0.000000e+00 0.000000e+00
 0.000000e+00 4.279276e-01 5.720724e-01 0.000000e+00 0.000000e+00 0.000000e+00 0.000000e+00 0.000000e+00
 0.000000e+00 0.000000e+00 7.376291e-01 2.623709e-01 0.000000e+00 0.000000e+00 0.000000e+00 0.000000e+00
 0.000000e+00 0.000000e+00 0.000000e+00 2.179835e-03 9.978201e-01 0.000000e+00 0.000000e+00 0.000000e+00
 0.000000e+00 0.000000e+00 0.000000e+00 0.000000e+00 0.000000e+00 1.000000e+00 0.000000e+00 0.000000e+00
 0.000000e+00 0.000000e+00 0.000000e+00 0.000000e+00 0.000000e+00 3.000974e-01 6.999026e-01 0.000000e+00
 0.000000e+00 0.000000e+00 0.000000e+00 0.000000e+00 0.000000e+00 0.000000e+00 4.664749e-01 5.335251e-01
 0.000000e+00 0.000000e+00 0.000000e+00 0.000000e+00 0.000000e+00 0.000000e+00 0.000000e+00 0.000000e+00
<ENDHMM>
