~o
<STREAMINFO> 1 20
<VECSIZE> 20<NULLD><USER><DIAGC>
~h "j"
<BEGINHMM>
<NUMSTATES> 8
<STATE> 2
<MEAN> 20
 -7.888370e+00 -1.278254e+00 -1.714299e+01 -9.325602e+00 -1.252308e+01 -1.169341e+01 -1.723699e+01 -1.469013e+01 -7.639020e+00 -1.225169e+01 -1.309396e+01 -1.464271e+01 -2.459480e+00 -1.185042e+01 -8.611706e+00 -1.176135e+01 2.996830e+00 -1.064615e+01 -2.590936e+00 -1.531337e+01
<VARIANCE> 20
 5.172211e+00 1.423715e+00 5.380303e+01 1.107228e+01 1.420518e+01 3.372016e+00 2.375908e+01 6.884966e+01 1.352770e+01 3.786691e+00 2.515591e+01 9.319476e+01 1.794544e+01 4.905975e+00 3.367663e+01 6.691177e+01 2.701896e+01 7.321978e+00 8.793246e+01 5.882273e+01
<GCONST> 9.414542e+01
<STATE> 3
<MEAN> 20
 -6.955797e+00 -2.204386e+00 -2.062473e+01 -9.906369e+00 -1.124281e+01 -1.176153e+01 -1.955977e+01 -1.096607e+01 -7.506193e+00 -1.156939e+01 -1.575448e+01 -9.286410e+00 -3.860215e+00 -1.048209e+01 -1.255913e+01 -7.269786e+00 -3.403156e-01 -8.766975e+00 -9.914068e+00 -1.174578e+01
<VARIANCE> 20
 1.174998e+01 4.229527e+00 5.443839e+01 2.207703e+01 2.833828e+01 6.361681e+00 5.541047e+01 3.740922e+01 1.919264e+01 6.869646e+00 6.166377e+01 4.637671e+01 2.708945e+01 1.230632e+01 7.481677e+01 2.820617e+01 5.558182e+01 2.160863e+01 2.219616e+02 8.791745e+01
<GCONST> 1.038601e+02
<STATE> 4
<MEAN> 20
 -7.008471e+00 -1.509400e+00 -1.668598e+01 -8.741428e+00 -8.648146e+00 -1.101417e+01 -1.344998e+01 -9.725468e+00 -3.806756e+00 -1.114470e+01 -9.747284e+00 -7.712924e+00 9.941779e-01 -1.046118e+01 -5.907688e+00 -6.444262e+00 5.641647e+00 -9.139103e+00 2.045473e-01 -1.081315e+01
<VARIANCE> 20
 2.150698e+00 7.555267e-01 2.739781e+01 1.305077e+01 1.348625e+01 3.198000e+00 1.652865e+01 2.328768e+01 1.067706e+01 3.412482e+00 1.518983e+01 2.662708e+01 8.542054e+00 4.166131e+00 1.752675e+01 1.551447e+01 8.280606e+00 5.638529e+00 4.110757e+01 4.895077e+01
<GCONST> 8.306566e+01
<STATE> 5
<MEAN> 20
 -6.325634e+00 -2.553806e+00 -1.965260e+01 -1.017552e+01 -9.534359e+00 -1.175174e+01 -1.780797e+01 -1.039961e+01 -6.465387e+00 -1.099144e+01 -1.518220e+01 -8.942930e+00 -3.654607e+00 -9.445772e+00 -1.263737e+01 -6.392797e+00 -1.043263e+00 -7.429196e+00 -1.269293e+01 -9.395218e+00
<VARIANCE> 20
 1.121388e+01 4.996680e+00 5.618763e+01 2.620079e+01 2.735599e+01 1.018616e+01 4.661155e+01 3.731296e+01 2.765981e+01 1.062983e+01 3.687288e+01 4.387917e+01 4.915696e+01 1.584744e+01 5.375168e+01 2.473966e+01 8.977775e+01 2.215213e+01 2.936671e+02 5.463668e+01
<GCONST> 1.053709e+02
<STATE> 6
<MEAN> 20
 -7.466654e+00 -2.044830e+00 -1.468492e+01 -1.035400e+01 -8.393000e+00 -1.233932e+01 -1.498623e+01 -1.377178e+01 -3.708389e+00 -1.239221e+01 -1.162691e+01 -1.281686e+01 7.576013e-01 -1.139140e+01 -7.773756e+00 -8.702068e+00 5.011153e+00 -9.593496e+00 -3.626647e+00 -9.766565e+00
<VARIANCE> 20
 2.837636e+00 1.900862e+00 4.586770e+01 1.097986e+01 2.004490e+01 3.320422e+00 2.749439e+01 3.611673e+01 1.585680e+01 2.825387e+00 2.937004e+01 5.102781e+01 1.352496e+01 3.028433e+00 3.678242e+01 1.680523e+01 1.791392e+01 4.195904e+00 6.533482e+01 2.990314e+01
<GCONST> 8.891451e+01
<STATE> 7
<MEAN> 20
 -8.424608e+00 -1.810825e+00 -1.908965e+01 -1.091673e+01 -1.031180e+01 -1.302361e+01 -1.810997e+01 -1.453996e+01 -5.338146e+00 -1.305008e+01 -1.544512e+01 -1.294678e+01 -7.493282e-01 -1.199915e+01 -1.092070e+01 -8.481858e+00 3.492157e+00 -1.016923e+01 -6.678232e+00 -1.120782e+01
<VARIANCE> 20
 5.089307e+00 2.541085e+00 4.767992e+01 1.110745e+01 2.731702e+01 6.299924e+00 3.563948e+01 6.884685e+01 2.092205e+01 6.556749e+00 4.539808e+01 6.620293e+01 1.440083e+01 7.954359e+00 3.956973e+01 2.458866e+01 1.509409e+01 1.084544e+01 6.268587e+01 5.749684e+01
<GCONST> 9.638154e+01
<TRANSP> 8
 0.000000e+00 1.000000e+00 0.000000e+00 0.000000e+00 0.000000e+00 0.000000e+00 0.000000e+00 0.000000e+00
 0.000000e+00 4.685004e-01 5.314996e-01 0.000000e+00 0.000000e+00 0.000000e+00 0.000000e+00 0.000000e+00
 0.000000e+00 0.000000e+00 2.802063e-01 7.197937e-01 0.000000e+00 0.000000e+00 0.000000e+00 0.000000e+00
 0.000000e+00 0.000000e+00 0.000000e+00 6.043960e-01 3.956040e-01 0.000000e+00 0.000000e+00 0.000000e+00
 0.000000e+00 0.000000e+00 0.000000e+00 0.000000e+00 2.834914e-01 7.165086e-01 0.000000e+00 0.000000e+00
 0.000000e+00 0.000000e+00 0.000000e+00 0.000000e+00 0.000000e+00 4.754042e-01 5.245958e-01 0.000000e+00
 0.000000e+00 0.000000e+00 0.000000e+00 0.000000e+00 0.000000e+00 0.000000e+00 3.307320e-01 6.692681e-01
 0.000000e+00 0.000000e+00 0.000000e+00 0.000000e+00 0.000000e+00 0.000000e+00 0.000000e+00 0.000000e+00
<ENDHMM>
