~o
<STREAMINFO> 1 20
<VECSIZE> 20<NULLD><USER><DIAGC>
~h "q"
<BEGINHMM>
<NUMSTATES> 8
<STATE> 2
<MEAN> 20
 -8.152024e+00 -1.726217e+00 -1.792915e+01 -9.134560e+00 -1.135329e+01 -1.216036e+01 -1.788165e+01 -1.439574e+01 -6.238283e+00 -1.247174e+01 -1.208018e+01 -1.300054e+01 -1.012661e+00 -1.180996e+01 -6.904906e+00 -9.361196e+00 4.324516e+00 -1.038410e+01 -2.307854e+00 -9.544868e+00
<VARIANCE> 20
 7.641344e+00 1.217954e+00 7.937321e+01 3.009759e+01 2.599357e+01 1.069164e+01 5.808189e+01 7.112234e+01 1.629021e+01 1.136982e+01 3.020057e+01 8.151633e+01 1.263159e+01 1.166097e+01 1.328133e+01 4.056530e+01 1.591053e+01 1.182513e+01 1.628615e+01 4.012671e+01
<GCONST> 9.675193e+01
<STATE> 3
<MEAN> 20
 -8.423174e+00 -1.504318e+00 -2.321357e+01 -3.686359e+00 -1.498364e+01 -9.325239e+00 -2.491620e+01 -4.376074e+00 -9.780102e+00 -9.122429e+00 -1.563027e+01 -3.010909e+00 -4.428765e+00 -7.788666e+00 -9.729628e+00 -1.412526e+00 7.003061e-01 -5.834050e+00 -5.253649e+00 -1.335325e+00
<VARIANCE> 20
 9.584190e+00 1.485739e+00 1.231372e+02 4.746004e+01 5.169872e+01 1.442021e+01 1.555446e+02 8.884000e+01 4.140692e+01 1.894410e+01 8.542425e+01 6.403038e+01 3.549216e+01 2.496495e+01 4.788729e+01 4.439420e+01 3.844265e+01 3.151509e+01 4.138262e+01 5.286409e+01
<GCONST> 1.087455e+02
<STATE> 4
<MEAN> 20
 -8.374054e+00 -3.933895e-01 -2.258683e+01 -5.062589e-01 -1.533430e+01 -8.602727e+00 -2.410546e+01 -3.093220e+00 -9.694477e+00 -9.039755e+00 -1.237885e+01 -2.501997e+00 -3.800483e+00 -8.140355e+00 -6.823606e+00 -1.243425e+00 1.800558e+00 -6.540528e+00 -2.313970e+00 -1.599396e+00
<VARIANCE> 20
 3.577481e+00 2.181664e+00 6.186675e+01 6.548783e+01 3.229618e+01 1.471442e+01 9.166387e+01 8.917531e+01 3.161052e+01 1.511755e+01 3.421041e+01 4.985626e+01 2.812691e+01 1.634052e+01 2.017188e+01 2.574185e+01 2.668733e+01 1.715862e+01 1.978697e+01 3.228857e+01
<GCONST> 1.008719e+02
<STATE> 5
<MEAN> 20
 -7.766663e+00 -1.230028e+00 -1.984776e+01 -5.203154e+00 -1.226852e+01 -1.014641e+01 -2.010373e+01 -8.958248e+00 -6.952556e+00 -1.041094e+01 -1.328577e+01 -6.763307e+00 -1.567004e+00 -9.501774e+00 -6.969935e+00 -3.347281e+00 3.607450e+00 -7.851215e+00 -2.303395e+00 -3.789541e+00
<VARIANCE> 20
 3.414212e+00 3.119244e+00 7.273072e+01 5.235804e+01 2.398159e+01 1.469227e+01 8.560374e+01 6.781898e+01 2.470116e+01 1.373295e+01 7.739540e+01 5.614286e+01 2.474574e+01 1.426448e+01 3.257131e+01 2.716783e+01 2.646220e+01 1.564214e+01 2.932867e+01 3.888438e+01
<GCONST> 1.018193e+02
<STATE> 6
<MEAN> 20
 -7.124789e+00 -1.696535e+00 -1.979460e+01 -6.135934e+00 -1.186228e+01 -1.048675e+01 -2.186777e+01 -1.001618e+01 -7.155890e+00 -1.030394e+01 -1.643450e+01 -8.155425e+00 -2.580040e+00 -9.068520e+00 -8.553932e+00 -3.633401e+00 1.765126e+00 -7.202525e+00 -4.356682e+00 -3.853620e+00
<VARIANCE> 20
 5.590816e+00 4.536412e+00 6.772927e+01 4.727460e+01 2.447382e+01 1.227019e+01 1.160421e+02 8.634814e+01 2.297484e+01 1.172240e+01 1.771210e+02 7.196561e+01 3.111268e+01 1.539738e+01 5.478191e+01 2.480212e+01 5.411905e+01 2.019799e+01 6.900446e+01 3.657053e+01
<GCONST> 1.062446e+02
<STATE> 7
<MEAN> 20
 -6.538415e+00 -9.688168e-01 -1.427519e+01 -6.182223e+00 -9.967261e+00 -9.616989e+00 -1.426829e+01 -1.015640e+01 -4.947127e+00 -1.003044e+01 -8.893073e+00 -8.363358e+00 6.710574e-02 -9.453257e+00 -4.221927e+00 -3.811368e+00 4.937415e+00 -8.160959e+00 6.696060e-02 -4.873817e+00
<VARIANCE> 20
 3.707916e+00 1.655123e+00 4.477365e+01 3.253851e+01 1.650266e+01 9.026247e+00 5.233847e+01 6.142204e+01 1.281153e+01 8.325002e+00 3.608299e+01 6.279221e+01 1.242007e+01 7.798965e+00 1.725002e+01 1.424607e+01 1.674199e+01 7.562941e+00 1.760154e+01 3.227806e+01
<GCONST> 9.259151e+01
<TRANSP> 8
 0.000000e+00 1.000000e+00 0.000000e+00 0.000000e+00 0.000000e+00 0.000000e+00 0.000000e+00 0.000000e+00
 0.000000e+00 6.625385e-01 3.374616e-01 0.000000e+00 0.000000e+00 0.000000e+00 0.000000e+00 0.000000e+00
 0.000000e+00 0.000000e+00 2.872438e-01 7.127562e-01 0.000000e+00 0.000000e+00 0.000000e+00 0.000000e+00
 0.000000e+00 0.000000e+00 0.000000e+00 3.854007e-01 6.145993e-01 0.000000e+00 0.000000e+00 0.000000e+00
 0.000000e+00 0.000000e+00 0.000000e+00 0.000000e+00 0.000000e+00 1.000000e+00 0.000000e+00 0.000000e+00
 0.000000e+00 0.000000e+00 0.000000e+00 0.000000e+00 0.000000e+00 9.429997e-02 9.057000e-01 0.000000e+00
 0.000000e+00 0.000000e+00 0.000000e+00 0.000000e+00 0.000000e+00 0.000000e+00 6.399640e-01 3.600360e-01
 0.000000e+00 0.000000e+00 0.000000e+00 0.000000e+00 0.000000e+00 0.000000e+00 0.000000e+00 0.000000e+00
<ENDHMM>
