~o
<STREAMINFO> 1 20
<VECSIZE> 20<NULLD><USER><DIAGC>
~h "s"
<BEGINHMM>
<NUMSTATES> 8
<STATE> 2
<MEAN> 20
 -6.422044e+00 -2.164805e+00 -1.431002e+01 -1.038181e+01 -7.937828e+00 -1.197288e+01 -1.467129e+01 -1.270253e+01 -4.065426e+00 -1.186734e+01 -1.098181e+01 -1.034714e+01 -3.455084e-01 -1.084304e+01 -6.441134e+00 -7.647777e+00 3.292164e+00 -9.159393e+00 -2.513689e+00 -8.037673e+00
<VARIANCE> 20
 2.331058e+01 2.122587e+00 1.603496e+02 2.390246e+01 6.479497e+01 1.130275e+01 1.782778e+02 4.560143e+01 3.615914e+01 1.336890e+01 1.358556e+02 5.780861e+01 2.480461e+01 1.636767e+01 6.758223e+01 3.883980e+01 3.555615e+01 1.954181e+01 5.883016e+01 4.979837e+01
<GCONST> 1.080650e+02
<STATE> 3
<MEAN> 20
 -7.402240e+00 -2.022496e+00 -1.422140e+01 -1.116725e+01 -8.894532e+00 -1.232205e+01 -1.400411e+01 -1.308855e+01 -4.054615e+00 -1.243764e+01 -9.771515e+00 -1.135517e+01 7.472832e-01 -1.168808e+01 -5.222581e+00 -8.664488e+00 5.595495e+00 -1.023798e+01 -5.056709e-01 -9.214752e+00
<VARIANCE> 20
 8.365100e+00 1.258510e+00 7.315913e+01 1.449012e+01 2.645197e+01 6.953678e+00 6.170776e+01 3.097449e+01 1.612354e+01 7.508983e+00 4.867047e+01 3.776204e+01 1.130507e+01 7.886729e+00 2.822790e+01 2.118297e+01 1.396783e+01 8.363961e+00 2.831531e+01 2.908530e+01
<GCONST> 9.351883e+01
<STATE> 4
<MEAN> 20
 -7.397778e+00 -2.004968e+00 -1.408225e+01 -1.120981e+01 -8.903503e+00 -1.234593e+01 -1.386692e+01 -1.296859e+01 -4.030952e+00 -1.247584e+01 -9.570943e+00 -1.128426e+01 8.043218e-01 -1.174120e+01 -5.038759e+00 -8.698476e+00 5.685956e+00 -1.030296e+01 -3.576261e-01 -9.245895e+00
<VARIANCE> 20
 8.305940e+00 1.215662e+00 7.240692e+01 1.388083e+01 2.668467e+01 6.885100e+00 5.975181e+01 2.967090e+01 1.616648e+01 7.255955e+00 4.506202e+01 3.638315e+01 1.098316e+01 7.377284e+00 2.639585e+01 2.016469e+01 1.288544e+01 7.645975e+00 2.549284e+01 2.757801e+01
<GCONST> 9.266094e+01
<STATE> 5
<MEAN> 20
 -7.713274e+00 -1.997973e+00 -1.410228e+01 -1.136138e+01 -9.341314e+00 -1.268481e+01 -1.439954e+01 -1.475344e+01 -4.261576e+00 -1.289175e+01 -1.023432e+01 -1.338394e+01 8.335314e-01 -1.216130e+01 -5.462250e+00 -9.463005e+00 5.992008e+00 -1.066603e+01 -6.275252e-01 -9.747236e+00
<VARIANCE> 20
 5.048048e+00 9.496044e-01 5.683710e+01 1.095661e+01 1.729674e+01 4.801845e+00 3.789342e+01 3.584429e+01 1.114005e+01 4.931518e+00 2.978169e+01 4.670192e+01 8.124933e+00 4.872458e+00 1.842128e+01 2.128721e+01 9.222960e+00 5.034548e+00 1.904086e+01 2.547412e+01
<GCONST> 8.730874e+01
<STATE> 6
<MEAN> 20
 -8.391672e+00 -2.213141e+00 -1.778176e+01 -1.221158e+01 -1.060268e+01 -1.351250e+01 -1.691578e+01 -1.412459e+01 -5.513795e+00 -1.368924e+01 -1.227906e+01 -1.213698e+01 -4.914740e-01 -1.290444e+01 -7.186572e+00 -9.570127e+00 4.489655e+00 -1.136718e+01 -2.350263e+00 -1.029704e+01
<VARIANCE> 20
 8.780252e+00 1.779151e+00 8.341030e+01 2.175225e+01 3.128158e+01 1.046260e+01 6.480203e+01 3.989893e+01 2.054182e+01 1.138582e+01 5.508109e+01 4.646944e+01 1.539625e+01 1.207600e+01 3.667448e+01 2.841017e+01 1.968427e+01 1.285131e+01 4.220279e+01 3.906429e+01
<GCONST> 9.907575e+01
<STATE> 7
<MEAN> 20
 -7.157971e+00 -2.011505e+00 -1.175801e+01 -1.093855e+01 -8.484399e+00 -1.175556e+01 -1.196020e+01 -1.116058e+01 -3.582215e+00 -1.182529e+01 -7.508038e+00 -9.663386e+00 1.290379e+00 -1.116925e+01 -3.252729e+00 -8.036424e+00 6.313243e+00 -9.898397e+00 1.088804e+00 -8.439291e+00
<VARIANCE> 20
 3.329670e+00 8.540522e-01 3.573885e+01 9.186217e+00 1.116663e+01 4.845843e+00 2.198810e+01 1.426518e+01 8.064982e+00 4.720539e+00 1.842587e+01 1.362007e+01 6.949261e+00 4.243512e+00 1.170861e+01 8.850292e+00 8.158297e+00 3.875633e+00 1.166245e+01 1.377256e+01
<GCONST> 7.905832e+01
<TRANSP> 8
 0.000000e+00 1.000000e+00 0.000000e+00 0.000000e+00 0.000000e+00 0.000000e+00 0.000000e+00 0.000000e+00
 0.000000e+00 2.940194e-01 7.059806e-01 0.000000e+00 0.000000e+00 0.000000e+00 0.000000e+00 0.000000e+00
 0.000000e+00 0.000000e+00 0.000000e+00 1.000000e+00 0.000000e+00 0.000000e+00 0.000000e+00 0.000000e+00
 0.000000e+00 0.000000e+00 0.000000e+00 0.000000e+00 1.000000e+00 0.000000e+00 0.000000e+00 0.000000e+00
 0.000000e+00 0.000000e+00 0.000000e+00 0.000000e+00 4.758480e-01 5.241520e-01 0.000000e+00 0.000000e+00
 0.000000e+00 0.000000e+00 0.000000e+00 0.000000e+00 0.000000e+00 4.189032e-01 5.810968e-01 0.000000e+00
 0.000000e+00 0.000000e+00 0.000000e+00 0.000000e+00 0.000000e+00 0.000000e+00 7.405314e-01 2.594686e-01
 0.000000e+00 0.000000e+00 0.000000e+00 0.000000e+00 0.000000e+00 0.000000e+00 0.000000e+00 0.000000e+00
<ENDHMM>
