~o
<STREAMINFO> 1 20
<VECSIZE> 20<NULLD><USER><DIAGC>
~h "t"
<BEGINHMM>
<NUMSTATES> 8
<STATE> 2
<MEAN> 20
 -8.117026e+00 -2.188509e+00 -1.756277e+01 -1.226653e+01 -1.028128e+01 -1.316717e+01 -1.876277e+01 -1.565891e+01 -5.224136e+00 -1.334225e+01 -1.340600e+01 -1.135671e+01 -3.125137e-01 -1.246710e+01 -7.898068e+00 -8.208615e+00 4.475824e+00 -1.080426e+01 -3.275757e+00 -9.035655e+00
<VARIANCE> 20
 9.894173e+00 1.813888e+00 8.456065e+01 2.390290e+01 3.169700e+01 1.019126e+01 8.384969e+01 4.352361e+01 2.088482e+01 1.196746e+01 7.588793e+01 5.794459e+01 1.827953e+01 1.374463e+01 4.522774e+01 3.958297e+01 2.743825e+01 1.544292e+01 5.262005e+01 4.500571e+01
<GCONST> 1.019820e+02
<STATE> 3
<MEAN> 20
 -7.773474e+00 -1.991188e+00 -1.516011e+01 -1.178151e+01 -9.474237e+00 -1.262409e+01 -1.614522e+01 -1.564945e+01 -4.368012e+00 -1.288980e+01 -1.101989e+01 -1.251020e+01 7.241580e-01 -1.218879e+01 -6.261961e+00 -8.935478e+00 5.839752e+00 -1.071167e+01 -1.390491e+00 -9.887943e+00
<VARIANCE> 20
 4.962739e+00 1.048392e+00 5.207855e+01 1.116571e+01 1.693468e+01 4.351837e+00 4.201450e+01 3.135754e+01 1.079224e+01 4.556360e+00 3.035014e+01 5.139947e+01 8.662741e+00 4.710297e+00 1.871185e+01 2.818266e+01 1.149835e+01 5.156868e+00 2.293182e+01 3.401942e+01
<GCONST> 8.822220e+01
<STATE> 4
<MEAN> 20
 -6.139096e+00 -2.033728e+00 -1.210937e+01 -1.147669e+01 -7.219491e+00 -1.227422e+01 -1.298105e+01 -1.472801e+01 -3.182447e+00 -1.240610e+01 -8.857486e+00 -1.054699e+01 7.485175e-01 -1.158278e+01 -4.903102e+00 -7.482296e+00 4.642941e+00 -1.003621e+01 -1.242809e+00 -8.164246e+00
<VARIANCE> 20
 2.499615e+01 1.455912e+00 1.513793e+02 1.493896e+01 5.437671e+01 6.405419e+00 1.590761e+02 3.273383e+01 2.414013e+01 7.079669e+00 1.002815e+02 3.980717e+01 1.511346e+01 7.887979e+00 3.925024e+01 2.355263e+01 2.878449e+01 8.910412e+00 3.183663e+01 3.009612e+01
<GCONST> 9.994185e+01
<STATE> 5
<MEAN> 20
 -7.329764e+00 -2.083467e+00 -1.469883e+01 -1.161753e+01 -8.756888e+00 -1.230774e+01 -1.583850e+01 -1.482227e+01 -3.940509e+00 -1.241535e+01 -1.085802e+01 -1.042817e+01 7.551435e-01 -1.157547e+01 -5.933205e+00 -7.345663e+00 5.399741e+00 -1.001763e+01 -1.581606e+00 -8.022824e+00
<VARIANCE> 20
 8.531072e+00 1.400507e+00 7.314894e+01 1.409301e+01 2.535395e+01 6.391277e+00 7.441392e+01 3.192700e+01 1.648610e+01 7.219704e+00 5.995424e+01 3.843030e+01 1.485496e+01 8.053833e+00 2.821342e+01 2.191623e+01 2.235440e+01 9.016281e+00 3.104445e+01 2.894091e+01
<GCONST> 9.487724e+01
<STATE> 6
<MEAN> 20
 -7.130643e+00 -2.466824e+00 -1.723184e+01 -1.096194e+01 -9.216472e+00 -1.217414e+01 -1.940767e+01 -1.423543e+01 -5.141160e+00 -1.185603e+01 -1.536138e+01 -9.939105e+00 -1.307148e+00 -1.058605e+01 -8.911002e+00 -6.431296e+00 2.338502e+00 -8.683328e+00 -5.177142e+00 -6.535703e+00
<VARIANCE> 20
 1.135172e+01 2.694126e+00 8.739980e+01 2.107455e+01 3.544286e+01 8.578884e+00 1.149356e+02 4.198515e+01 2.825704e+01 1.103809e+01 1.339824e+02 4.807577e+01 3.259538e+01 1.518049e+01 5.872483e+01 2.980499e+01 5.332831e+01 1.953601e+01 7.146082e+01 3.623683e+01
<GCONST> 1.048883e+02
<STATE> 7
<MEAN> 20
 -7.062275e+00 -2.087877e+00 -1.238963e+01 -1.162561e+01 -7.775413e+00 -1.175050e+01 -1.371927e+01 -1.375762e+01 -2.800640e+00 -1.183290e+01 -8.595355e+00 -8.801915e+00 2.038617e+00 -1.107987e+01 -4.169760e+00 -6.428839e+00 6.874595e+00 -9.659327e+00 1.409906e-01 -7.052173e+00
<VARIANCE> 20
 3.213865e+00 9.506081e-01 3.660527e+01 9.504539e+00 1.146905e+01 4.696013e+00 3.100400e+01 2.113080e+01 8.860557e+00 4.720070e+00 2.574159e+01 1.908042e+01 8.856115e+00 4.446033e+00 1.337572e+01 1.092277e+01 1.199397e+01 4.257142e+00 1.525750e+01 1.359046e+01
<GCONST> 8.205260e+01
<TRANSP> 8
 0.000000e+00 1.000000e+00 0.000000e+00 0.000000e+00 0.000000e+00 0.000000e+00 0.000000e+00 0.000000e+00
 0.000000e+00 3.356799e-01 6.643201e-01 0.000000e+00 0.000000e+00 0.000000e+00 0.000000e+00 0.000000e+00
 0.000000e+00 0.000000e+00 5.363438e-01 4.636562e-01 0.000000e+00 0.000000e+00 0.000000e+00 0.000000e+00
 0.000000e+00 0.000000e+00 0.000000e+00 8.731283e-02 9.126872e-01 0.000000e+00 0.000000e+00 0.000000e+00
 0.000000e+00 0.000000e+00 0.000000e+00 0.000000e+00 0.000000e+00 1.000000e+00 0.000000e+00 0.000000e+00
 0.000000e+00 0.000000e+00 0.000000e+00 0.000000e+00 0.000000e+00 3.001387e-01 6.998613e-01 0.000000e+00
 0.000000e+00 0.000000e+00 0.000000e+00 0.000000e+00 0.000000e+00 0.000000e+00 7.314379e-01 2.685622e-01
 0.000000e+00 0.000000e+00 0.000000e+00 0.000000e+00 0.000000e+00 0.000000e+00 0.000000e+00 0.000000e+00
<ENDHMM>
