~o
<STREAMINFO> 1 20
<VECSIZE> 20<NULLD><USER><DIAGC>
~h "u"
<BEGINHMM>
<NUMSTATES> 8
<STATE> 2
<MEAN> 20
 -5.786107e+00 -1.850792e+00 -1.356773e+01 -8.651096e+00 -8.281732e+00 -1.131329e+01 -1.485240e+01 -1.379658e+01 -4.657790e+00 -1.126380e+01 -1.113792e+01 -1.208820e+01 -1.095461e+00 -1.014806e+01 -6.795703e+00 -6.996402e+00 2.339712e+00 -8.291427e+00 -3.259318e+00 -6.819312e+00
<VARIANCE> 20
 2.475660e+01 2.559144e+00 1.843787e+02 3.324771e+01 6.636903e+01 1.138340e+01 2.044257e+02 8.064095e+01 3.421512e+01 1.273064e+01 1.559828e+02 1.044119e+02 2.499982e+01 1.540750e+01 7.305299e+01 5.056557e+01 4.160881e+01 1.803880e+01 6.214468e+01 5.350198e+01
<GCONST> 1.106379e+02
<STATE> 3
<MEAN> 20
 -8.232429e+00 -2.029108e+00 -1.760615e+01 -1.126525e+01 -1.010684e+01 -1.317917e+01 -1.747797e+01 -1.810307e+01 -5.108247e+00 -1.351314e+01 -1.410723e+01 -1.710786e+01 -2.026815e-01 -1.273494e+01 -9.349246e+00 -1.090481e+01 4.500932e+00 -1.104823e+01 -4.221707e+00 -1.099820e+01
<VARIANCE> 20
 6.350826e+00 1.754309e+00 7.351761e+01 1.401945e+01 2.652846e+01 6.102708e+00 5.141714e+01 5.308677e+01 1.504464e+01 6.430633e+00 5.086769e+01 7.520808e+01 9.980912e+00 6.554088e+00 4.435827e+01 4.106078e+01 1.570574e+01 6.754755e+00 5.707166e+01 4.267709e+01
<GCONST> 9.607695e+01
<STATE> 4
<MEAN> 20
 -7.135494e+00 -1.798178e+00 -1.415899e+01 -9.915102e+00 -8.956709e+00 -1.201658e+01 -1.471474e+01 -1.647588e+01 -4.193799e+00 -1.218880e+01 -1.108877e+01 -1.529250e+01 4.889052e-01 -1.129921e+01 -6.666950e+00 -8.770341e+00 5.026185e+00 -9.589515e+00 -2.088811e+00 -8.483061e+00
<VARIANCE> 20
 9.284272e+00 1.680149e+00 8.366101e+01 1.770060e+01 2.741706e+01 6.838548e+00 7.227853e+01 5.434420e+01 1.560602e+01 7.389367e+00 6.274157e+01 7.643990e+01 1.222351e+01 8.031590e+00 3.821800e+01 3.707295e+01 1.889330e+01 8.694160e+00 3.937073e+01 3.663115e+01
<GCONST> 9.775626e+01
<STATE> 5
<MEAN> 20
 -7.065010e+00 -1.803338e+00 -1.378088e+01 -1.007304e+01 -8.909451e+00 -1.208928e+01 -1.446818e+01 -1.682958e+01 -4.142606e+00 -1.227930e+01 -1.092006e+01 -1.591317e+01 5.763027e-01 -1.141113e+01 -6.600508e+00 -8.889550e+00 5.166112e+00 -9.710944e+00 -2.094241e+00 -8.548775e+00
<VARIANCE> 20
 9.792854e+00 1.479789e+00 8.347552e+01 1.654090e+01 2.819476e+01 6.888555e+00 7.152551e+01 5.299776e+01 1.603776e+01 7.734107e+00 6.219010e+01 7.596464e+01 1.237702e+01 8.417669e+00 3.590937e+01 3.460200e+01 1.863103e+01 8.892526e+00 3.654506e+01 3.542519e+01
<GCONST> 9.749893e+01
<STATE> 6
<MEAN> 20
 -7.100123e+00 -1.780219e+00 -1.363422e+01 -1.016742e+01 -9.021087e+00 -1.220153e+01 -1.436717e+01 -1.724770e+01 -4.206649e+00 -1.240899e+01 -1.080853e+01 -1.634087e+01 5.802028e-01 -1.153583e+01 -6.507713e+00 -8.871297e+00 5.245996e+00 -9.818485e+00 -1.967373e+00 -8.471373e+00
<VARIANCE> 20
 9.937556e+00 1.497185e+00 8.383968e+01 1.507622e+01 2.808714e+01 6.328152e+00 7.489335e+01 5.127518e+01 1.569282e+01 6.934474e+00 6.342256e+01 7.480470e+01 1.212835e+01 7.324781e+00 3.676134e+01 3.085074e+01 1.841237e+01 7.593656e+00 3.632842e+01 3.056688e+01
<GCONST> 9.666074e+01
<STATE> 7
<MEAN> 20
 -7.029118e+00 -1.801874e+00 -1.155217e+01 -1.020331e+01 -8.489065e+00 -1.197556e+01 -1.257343e+01 -1.762453e+01 -3.505430e+00 -1.213568e+01 -8.777847e+00 -1.695898e+01 1.472113e+00 -1.128282e+01 -4.982483e+00 -8.822145e+00 6.396439e+00 -9.624817e+00 -5.405463e-01 -8.317330e+00
<VARIANCE> 20
 3.294520e+00 9.488702e-01 3.939986e+01 9.868122e+00 1.115483e+01 4.559475e+00 3.007021e+01 4.213245e+01 7.362697e+00 4.541261e+00 2.513937e+01 6.489999e+01 6.547606e+00 4.018620e+00 1.576064e+01 1.786528e+01 8.787739e+00 3.513208e+00 1.665329e+01 1.751241e+01
<GCONST> 8.385655e+01
<TRANSP> 8
 0.000000e+00 1.000000e+00 0.000000e+00 0.000000e+00 0.000000e+00 0.000000e+00 0.000000e+00 0.000000e+00
 0.000000e+00 3.359360e-01 6.640640e-01 0.000000e+00 0.000000e+00 0.000000e+00 0.000000e+00 0.000000e+00
 0.000000e+00 0.000000e+00 5.704972e-01 4.295028e-01 0.000000e+00 0.000000e+00 0.000000e+00 0.000000e+00
 0.000000e+00 0.000000e+00 0.000000e+00 3.462264e-02 9.653773e-01 0.000000e+00 0.000000e+00 0.000000e+00
 0.000000e+00 0.000000e+00 0.000000e+00 0.000000e+00 0.000000e+00 1.000000e+00 0.000000e+00 0.000000e+00
 0.000000e+00 0.000000e+00 0.000000e+00 0.000000e+00 0.000000e+00 0.000000e+00 1.000000e+00 0.000000e+00
 0.000000e+00 0.000000e+00 0.000000e+00 0.000000e+00 0.000000e+00 0.000000e+00 7.443315e-01 2.556685e-01
 0.000000e+00 0.000000e+00 0.000000e+00 0.000000e+00 0.000000e+00 0.000000e+00 0.000000e+00 0.000000e+00
<ENDHMM>
