~o
<STREAMINFO> 1 20
<VECSIZE> 20<NULLD><USER><DIAGC>
~h "b"
<BEGINHMM>
<NUMSTATES> 8
<STATE> 2
<MEAN> 20
 -7.221277e+00 -1.790625e+00 -1.240198e+01 -1.061699e+01 -8.946959e+00 -1.245978e+01 -1.358576e+01 -1.666034e+01 -4.208554e+00 -1.273822e+01 -9.618047e+00 -1.554052e+01 4.689240e-01 -1.202192e+01 -5.250796e+00 -1.337571e+01 5.261148e+00 -1.050268e+01 -1.712424e-02 -1.272018e+01
<VARIANCE> 20
 1.100843e+01 1.162774e+00 8.599425e+01 1.295406e+01 3.131769e+01 5.899379e+00 6.540005e+01 4.993896e+01 1.562548e+01 6.135289e+00 4.681074e+01 7.440693e+01 9.010819e+00 5.853078e+00 3.039308e+01 6.710233e+01 1.281512e+01 5.459928e+00 3.085539e+01 4.690173e+01
<GCONST> 9.546294e+01
<STATE> 3
<NUMMIXES> 4
<MIXTURE> 1 3.886114e-01
<MEAN> 20
 -5.833479e+00 -1.173541e+00 -1.032561e+01 -7.902795e+00 -7.588283e+00 -9.400667e+00 -9.950364e+00 -1.329617e+01 -3.458459e+00 -9.681522e+00 -6.467703e+00 -1.276764e+01 6.609727e-01 -9.318335e+00 -2.597283e+00 -1.159717e+01 4.948286e+00 -8.382849e+00 2.013886e+00 -1.136506e+01
<VARIANCE> 20
 5.522183e-01 2.809104e-01 2.129549e+01 2.580989e+00 2.839333e+00 1.141971e+00 4.719846e+00 2.214783e+01 1.586360e+00 1.151848e+00 3.865902e+00 2.919684e+01 1.272837e+00 9.939966e-01 2.995072e+00 2.612562e+01 1.752006e+00 8.750925e-01 6.242848e+00 1.719980e+01
<GCONST> 5.975437e+01
<MIXTURE> 2 8.491509e-02
<MEAN> 20
 -4.821489e+00 -1.710176e+00 -4.597226e+00 -1.168909e+01 -5.653675e+00 -1.426144e+01 -7.206224e+00 -2.547509e+01 -2.645252e+00 -1.485024e+01 -4.914328e+00 -2.730911e+01 2.924342e-01 -1.406226e+01 -2.093273e+00 -2.504931e+01 3.479181e+00 -1.219452e+01 1.842388e+00 -2.099192e+01
<VARIANCE> 20
 5.395798e+01 1.703003e+00 1.502214e+02 8.115037e+00 1.331641e+02 3.288045e+00 2.481639e+02 1.741837e+01 4.743107e+01 2.846155e+00 1.444862e+02 2.867312e+01 1.119731e+01 2.516566e+00 6.382125e+01 4.009301e+01 2.867902e+01 2.446420e+00 2.445091e+01 3.329397e+01
<GCONST> 9.821053e+01
<MIXTURE> 3 3.966034e-01
<MEAN> 20
 -7.730005e+00 -2.057303e+00 -1.102656e+01 -1.079573e+01 -9.174592e+00 -1.260928e+01 -1.359846e+01 -1.617257e+01 -4.092336e+00 -1.279751e+01 -9.470753e+00 -1.507190e+01 1.017573e+00 -1.211707e+01 -5.188012e+00 -1.194882e+01 6.363073e+00 -1.068942e+01 1.494958e-01 -1.190258e+01
<VARIANCE> 20
 6.411828e-01 5.075456e-01 3.660691e+01 4.834039e+00 4.755031e+00 8.120100e-01 6.293845e+00 3.233392e+01 3.880544e+00 6.720868e-01 6.156043e+00 4.400867e+01 3.877062e+00 5.683061e-01 5.352310e+00 2.712183e+01 3.854422e+00 8.975937e-01 1.079755e+01 2.378434e+01
<GCONST> 6.659531e+01
<MIXTURE> 4 1.298701e-01
<MEAN> 20
 -9.620553e+00 -1.546020e+00 -2.425869e+01 -1.071126e+01 -1.485992e+01 -1.284823e+01 -2.546591e+01 -1.344283e+01 -9.681121e+00 -1.331048e+01 -2.095316e+01 -1.087562e+01 -4.338625e+00 -1.261935e+01 -1.436217e+01 -7.350186e+00 9.710183e-01 -1.106183e+01 -8.514673e+00 -7.290608e+00
<VARIANCE> 20
 4.543321e+00 1.955305e+00 5.057701e+01 2.577368e+01 2.347320e+01 6.493330e+00 5.053561e+01 4.664579e+01 1.681374e+01 7.079475e+00 5.989364e+01 5.879197e+01 1.226508e+01 8.895401e+00 4.880637e+01 3.149232e+01 1.480337e+01 1.157091e+01 4.904144e+01 3.130891e+01
<GCONST> 9.636228e+01
<STATE> 4
<NUMMIXES> 4
<MIXTURE> 1 2.443503e-01
<MEAN> 20
 -5.482047e+00 -1.545833e+00 -1.016623e+01 -9.002453e+00 -6.126485e+00 -1.073261e+01 -9.209406e+00 -1.452657e+01 -2.228826e+00 -1.083625e+01 -5.776347e+00 -1.269859e+01 1.521842e+00 -1.013190e+01 -2.464163e+00 -1.060053e+01 5.246707e+00 -8.778926e+00 1.850492e+00 -1.068643e+01
<VARIANCE> 20
 1.355663e+01 7.380345e-01 8.604926e+01 8.995863e+00 2.921403e+01 3.406715e+00 6.203399e+01 3.492828e+01 9.637307e+00 3.270759e+00 3.055184e+01 4.440117e+01 4.715158e+00 2.880652e+00 1.501971e+01 3.669401e+01 1.464147e+01 2.726294e+00 2.059344e+01 3.076189e+01
<GCONST> 8.771590e+01
<MIXTURE> 2 2.768362e-01
<MEAN> 20
 -7.277640e+00 -1.916553e+00 -5.882642e+00 -9.440439e+00 -9.338541e+00 -1.306086e+01 -1.179104e+01 -2.360739e+01 -4.270561e+00 -1.340598e+01 -7.842604e+00 -2.523049e+01 5.834122e-01 -1.255314e+01 -2.977249e+00 -2.374440e+01 5.698762e+00 -1.074057e+01 2.874183e+00 -1.973542e+01
<VARIANCE> 20
 3.010278e-01 3.153711e-01 1.391195e+01 1.772805e+00 2.209754e+00 7.741182e-01 4.685638e+00 1.979336e+00 1.488079e+00 6.998199e-01 4.472561e+00 2.373652e+00 1.148809e+00 6.441255e-01 3.316996e+00 1.926067e+00 1.134930e+00 6.790885e-01 2.912884e+00 1.526345e+00
<GCONST> 4.556034e+01
<MIXTURE> 3 2.344633e-01
<MEAN> 20
 -9.111917e+00 -2.708444e+00 -1.730540e+01 -1.463293e+01 -1.034456e+01 -1.405581e+01 -1.363301e+01 -1.086559e+01 -4.650885e+00 -1.410663e+01 -8.204311e+00 -9.218930e+00 1.082251e+00 -1.342661e+01 -3.498797e+00 -8.179642e+00 7.033601e+00 -1.208972e+01 1.023699e+00 -8.831882e+00
<VARIANCE> 20
 1.173313e+00 8.233180e-01 4.219977e+01 1.035635e+01 8.471764e+00 2.311776e+00 5.207017e+00 4.439212e+00 7.066716e+00 2.195778e+00 3.228819e+00 4.001351e+00 6.414438e+00 1.897439e+00 2.358808e+00 4.362529e+00 7.029904e+00 1.777991e+00 3.408164e+00 2.806637e+00
<GCONST> 6.383298e+01
<MIXTURE> 4 2.443503e-01
<MEAN> 20
 -9.062379e+00 -1.458076e+00 -1.714273e+01 -1.157111e+01 -1.319013e+01 -1.368820e+01 -1.992471e+01 -2.191982e+01 -7.772382e+00 -1.436461e+01 -1.595347e+01 -2.162887e+01 -2.116895e+00 -1.380912e+01 -1.032451e+01 -1.863927e+01 3.930735e+00 -1.224500e+01 -3.120558e+00 -1.677111e+01
<VARIANCE> 20
 2.029413e+00 1.251251e+00 6.438449e+01 1.406132e+01 8.526669e+00 3.947275e+00 2.017608e+01 3.789099e+01 7.082416e+00 3.768996e+00 2.385100e+01 6.581092e+01 6.681853e+00 3.501489e+00 2.545990e+01 7.532158e+01 8.506498e+00 3.398931e+00 3.511155e+01 4.974383e+01
<GCONST> 8.683737e+01
<STATE> 5
<NUMMIXES> 4
<MIXTURE> 1 1.222494e-01
<MEAN> 20
 -3.927301e+00 -1.184151e+00 -4.340021e+00 -7.622886e+00 -4.679524e+00 -9.620105e+00 -5.290805e+00 -1.607832e+01 -1.943244e+00 -9.817842e+00 -3.101733e+00 -1.622551e+01 6.502119e-01 -9.247278e+00 -6.390198e-01 -1.406280e+01 3.336921e+00 -8.050443e+00 1.988809e+00 -1.225709e+01
<VARIANCE> 20
 1.957058e+01 3.815640e-01 7.791003e+01 6.237499e+00 4.214925e+01 3.277278e+00 6.995921e+01 2.349822e+01 1.192664e+01 3.542938e+00 2.962841e+01 3.255923e+01 2.306326e+00 3.211916e+00 9.452735e+00 3.185719e+01 1.320251e+01 2.746933e+00 7.439162e+00 2.194969e+01
<GCONST> 8.429932e+01
<MIXTURE> 2 2.762836e-01
<MEAN> 20
 -7.804670e+00 -1.643034e+00 -7.479415e+00 -9.459634e+00 -1.153278e+01 -1.297898e+01 -1.571109e+01 -2.371293e+01 -6.463499e+00 -1.360215e+01 -1.205667e+01 -2.564775e+01 -1.381194e+00 -1.296301e+01 -6.805196e+00 -2.441626e+01 4.158581e+00 -1.134206e+01 3.810907e-02 -2.060809e+01
<VARIANCE> 20
 3.995554e-01 4.052993e-01 2.256760e+01 2.627835e+00 1.571079e+00 1.008803e+00 4.505106e+00 2.596734e+00 1.148808e+00 9.771608e-01 5.536062e+00 3.396558e+00 9.838932e-01 9.621754e-01 5.449922e+00 2.697438e+00 1.107638e+00 9.898214e-01 5.473957e+00 2.002674e+00
<GCONST> 5.010894e+01
<MIXTURE> 3 2.787286e-01
<MEAN> 20
 -7.118511e+00 -2.329083e+00 -1.224655e+01 -1.206322e+01 -7.030554e+00 -1.184514e+01 -1.051796e+01 -1.204601e+01 -1.831616e+00 -1.174654e+01 -6.073475e+00 -8.803428e+00 3.242388e+00 -1.088259e+01 -2.102984e+00 -7.091202e+00 8.394316e+00 -9.373550e+00 3.209228e+00 -8.386181e+00
<VARIANCE> 20
 6.107317e-01 5.073292e-01 4.129498e+01 6.628066e+00 2.337147e+00 1.397056e+00 3.243504e+00 2.521961e+01 2.545107e+00 1.279362e+00 2.334556e+00 1.295356e+01 3.060773e+00 9.439587e-01 2.718480e+00 5.948424e+00 3.371317e+00 7.944874e-01 7.617594e+00 1.716992e+01
<GCONST> 6.107826e+01
<MIXTURE> 4 3.227384e-01
<MEAN> 20
 -8.962061e+00 -2.268607e+00 -1.814748e+01 -1.266011e+01 -1.045074e+01 -1.390902e+01 -1.739869e+01 -1.865392e+01 -5.227196e+00 -1.413804e+01 -1.387084e+01 -1.499901e+01 -7.558898e-02 -1.334963e+01 -9.208744e+00 -1.290617e+01 5.071077e+00 -1.172096e+01 -3.067014e+00 -1.299166e+01
<VARIANCE> 20
 2.367959e+00 1.458590e+00 6.254646e+01 1.070034e+01 1.273552e+01 3.894041e+00 2.302790e+01 4.961204e+01 7.767854e+00 4.083385e+00 2.613754e+01 6.282859e+01 6.173975e+00 4.164557e+00 3.296620e+01 5.249568e+01 1.056563e+01 4.420999e+00 5.456908e+01 4.499218e+01
<GCONST> 8.866181e+01
<STATE> 6
<NUMMIXES> 4
<MIXTURE> 1 1.052632e-01
<MEAN> 20
 1.777723e+00 -2.069374e+00 4.467316e-01 -1.074444e+01 3.847541e+00 -1.161657e+01 1.134094e+00 -1.783737e+01 2.384248e+00 -1.139924e+01 1.523823e+00 -1.510996e+01 5.027013e-01 -1.022692e+01 -1.071098e+00 -1.112787e+01 -1.692374e+00 -8.390920e+00 -2.537632e+00 -9.444983e+00
<VARIANCE> 20
 4.945363e+01 2.863445e+00 2.390844e+02 2.949558e+01 7.480257e+01 1.297006e+01 2.697187e+02 7.640620e+01 2.063679e+01 1.438784e+01 1.489391e+02 9.584427e+01 1.149788e+01 1.623622e+01 7.073260e+01 8.511982e+01 3.979590e+01 1.747169e+01 5.360201e+01 6.537119e+01
<GCONST> 1.112807e+02
<MIXTURE> 2 2.643541e-01
<MEAN> 20
 -8.195939e+00 -2.285558e+00 -7.565691e+00 -1.170477e+01 -1.004074e+01 -1.471056e+01 -1.252001e+01 -2.634351e+01 -4.470129e+00 -1.508851e+01 -8.463432e+00 -2.825423e+01 9.185697e-01 -1.412239e+01 -3.547999e+00 -2.472081e+01 6.605777e+00 -1.208421e+01 2.907546e+00 -2.076372e+01
<VARIANCE> 20
 4.835777e-01 4.816166e-01 2.331982e+01 2.948663e+00 3.102629e+00 9.603037e-01 6.923650e+00 7.230013e+00 2.694900e+00 9.447236e-01 7.626901e+00 9.962680e+00 2.777355e+00 9.797310e-01 7.988664e+00 3.022142e+01 3.101639e+00 1.119169e+00 1.133686e+01 2.011732e+01
<GCONST> 6.296276e+01
<MIXTURE> 3 3.696172e-01
<MEAN> 20
 -6.923862e+00 -1.581689e+00 -1.091240e+01 -9.282722e+00 -8.746512e+00 -1.114637e+01 -1.233406e+01 -1.592091e+01 -4.103572e+00 -1.134151e+01 -8.564307e+00 -1.456782e+01 5.673888e-01 -1.072592e+01 -4.219395e+00 -1.249522e+01 5.481499e+00 -9.442367e+00 7.583634e-01 -1.176096e+01
<VARIANCE> 20
 8.472071e-01 5.702289e-01 3.216399e+01 6.771297e+00 2.840749e+00 1.687449e+00 7.029411e+00 2.549063e+01 2.585481e+00 1.422083e+00 6.584851e+00 3.627641e+01 3.267519e+00 1.110916e+00 7.038913e+00 3.206794e+01 4.299207e+00 1.071537e+00 1.186187e+01 2.155115e+01
<GCONST> 6.872704e+01
<MIXTURE> 4 2.607656e-01
<MEAN> 20
 -1.028296e+01 -1.472531e+00 -1.911159e+01 -1.350657e+01 -1.507523e+01 -1.519997e+01 -2.043374e+01 -2.245243e+01 -8.730281e+00 -1.598659e+01 -1.473949e+01 -2.232142e+01 -2.219805e+00 -1.534962e+01 -8.693892e+00 -2.037007e+01 4.635202e+00 -1.361145e+01 -2.658935e-01 -1.812593e+01
<VARIANCE> 20
 2.002693e+00 1.085181e+00 6.086458e+01 1.258803e+01 5.469130e+00 4.344109e+00 1.978484e+01 6.072700e+01 4.226520e+00 4.573289e+00 1.460881e+01 1.085056e+02 4.815078e+00 4.164675e+00 1.596221e+01 1.101405e+02 7.030660e+00 3.782180e+00 2.706556e+01 6.258216e+01
<GCONST> 8.595016e+01
<STATE> 7
<MEAN> 20
 -7.352726e+00 -1.814185e+00 -1.199468e+01 -1.083464e+01 -9.408983e+00 -1.260105e+01 -1.313059e+01 -1.890811e+01 -4.626321e+00 -1.290943e+01 -9.431980e+00 -1.826558e+01 1.316824e-01 -1.219551e+01 -5.249537e+00 -1.575139e+01 5.070756e+00 -1.066582e+01 7.204364e-02 -1.426369e+01
<VARIANCE> 20
 1.019894e+01 9.833397e-01 7.811779e+01 1.084154e+01 2.685791e+01 5.058347e+00 5.494291e+01 4.603285e+01 1.304125e+01 5.654616e+00 3.812339e+01 7.091659e+01 7.518983e+00 5.488113e+00 2.556285e+01 6.749677e+01 1.123658e+01 5.005588e+00 2.489289e+01 4.252771e+01
<GCONST> 9.292252e+01
<TRANSP> 8
 0.000000e+00 1.000000e+00 0.000000e+00 0.000000e+00 0.000000e+00 0.000000e+00 0.000000e+00 0.000000e+00
 0.000000e+00 3.562341e-02 9.643766e-01 0.000000e+00 0.000000e+00 0.000000e+00 0.000000e+00 0.000000e+00
 0.000000e+00 0.000000e+00 6.213786e-01 3.786214e-01 0.000000e+00 0.000000e+00 0.000000e+00 0.000000e+00
 0.000000e+00 0.000000e+00 0.000000e+00 4.646893e-01 5.353107e-01 0.000000e+00 0.000000e+00 0.000000e+00
 0.000000e+00 0.000000e+00 0.000000e+00 0.000000e+00 5.366748e-01 4.633252e-01 0.000000e+00 0.000000e+00
 0.000000e+00 0.000000e+00 0.000000e+00 0.000000e+00 0.000000e+00 5.466507e-01 4.533493e-01 0.000000e+00
 0.000000e+00 0.000000e+00 0.000000e+00 0.000000e+00 0.000000e+00 0.000000e+00 2.570694e-02 9.742931e-01
 0.000000e+00 0.000000e+00 0.000000e+00 0.000000e+00 0.000000e+00 0.000000e+00 0.000000e+00 0.000000e+00
<ENDHMM>
