~o
<STREAMINFO> 1 20
<VECSIZE> 20<NULLD><USER><DIAGC>
~h "c"
<BEGINHMM>
<NUMSTATES> 8
<STATE> 2
<MEAN> 20
 -7.402609e+00 -1.765871e+00 -1.730370e+01 -9.776121e+00 -9.272383e+00 -1.217919e+01 -1.534563e+01 -1.476690e+01 -4.785429e+00 -1.236539e+01 -1.196059e+01 -1.337463e+01 -2.741191e-01 -1.166910e+01 -7.427314e+00 -1.086796e+01 4.273048e+00 -1.022774e+01 -2.388409e+00 -1.133525e+01
<VARIANCE> 20
 1.170258e+01 1.242475e+00 1.211129e+02 1.535620e+01 3.087874e+01 6.800627e+00 7.967852e+01 3.699661e+01 1.858261e+01 7.753434e+00 7.529347e+01 4.959699e+01 1.422652e+01 8.478302e+00 4.954298e+01 4.290970e+01 1.969861e+01 9.080016e+00 4.617571e+01 4.612769e+01
<GCONST> 9.879934e+01
<STATE> 3
<NUMMIXES> 4
<MIXTURE> 1 1.714105e-01
<MEAN> 20
 -4.859077e+00 -1.409454e+00 -1.060585e+01 -8.053481e+00 -5.364035e+00 -1.006550e+01 -8.296418e+00 -1.185082e+01 -1.511991e+00 -1.011277e+01 -5.240987e+00 -9.662098e+00 2.189816e+00 -9.332784e+00 -1.869531e+00 -7.296764e+00 5.753839e+00 -7.930009e+00 2.030100e+00 -7.399405e+00
<VARIANCE> 20
 1.861963e+01 9.138101e-01 1.414083e+02 1.219470e+01 4.340244e+01 4.942445e+00 9.541095e+01 2.696694e+01 2.026743e+01 4.954289e+00 6.775755e+01 3.191261e+01 1.131386e+01 4.835922e+00 2.769727e+01 2.237375e+01 1.609336e+01 5.255234e+00 1.880391e+01 2.598080e+01
<GCONST> 9.361404e+01
<MIXTURE> 2 4.231499e-01
<MEAN> 20
 -7.900737e+00 -1.944564e+00 -1.664493e+01 -1.034409e+01 -9.729993e+00 -1.194899e+01 -1.597527e+01 -1.400996e+01 -5.196668e+00 -1.218481e+01 -1.221945e+01 -1.316092e+01 -4.523942e-01 -1.171571e+01 -8.133454e+00 -1.106789e+01 4.533172e+00 -1.058175e+01 -3.222687e+00 -1.290175e+01
<VARIANCE> 20
 5.533103e-01 5.411595e-01 3.599056e+01 5.167374e+00 3.366216e+00 1.002674e+00 7.820240e+00 2.117567e+01 2.274634e+00 7.550386e-01 1.058680e+01 2.657380e+01 2.137425e+00 5.783361e-01 1.124167e+01 1.913916e+01 3.188168e+00 7.962079e-01 1.393280e+01 2.434802e+01
<GCONST> 6.562530e+01
<MIXTURE> 3 1.650854e-01
<MEAN> 20
 -9.186521e+00 -1.382936e+00 -2.783902e+01 -7.683330e+00 -1.440209e+01 -1.251645e+01 -2.601286e+01 -1.669308e+01 -1.009778e+01 -1.289437e+01 -2.310037e+01 -1.530324e+01 -5.610539e+00 -1.224773e+01 -1.700735e+01 -1.310728e+01 -1.155228e+00 -1.072492e+01 -1.118582e+01 -1.326139e+01
<VARIANCE> 20
 4.862031e+00 2.266134e+00 4.211950e+01 1.693341e+01 1.944164e+01 5.107446e+00 2.986561e+01 3.680728e+01 1.297306e+01 6.212041e+00 4.229365e+01 5.969142e+01 1.062770e+01 8.980529e+00 2.987133e+01 6.640641e+01 1.745742e+01 1.248742e+01 3.632405e+01 7.242641e+01
<GCONST> 9.496133e+01
<MIXTURE> 4 2.403542e-01
<MEAN> 20
 -9.637363e+00 -2.410033e+00 -1.959686e+01 -1.370716e+01 -1.042771e+01 -1.561152e+01 -1.616366e+01 -1.821167e+01 -4.284492e+00 -1.584459e+01 -1.141301e+01 -1.673514e+01 1.758513e+00 -1.488045e+01 -5.633274e+00 -1.317928e+01 7.788609e+00 -1.295413e+01 1.536439e+00 -1.345148e+01
<VARIANCE> 20
 1.392895e+00 8.545658e-01 7.145638e+01 9.181726e+00 9.350016e+00 2.841411e+00 1.545804e+01 4.523583e+01 7.351208e+00 2.522590e+00 1.226530e+01 6.514339e+01 6.629494e+00 2.037430e+00 1.034821e+01 5.207992e+01 6.440794e+00 1.919406e+00 2.558166e+01 4.571610e+01
<GCONST> 8.132309e+01
<STATE> 4
<NUMMIXES> 4
<MIXTURE> 1 1.270617e-01
<MEAN> 20
 -4.633950e+00 -1.022539e+00 -1.009346e+01 -6.730301e+00 -5.918586e+00 -9.297901e+00 -8.410436e+00 -1.119393e+01 -2.476362e+00 -9.525124e+00 -5.780828e+00 -9.420892e+00 8.740740e-01 -8.970780e+00 -2.593699e+00 -7.587741e+00 4.166314e+00 -7.818853e+00 7.433226e-01 -7.963963e+00
<VARIANCE> 20
 2.204078e+01 8.032428e-01 1.702086e+02 1.102985e+01 5.607314e+01 4.810625e+00 1.192051e+02 2.673146e+01 2.436210e+01 5.503682e+00 8.289473e+01 3.909825e+01 9.863647e+00 5.915755e+00 4.310485e+01 3.086859e+01 1.327753e+01 6.612208e+00 2.495816e+01 3.247673e+01
<GCONST> 9.624780e+01
<MIXTURE> 2 4.147831e-01
<MEAN> 20
 -7.743185e+00 -2.445233e+00 -1.442606e+01 -1.297874e+01 -7.602363e+00 -1.291489e+01 -1.199859e+01 -1.298274e+01 -2.197073e+00 -1.290527e+01 -7.567468e+00 -1.047088e+01 3.140444e+00 -1.201933e+01 -3.500203e+00 -6.992361e+00 8.406435e+00 -1.041015e+01 1.539742e+00 -8.993464e+00
<VARIANCE> 20
 8.283508e-01 4.266779e-01 3.529942e+01 5.998376e+00 3.650131e+00 1.430434e+00 5.654033e+00 3.436876e+01 3.096547e+00 1.353571e+00 3.364557e+00 3.759419e+01 2.773288e+00 1.049133e+00 3.121320e+00 5.227848e+00 2.477886e+00 1.037446e+00 6.000748e+00 2.523706e+01
<GCONST> 6.409290e+01
<MIXTURE> 3 8.491142e-02
<MEAN> 20
 -5.277348e+00 -3.829187e+00 -2.428249e+01 -8.504130e+00 -1.059490e+01 -1.159453e+01 -3.154972e+01 -1.387385e+01 -9.232691e+00 -9.671178e+00 -3.336723e+01 -1.040439e+01 -8.531363e+00 -6.842046e+00 -1.998379e+01 -3.727272e+00 -8.374013e+00 -3.666720e+00 -1.782552e+01 -2.297854e+00
<VARIANCE> 20
 1.492384e+01 2.680918e+00 5.332004e+01 1.719089e+01 2.802910e+01 8.732932e+00 8.123869e+01 3.373578e+01 2.147747e+01 1.259389e+01 1.152090e+02 5.025784e+01 2.575419e+01 1.754473e+01 6.760444e+01 2.099944e+01 3.807043e+01 2.135839e+01 6.557136e+01 3.613898e+01
<GCONST> 1.027907e+02
<MIXTURE> 4 3.732437e-01
<MEAN> 20
 -9.046123e+00 -1.619913e+00 -2.366359e+01 -9.832664e+00 -1.228611e+01 -1.332422e+01 -2.019299e+01 -1.747490e+01 -7.511060e+00 -1.381117e+01 -1.673292e+01 -1.708997e+01 -2.496002e+00 -1.336405e+01 -1.221598e+01 -1.538689e+01 2.740409e+00 -1.206516e+01 -6.014647e+00 -1.586232e+01
<VARIANCE> 20
 1.510957e+00 1.089866e+00 5.928291e+01 1.118159e+01 1.021169e+01 2.892100e+00 1.036045e+01 3.082052e+01 6.555958e+00 2.664234e+00 1.413988e+01 3.602739e+01 4.651417e+00 2.306931e+00 1.989199e+01 3.203751e+01 6.121001e+00 2.326887e+00 2.810764e+01 3.102070e+01
<GCONST> 8.025546e+01
<STATE> 5
<NUMMIXES> 4
<MIXTURE> 1 7.816862e-02
<MEAN> 20
 -4.214567e+00 -2.449558e+00 -1.043882e+01 -9.465081e+00 -3.878227e+00 -1.234222e+01 -1.111025e+01 -1.406526e+01 -1.350996e+00 -1.187020e+01 -1.019707e+01 -1.132194e+01 6.661006e-01 -1.029821e+01 -6.993800e+00 -6.780767e+00 2.119500e+00 -8.005620e+00 -4.068322e+00 -6.900078e+00
<VARIANCE> 20
 4.601585e+01 2.737243e+00 3.044509e+02 2.582681e+01 8.072201e+01 1.489908e+01 2.823084e+02 6.070470e+01 4.485329e+01 1.607284e+01 2.639161e+02 6.450829e+01 4.781596e+01 1.710430e+01 1.470432e+02 3.682293e+01 8.086866e+01 1.867041e+01 1.472354e+02 4.864274e+01
<GCONST> 1.152275e+02
<MIXTURE> 2 4.539363e-01
<MEAN> 20
 -6.880439e+00 -1.421870e+00 -1.576543e+01 -8.854115e+00 -8.798459e+00 -1.065333e+01 -1.318150e+01 -1.266121e+01 -4.192191e+00 -1.086484e+01 -9.438286e+00 -1.155402e+01 5.173681e-01 -1.035470e+01 -5.257609e+00 -9.330112e+00 5.354088e+00 -9.204652e+00 -2.206780e-01 -1.043246e+01
<VARIANCE> 20
 8.291504e-01 5.578061e-01 2.892987e+01 8.639275e+00 3.690968e+00 1.651109e+00 8.075994e+00 1.986860e+01 2.767956e+00 1.380003e+00 1.053582e+01 2.383076e+01 2.781427e+00 1.110321e+00 1.006556e+01 1.553467e+01 3.623820e+00 1.234380e+00 1.338680e+01 2.077799e+01
<GCONST> 6.856503e+01
<MIXTURE> 3 2.735902e-01
<MEAN> 20
 -8.064325e+00 -1.887959e+00 -2.489970e+01 -7.515501e+00 -9.746044e+00 -1.238368e+01 -2.151439e+01 -1.703725e+01 -6.308305e+00 -1.243357e+01 -2.008029e+01 -1.704263e+01 -2.826801e+00 -1.171106e+01 -1.750294e+01 -1.637406e+01 4.458786e-01 -1.016910e+01 -1.270870e+01 -1.543128e+01
<VARIANCE> 20
 4.765001e-01 4.036609e-01 8.470933e+00 4.902745e+00 4.756013e+00 7.135855e-01 5.997734e+00 2.699303e+00 3.932382e+00 6.280807e-01 7.279392e+00 3.175832e+00 2.809858e+00 7.450697e-01 9.365021e+00 3.659655e+00 2.932981e+00 1.121016e+00 1.190200e+01 3.888113e+00
<GCONST> 5.618470e+01
<MIXTURE> 4 1.943049e-01
<MEAN> 20
 -1.087082e+01 -1.724492e+00 -2.849238e+01 -1.194403e+01 -1.527038e+01 -1.588428e+01 -2.154594e+01 -2.087502e+01 -9.031131e+00 -1.657649e+01 -1.711275e+01 -2.042467e+01 -2.539943e+00 -1.602883e+01 -1.098253e+01 -1.691017e+01 4.125990e+00 -1.441853e+01 -3.343897e+00 -1.834664e+01
<VARIANCE> 20
 2.198872e+00 1.056185e+00 8.266486e+01 1.751058e+01 9.645274e+00 3.941591e+00 1.612501e+01 5.942553e+01 7.103435e+00 3.727116e+00 1.873810e+01 7.726820e+01 6.110538e+00 3.409790e+00 1.922170e+01 6.995906e+01 6.961764e+00 3.439825e+00 2.680179e+01 7.049210e+01
<GCONST> 8.689539e+01
<STATE> 6
<NUMMIXES> 4
<MIXTURE> 1 6.670673e-02
<MEAN> 20
 7.724504e+00 -1.633763e+00 2.196248e+01 -7.698672e+00 1.270367e+01 -1.075255e+01 1.825777e+01 -1.251040e+01 8.508974e+00 -1.073712e+01 1.485231e+01 -1.199063e+01 4.041643e+00 -9.826042e+00 1.019035e+01 -1.054973e+01 -5.631926e-01 -8.236749e+00 4.839934e+00 -9.868238e+00
<VARIANCE> 20
 7.513230e+00 2.133316e+00 7.561611e+01 3.391251e+01 2.608321e+01 2.128415e+01 4.997429e+01 8.489900e+01 3.381670e+01 2.874122e+01 5.610249e+01 1.045635e+02 4.569570e+01 3.510800e+01 5.248360e+01 1.112035e+02 6.111941e+01 3.841293e+01 6.163396e+01 9.933434e+01
<GCONST> 1.101431e+02
<MIXTURE> 2 3.449519e-01
<MEAN> 20
 -8.022032e+00 -2.002640e+00 -1.790146e+01 -1.138968e+01 -9.095940e+00 -1.291049e+01 -1.592260e+01 -1.638058e+01 -3.922642e+00 -1.306344e+01 -1.189771e+01 -1.383637e+01 1.244941e+00 -1.226991e+01 -7.145571e+00 -1.040679e+01 6.361588e+00 -1.068734e+01 -1.454194e+00 -1.111912e+01
<VARIANCE> 20
 1.426700e+00 1.060484e+00 3.674917e+01 9.561531e+00 8.012137e+00 2.379771e+00 1.293540e+01 3.328019e+01 5.614931e+00 2.171851e+00 1.470983e+01 4.162447e+01 4.506332e+00 1.962505e+00 1.291170e+01 2.986633e+01 5.542284e+00 2.195181e+00 2.408495e+01 3.284693e+01
<GCONST> 7.827129e+01
<MIXTURE> 3 2.493990e-01
<MEAN> 20
 -9.431154e+00 -2.032610e+00 -2.671619e+01 -9.361111e+00 -1.176582e+01 -1.356531e+01 -2.381191e+01 -1.798356e+01 -7.636154e+00 -1.368400e+01 -2.196714e+01 -1.663973e+01 -3.709177e+00 -1.282834e+01 -1.777378e+01 -1.444793e+01 -9.405719e-02 -1.110970e+01 -1.265077e+01 -1.417564e+01
<VARIANCE> 20
 3.765403e+00 1.997778e+00 3.735226e+01 1.419577e+01 2.238475e+01 4.310944e+00 2.487296e+01 2.425323e+01 1.497950e+01 4.971016e+00 3.422007e+01 3.243199e+01 1.001593e+01 6.802861e+00 2.894621e+01 3.955921e+01 1.561402e+01 9.507894e+00 4.250024e+01 4.406182e+01
<GCONST> 9.114305e+01
<MIXTURE> 4 3.389423e-01
<MEAN> 20
 -5.583605e+00 -8.753152e-01 -1.221330e+01 -7.014209e+00 -7.429130e+00 -8.553693e+00 -9.497283e+00 -1.026392e+01 -3.483534e+00 -8.795745e+00 -6.044206e+00 -9.165207e+00 4.918834e-01 -8.542147e+00 -2.597539e+00 -8.058124e+00 4.640035e+00 -7.817858e+00 1.230359e+00 -8.669250e+00
<VARIANCE> 20
 5.274996e-01 2.743832e-01 1.673029e+01 5.511095e+00 2.074834e+00 9.640054e-01 3.347693e+00 9.827936e+00 1.187825e+00 9.456927e-01 2.208836e+00 1.051910e+01 9.031637e-01 8.895328e-01 2.095805e+00 8.840639e+00 1.140124e+00 8.788607e-01 3.412190e+00 1.112676e+01
<GCONST> 5.313646e+01
<STATE> 7
<MEAN> 20
 -7.303966e+00 -1.723020e+00 -1.883814e+01 -9.410791e+00 -9.264997e+00 -1.206189e+01 -1.629843e+01 -1.518788e+01 -4.965879e+00 -1.221826e+01 -1.307797e+01 -1.397699e+01 -6.770747e-01 -1.150849e+01 -8.774268e+00 -1.168405e+01 3.572193e+00 -1.005927e+01 -3.991361e+00 -1.195716e+01
<VARIANCE> 20
 1.143042e+01 1.316262e+00 1.146684e+02 1.483731e+01 3.021949e+01 6.705456e+00 7.820041e+01 3.980312e+01 1.795500e+01 7.546545e+00 7.978186e+01 4.896481e+01 1.418327e+01 8.357747e+00 5.787873e+01 4.355750e+01 2.133748e+01 9.170724e+00 6.044978e+01 4.293662e+01
<GCONST> 9.918749e+01
<TRANSP> 8
 0.000000e+00 1.000000e+00 0.000000e+00 0.000000e+00 0.000000e+00 0.000000e+00 0.000000e+00 0.000000e+00
 0.000000e+00 1.056803e-02 9.894320e-01 0.000000e+00 0.000000e+00 0.000000e+00 0.000000e+00 0.000000e+00
 0.000000e+00 0.000000e+00 5.262492e-01 4.737508e-01 0.000000e+00 0.000000e+00 0.000000e+00 0.000000e+00
 0.000000e+00 0.000000e+00 0.000000e+00 5.424557e-01 4.575443e-01 0.000000e+00 0.000000e+00 0.000000e+00
 0.000000e+00 0.000000e+00 0.000000e+00 0.000000e+00 5.817979e-01 4.182021e-01 0.000000e+00 0.000000e+00
 0.000000e+00 0.000000e+00 0.000000e+00 0.000000e+00 0.000000e+00 5.498798e-01 4.501202e-01 0.000000e+00
 0.000000e+00 0.000000e+00 0.000000e+00 0.000000e+00 0.000000e+00 0.000000e+00 3.603604e-02 9.639640e-01
 0.000000e+00 0.000000e+00 0.000000e+00 0.000000e+00 0.000000e+00 0.000000e+00 0.000000e+00 0.000000e+00
<ENDHMM>
