~o
<STREAMINFO> 1 20
<VECSIZE> 20<NULLD><USER><DIAGC>
~h "d"
<BEGINHMM>
<NUMSTATES> 5
<STATE> 2
<NUMMIXES> 4
<MIXTURE> 1 2.686842e-01
<MEAN> 20
 -5.846756e+00 -9.154266e-01 -1.125865e+01 -7.269738e+00 -8.431256e+00 -9.470867e+00 -1.067303e+01 -1.366926e+01 -3.978885e+00 -9.699033e+00 -6.912282e+00 -1.075185e+01 4.600737e-01 -9.323739e+00 -2.868225e+00 -8.900796e+00 5.029414e+00 -8.405437e+00 1.514467e+00 -9.095632e+00
<VARIANCE> 20
 5.843627e-01 2.384587e-01 1.573300e+01 4.282900e+00 1.180327e+00 7.737740e-01 3.036931e+00 1.931342e+01 6.894287e-01 6.767039e-01 2.915177e+00 1.388669e+01 5.965990e-01 5.871840e-01 2.752745e+00 9.543222e+00 8.495751e-01 6.062645e-01 3.635331e+00 1.054691e+01
<GCONST> 5.111913e+01
<MIXTURE> 2 3.294737e-01
<MEAN> 20
 -7.703244e+00 -2.077553e+00 -1.140019e+01 -1.078212e+01 -8.738235e+00 -1.210548e+01 -1.254792e+01 -1.350538e+01 -3.825380e+00 -1.218292e+01 -8.451996e+00 -1.162046e+01 1.146195e+00 -1.154747e+01 -4.368022e+00 -9.590793e+00 6.401595e+00 -1.026729e+01 2.143704e-01 -1.037746e+01
<VARIANCE> 20
 5.426423e-01 5.006850e-01 3.059933e+01 5.726511e+00 2.840803e+00 8.363428e-01 3.455001e+00 2.523176e+01 2.554513e+00 6.381745e-01 2.523613e+00 1.767137e+01 3.008014e+00 4.965920e-01 2.829236e+00 1.026287e+01 3.433876e+00 6.640872e-01 4.517491e+00 1.515324e+01
<GCONST> 5.906055e+01
<MIXTURE> 3 9.473684e-02
<MEAN> 20
 -5.013393e+00 -2.830483e+00 -1.547402e+01 -9.432730e+00 -5.010491e+00 -1.204545e+01 -1.646148e+01 -1.540939e+01 -2.241636e+00 -1.108458e+01 -1.538793e+01 -9.966523e+00 -2.969083e-01 -9.081708e+00 -9.466880e+00 -5.856125e+00 9.967368e-01 -6.510627e+00 -6.962688e+00 -5.002616e+00
<VARIANCE> 20
 1.906664e+01 3.362694e+00 1.120234e+02 1.900476e+01 4.329555e+01 7.789762e+00 1.401199e+02 5.205135e+01 3.142777e+01 7.442350e+00 1.495261e+02 4.697508e+01 3.690464e+01 9.000011e+00 7.291277e+01 2.513031e+01 6.004901e+01 1.103088e+01 7.215615e+01 2.533389e+01
<GCONST> 1.049349e+02
<MIXTURE> 4 3.071053e-01
<MEAN> 20
 -8.942965e+00 -1.710870e+00 -1.873800e+01 -1.208877e+01 -1.248608e+01 -1.392076e+01 -1.904618e+01 -1.911249e+01 -6.772345e+00 -1.440471e+01 -1.464095e+01 -1.566464e+01 -8.689500e-01 -1.378522e+01 -8.961168e+00 -1.183174e+01 5.180858e+00 -1.221015e+01 -3.068827e+00 -1.217343e+01
<VARIANCE> 20
 1.355261e+00 1.010814e+00 3.672657e+01 9.898045e+00 6.708972e+00 3.017617e+00 1.700653e+01 5.510748e+01 4.508182e+00 2.648566e+00 1.593355e+01 5.279651e+01 4.333835e+00 2.199962e+00 1.298428e+01 3.303168e+01 6.047990e+00 2.160510e+00 1.838647e+01 3.631729e+01
<GCONST> 7.942379e+01
<STATE> 3
<NUMMIXES> 4
<MIXTURE> 1 3.029821e-01
<MEAN> 20
 -5.619328e+00 -1.380906e+00 -9.758551e+00 -8.109101e+00 -6.522223e+00 -9.778014e+00 -9.278522e+00 -1.394250e+01 -2.065465e+00 -9.748164e+00 -6.141777e+00 -9.273461e+00 2.231697e+00 -8.973812e+00 -2.688842e+00 -6.883283e+00 6.434215e+00 -7.598917e+00 1.526344e+00 -6.948416e+00
<VARIANCE> 20
 1.023108e+00 4.837153e-01 1.793109e+01 9.850842e+00 4.045084e+00 3.375411e+00 7.570284e+00 3.054352e+01 3.523487e+00 2.939157e+00 5.521546e+00 1.930481e+01 4.481638e+00 2.267522e+00 4.680069e+00 1.128778e+01 5.995505e+00 1.918446e+00 6.868473e+00 1.216232e+01
<GCONST> 6.944572e+01
<MIXTURE> 2 4.405566e-01
<MEAN> 20
 -7.803266e+00 -2.580417e+00 -1.367123e+01 -1.248646e+01 -7.309229e+00 -1.397307e+01 -1.306942e+01 -1.918491e+01 -1.924995e+00 -1.387160e+01 -1.003074e+01 -1.445696e+01 3.268203e+00 -1.274894e+01 -6.063551e+00 -9.870501e+00 8.250762e+00 -1.078226e+01 -8.869871e-01 -1.008204e+01
<VARIANCE> 20
 7.290885e-01 6.186246e-01 3.531997e+01 4.935865e+00 5.910890e+00 1.055434e+00 1.167809e+01 4.776530e+01 4.797331e+00 9.587494e-01 1.114336e+01 4.220920e+01 4.143242e+00 8.292931e-01 9.666435e+00 1.516269e+01 4.040081e+00 1.085223e+00 1.467675e+01 2.043826e+01
<GCONST> 7.036000e+01
<MIXTURE> 3 7.514910e-02
<MEAN> 20
 -8.066254e+00 -2.082537e+00 -1.825904e+01 -1.261649e+01 -1.142629e+01 -1.489963e+01 -1.777511e+01 -1.891061e+01 -6.302194e+00 -1.525104e+01 -1.346954e+01 -1.596684e+01 -1.231725e+00 -1.422781e+01 -8.635652e+00 -1.212689e+01 3.734078e+00 -1.216201e+01 -3.225229e+00 -1.198330e+01
<VARIANCE> 20
 3.246036e+01 2.892762e+00 1.755466e+02 3.623260e+01 8.722212e+01 1.658637e+01 2.003389e+02 9.794370e+01 4.553108e+01 1.890555e+01 1.401433e+02 1.249418e+02 2.778081e+01 2.087130e+01 9.699783e+01 8.963071e+01 3.825621e+01 2.204797e+01 7.755193e+01 8.776762e+01
<GCONST> 1.147437e+02
<MIXTURE> 4 1.813121e-01
<MEAN> 20
 -9.272397e+00 -2.431120e+00 -2.294672e+01 -1.103377e+01 -9.785486e+00 -1.369698e+01 -2.102510e+01 -2.107749e+01 -5.659749e+00 -1.365940e+01 -2.165844e+01 -1.378253e+01 -2.101922e+00 -1.259116e+01 -1.776997e+01 -1.125726e+01 9.168521e-01 -1.067710e+01 -1.315082e+01 -1.110494e+01
<VARIANCE> 20
 1.958142e+00 1.657504e+00 1.576602e+01 5.463645e+00 1.734375e+01 2.195165e+00 2.283106e+01 2.967995e+01 1.176571e+01 1.893045e+00 1.753802e+01 1.718409e+01 6.217842e+00 2.252134e+00 2.452438e+01 1.591148e+01 1.025915e+01 3.619601e+00 3.545386e+01 2.167155e+01
<GCONST> 8.022542e+01
<STATE> 4
<NUMMIXES> 4
<MIXTURE> 1 6.426618e-02
<MEAN> 20
 7.389883e+00 -1.870588e+00 1.669913e+01 -8.813067e+00 1.188885e+01 -1.124184e+01 1.867951e+01 -1.434394e+01 7.522178e+00 -1.095499e+01 1.596736e+01 -1.085815e+01 2.938314e+00 -9.673865e+00 1.105645e+01 -7.229174e+00 -1.624527e+00 -7.649163e+00 6.408447e+00 -6.308219e+00
<VARIANCE> 20
 5.416337e+00 2.578986e+00 8.257175e+01 2.541784e+01 3.002063e+01 1.291697e+01 9.281371e+01 9.133999e+01 3.967598e+01 1.974950e+01 8.611320e+01 8.889696e+01 5.342148e+01 2.632149e+01 6.383814e+01 5.613755e+01 7.179070e+01 3.052955e+01 6.014299e+01 5.918050e+01
<GCONST> 1.089586e+02
<MIXTURE> 2 5.072926e-01
<MEAN> 20
 -6.722460e+00 -1.475027e+00 -1.366655e+01 -8.729494e+00 -8.370636e+00 -1.138802e+01 -1.347217e+01 -1.766407e+01 -3.564418e+00 -1.145280e+01 -1.071906e+01 -1.241227e+01 1.120459e+00 -1.061745e+01 -6.608051e+00 -9.809079e+00 5.722330e+00 -9.023235e+00 -1.819665e+00 -9.301919e+00
<VARIANCE> 20
 1.145749e+00 6.728785e-01 2.463471e+01 8.024386e+00 6.577023e+00 2.908624e+00 1.342675e+01 3.287330e+01 4.632434e+00 2.613353e+00 1.461890e+01 2.909256e+01 4.209445e+00 2.137399e+00 1.676174e+01 1.767691e+01 5.482038e+00 2.059144e+00 2.240614e+01 1.633490e+01
<GCONST> 7.558643e+01
<MIXTURE> 3 1.463081e-01
<MEAN> 20
 -9.350376e+00 -1.148521e+00 -2.550353e+01 -6.840542e+00 -1.568588e+01 -1.124636e+01 -2.654041e+01 -1.150857e+01 -1.059855e+01 -1.144488e+01 -2.184930e+01 -6.265233e+00 -5.415383e+00 -1.033344e+01 -1.535147e+01 -4.106928e+00 -3.911670e-01 -8.336900e+00 -9.605319e+00 -5.130012e+00
<VARIANCE> 20
 5.312324e+00 3.031626e+00 4.618052e+01 4.669905e+01 2.905242e+01 2.212054e+01 7.744243e+01 1.427124e+02 3.305850e+01 2.488660e+01 6.834566e+01 1.200368e+02 3.782585e+01 2.854309e+01 6.099948e+01 8.412856e+01 4.725423e+01 3.218458e+01 7.497077e+01 1.103071e+02
<GCONST> 1.105889e+02
<MIXTURE> 4 2.821331e-01
<MEAN> 20
 -8.319756e+00 -3.093004e+00 -2.010524e+01 -1.150898e+01 -5.661527e+00 -1.378195e+01 -1.431925e+01 -2.312271e+01 -2.169128e+00 -1.345802e+01 -1.896913e+01 -1.438238e+01 3.665334e-01 -1.225881e+01 -1.713417e+01 -1.299725e+01 2.023019e+00 -1.026271e+01 -1.358468e+01 -1.280289e+01
<VARIANCE> 20
 1.516942e+00 6.037409e-01 8.670033e+00 1.899037e+00 5.241412e+00 1.191133e+00 1.531654e+01 1.331569e+01 4.266120e+00 9.815038e-01 7.569734e+00 3.361617e+00 2.682871e+00 7.680411e-01 9.998579e+00 2.620408e+00 5.213322e+00 8.947810e-01 1.532680e+01 3.163178e+00
<GCONST> 6.069881e+01
<TRANSP> 5
 0.000000e+00 1.000000e+00 0.000000e+00 0.000000e+00 0.000000e+00
 0.000000e+00 7.915789e-01 2.084211e-01 0.000000e+00 0.000000e+00
 0.000000e+00 0.000000e+00 6.850895e-01 3.149105e-01 0.000000e+00
 0.000000e+00 0.000000e+00 0.000000e+00 6.390155e-01 3.609845e-01
 0.000000e+00 0.000000e+00 0.000000e+00 0.000000e+00 0.000000e+00
<ENDHMM>
