~o
<STREAMINFO> 1 20
<VECSIZE> 20<NULLD><USER><DIAGC>
~h "h"
<BEGINHMM>
<NUMSTATES> 5
<STATE> 2
<NUMMIXES> 4
<MIXTURE> 1 3.652047e-01
<MEAN> 20
 -6.193954e+00 -1.391290e+00 -1.214793e+01 -9.022589e+00 -7.415092e+00 -9.851821e+00 -1.153963e+01 -1.176782e+01 -2.935312e+00 -9.999062e+00 -7.296062e+00 -8.330548e+00 1.501499e+00 -9.486781e+00 -3.478671e+00 -6.176811e+00 6.006220e+00 -8.414864e+00 5.509326e-01 -6.740563e+00
<VARIANCE> 20
 6.655427e-01 4.328777e-01 1.770213e+01 5.863723e+00 5.619141e+00 1.419634e+00 7.214993e+00 1.453955e+01 4.423274e+00 1.265600e+00 4.425265e+00 1.521934e+01 3.643346e+00 1.006276e+00 3.844607e+00 7.284997e+00 3.076445e+00 9.936965e-01 4.692790e+00 8.510792e+00
<GCONST> 6.225396e+01
<MIXTURE> 2 1.657895e-01
<MEAN> 20
 -4.101716e+00 -3.683553e+00 -1.530675e+01 -9.454065e+00 -1.995179e+00 -1.086761e+01 -1.927616e+01 -1.216914e+01 -7.243655e-01 -9.013126e+00 -1.995512e+01 -9.406747e+00 -7.815400e-01 -6.569501e+00 -1.163192e+01 -3.982582e+00 -1.844020e+00 -4.050568e+00 -1.021074e+01 -2.724778e+00
<VARIANCE> 20
 7.062888e+00 6.176987e-01 1.202182e+01 4.122889e+00 5.533910e+00 2.338208e+00 1.599033e+01 5.670099e+00 6.712225e+00 2.310541e+00 2.240371e+01 7.158963e+00 1.092770e+01 2.451138e+00 9.620096e+00 1.571695e+00 1.723107e+01 2.514043e+00 8.993980e+00 1.425312e+00
<GCONST> 6.934381e+01
<MIXTURE> 3 1.423977e-01
<MEAN> 20
 -6.014047e+00 -3.446652e+00 -2.239517e+01 -8.841743e+00 -9.977407e+00 -1.161315e+01 -2.675545e+01 -1.297367e+01 -7.696724e+00 -1.011649e+01 -2.545235e+01 -9.062814e+00 -5.880129e+00 -7.682033e+00 -1.550516e+01 -4.253053e+00 -4.474968e+00 -4.857176e+00 -1.278364e+01 -3.301494e+00
<VARIANCE> 20
 2.162691e+01 4.899473e+00 1.324391e+02 3.543326e+01 6.139994e+01 2.055608e+01 2.302304e+02 6.678557e+01 5.486435e+01 2.639542e+01 2.826682e+02 8.173685e+01 6.492797e+01 3.339689e+01 1.099623e+02 4.748421e+01 9.145113e+01 3.855991e+01 1.181914e+02 5.068796e+01
<GCONST> 1.170896e+02
<MIXTURE> 4 3.266082e-01
<MEAN> 20
 -7.981810e+00 -2.099614e+00 -1.569485e+01 -1.164292e+01 -9.427847e+00 -1.301852e+01 -1.592042e+01 -1.605165e+01 -4.101390e+00 -1.331746e+01 -1.063308e+01 -1.403869e+01 1.281552e+00 -1.261176e+01 -5.838044e+00 -1.027286e+01 6.713231e+00 -1.107305e+01 -3.230587e-01 -1.105615e+01
<VARIANCE> 20
 6.963127e-01 7.914348e-01 3.205141e+01 6.915211e+00 4.962642e+00 1.595690e+00 1.303803e+01 3.448989e+01 4.390031e+00 1.421651e+00 9.268870e+00 6.183674e+01 4.331123e+00 1.068778e+00 7.628425e+00 3.438923e+01 4.397279e+00 1.090142e+00 1.358651e+01 3.115974e+01
<GCONST> 7.264030e+01
<STATE> 3
<NUMMIXES> 4
<MIXTURE> 1 3.525352e-01
<MEAN> 20
 -7.349925e+00 -2.642980e+00 -1.366281e+01 -1.293801e+01 -6.080171e+00 -1.333486e+01 -1.510206e+01 -1.431616e+01 -5.636818e-01 -1.331465e+01 -8.914428e+00 -6.913625e+00 4.494040e+00 -1.218534e+01 -4.281164e+00 -5.017306e+00 9.139598e+00 -1.027159e+01 -6.969362e-02 -5.541514e+00
<VARIANCE> 20
 6.773776e-01 6.246541e-01 2.301629e+01 4.256776e+00 8.219154e+00 1.795091e+00 1.070091e+01 1.698726e+01 6.710551e+00 1.515615e+00 5.111563e+00 3.350607e+00 4.366271e+00 1.236513e+00 3.382616e+00 1.406159e+00 2.826541e+00 1.363995e+00 4.606726e+00 1.332787e+00
<GCONST> 5.994662e+01
<MIXTURE> 2 1.821182e-01
<MEAN> 20
 -5.363035e+00 -2.294788e+00 -1.406601e+01 -7.794888e+00 -5.098817e+00 -1.001176e+01 -1.458844e+01 -1.086619e+01 -1.636814e+00 -9.289608e+00 -1.218246e+01 -6.877044e+00 1.101343e+00 -7.621241e+00 -6.965160e+00 -3.568990e+00 3.221259e+00 -5.493376e+00 -3.593257e+00 -3.215970e+00
<VARIANCE> 20
 9.747949e+00 2.297948e+00 8.509593e+01 1.513173e+01 3.148496e+01 6.605183e+00 1.082701e+02 2.468998e+01 2.127801e+01 5.199518e+00 1.034797e+02 3.555829e+01 1.869769e+01 5.202537e+00 4.634821e+01 1.286158e+01 2.657703e+01 6.700922e+00 5.439478e+01 1.720303e+01
<GCONST> 9.616398e+01
<MIXTURE> 3 1.650165e-01
<MEAN> 20
 -4.123312e+00 -5.459922e+00 -2.834027e+01 -9.460355e+00 -1.323336e+01 -1.183961e+01 -4.067083e+01 -1.483520e+01 -1.377424e+01 -8.547824e+00 -4.358170e+01 -1.136421e+01 -1.455318e+01 -4.633333e+00 -2.349237e+01 -3.955510e+00 -1.537148e+01 -7.379340e-01 -2.257812e+01 -1.312017e+00
<VARIANCE> 20
 7.426510e+00 1.701127e+00 1.754579e+01 1.175457e+01 1.241920e+01 5.416462e+00 4.153822e+01 1.482421e+01 1.608942e+01 7.351426e+00 8.213187e+01 1.956224e+01 2.237142e+01 8.633778e+00 3.416808e+01 7.816282e+00 2.731504e+01 8.382213e+00 2.825673e+01 7.750091e+00
<GCONST> 8.908305e+01
<MIXTURE> 4 3.003300e-01
<MEAN> 20
 -9.630723e+00 -1.846601e+00 -2.232810e+01 -1.145665e+01 -1.326096e+01 -1.413475e+01 -2.302762e+01 -1.591100e+01 -8.030892e+00 -1.463800e+01 -1.772527e+01 -1.395198e+01 -2.668726e+00 -1.402154e+01 -1.219363e+01 -1.174377e+01 2.743788e+00 -1.247802e+01 -6.477301e+00 -1.246207e+01
<VARIANCE> 20
 2.127882e+00 1.766636e+00 5.419243e+01 1.823560e+01 1.453985e+01 4.458350e+00 2.855777e+01 2.826858e+01 1.206012e+01 3.964698e+00 3.239678e+01 4.816043e+01 1.077963e+01 3.888634e+00 3.330265e+01 3.998818e+01 1.299119e+01 5.012506e+00 4.624965e+01 4.292980e+01
<GCONST> 8.976270e+01
<STATE> 4
<NUMMIXES> 4
<MIXTURE> 1 1.170402e-01
<MEAN> 20
 -4.251401e-01 -2.799664e+00 -1.406612e+00 -9.232822e+00 4.457663e-01 -1.105663e+01 -2.594485e+00 -1.246813e+01 4.422211e-01 -1.014603e+01 -2.752594e+00 -1.015854e+01 2.210270e-01 -8.361169e+00 -1.306439e+00 -5.846702e+00 -9.386551e-02 -6.079805e+00 -1.513516e+00 -4.807454e+00
<VARIANCE> 20
 5.658815e+01 4.115788e+00 4.834443e+02 3.470417e+01 1.615056e+02 2.101751e+01 6.222731e+02 6.517294e+01 1.073106e+02 2.770683e+01 5.362930e+02 7.372570e+01 8.302070e+01 3.546780e+01 2.362082e+02 4.391246e+01 8.893950e+01 4.163156e+01 1.778033e+02 5.241361e+01
<GCONST> 1.238500e+02
<MIXTURE> 2 2.682320e-01
<MEAN> 20
 -6.606945e+00 -4.433024e+00 -1.972273e+01 -1.197654e+01 -4.554585e+00 -1.431236e+01 -2.385200e+01 -1.886115e+01 -2.417925e+00 -1.266568e+01 -2.590602e+01 -1.565865e+01 -1.722568e+00 -9.926554e+00 -1.442718e+01 -5.803249e+00 -2.209381e+00 -6.719266e+00 -1.273792e+01 -4.275415e+00
<VARIANCE> 20
 6.864326e+00 5.932396e-01 1.308492e+01 3.303801e+00 5.595527e+00 1.238135e+00 1.493304e+01 7.254610e+00 6.787292e+00 1.255800e+00 2.700936e+01 1.460262e+01 1.139905e+01 1.510560e+00 1.407512e+01 2.078696e+00 1.841058e+01 1.755833e+00 1.457846e+01 1.337560e+00
<GCONST> 6.933767e+01
<MIXTURE> 3 2.479545e-01
<MEAN> 20
 -2.997814e+00 -4.779539e+00 -2.279344e+01 -9.265182e+00 -8.243736e+00 -1.191107e+01 -3.089479e+01 -1.507233e+01 -8.224814e+00 -9.204471e+00 -3.416298e+01 -1.216036e+01 -9.040548e+00 -5.834531e+00 -1.709424e+01 -4.199888e+00 -1.035001e+01 -2.346800e+00 -1.669970e+01 -1.919475e+00
<VARIANCE> 20
 2.890557e+00 6.067476e-01 1.390178e+01 5.387681e+00 7.792561e+00 2.448894e+00 2.333331e+01 8.565207e+00 1.089600e+01 2.900354e+00 3.766875e+01 1.126846e+01 1.421432e+01 3.345534e+00 1.280459e+01 2.640877e+00 1.619262e+01 3.397606e+00 1.344281e+01 2.433077e+00
<GCONST> 7.426397e+01
<MIXTURE> 4 3.667734e-01
<MEAN> 20
 -7.542287e+00 -2.148108e+00 -1.505318e+01 -1.055802e+01 -7.870049e+00 -1.228027e+01 -1.556289e+01 -1.396437e+01 -3.078433e+00 -1.227316e+01 -1.146390e+01 -1.080451e+01 1.510863e+00 -1.136380e+01 -7.126810e+00 -8.375372e+00 5.941835e+00 -9.735968e+00 -2.376966e+00 -8.677817e+00
<VARIANCE> 20
 1.481827e+00 1.413601e+00 3.127360e+01 1.076961e+01 1.319821e+01 4.112993e+00 1.609011e+01 2.044199e+01 1.159000e+01 3.353833e+00 1.587545e+01 2.271458e+01 9.112627e+00 2.779538e+00 1.534565e+01 1.620735e+01 7.616400e+00 3.097803e+00 1.995687e+01 2.047921e+01
<GCONST> 8.057674e+01
<TRANSP> 5
 0.000000e+00 1.000000e+00 0.000000e+00 0.000000e+00 0.000000e+00
 0.000000e+00 7.421052e-01 2.578947e-01 0.000000e+00 0.000000e+00
 0.000000e+00 0.000000e+00 7.353736e-01 2.646265e-01 0.000000e+00
 0.000000e+00 0.000000e+00 0.000000e+00 6.862327e-01 3.137673e-01
 0.000000e+00 0.000000e+00 0.000000e+00 0.000000e+00 0.000000e+00
<ENDHMM>
