~o
<STREAMINFO> 1 20
<VECSIZE> 20<NULLD><USER><DIAGC>
~h "k"
<BEGINHMM>
<NUMSTATES> 8
<STATE> 2
<MEAN> 20
 -7.487662e+00 -1.861380e+00 -1.622971e+01 -1.099897e+01 -9.068766e+00 -1.235858e+01 -1.455801e+01 -1.620608e+01 -4.239357e+00 -1.255541e+01 -1.206070e+01 -1.398928e+01 5.287846e-01 -1.178263e+01 -6.995323e+00 -9.140228e+00 5.182381e+00 -1.021258e+01 -2.370927e+00 -8.774067e+00
<VARIANCE> 20
 9.909904e+00 1.105542e+00 7.820026e+01 1.795486e+01 2.193487e+01 7.141690e+00 5.870926e+01 6.219291e+01 1.188896e+01 7.918058e+00 6.035204e+01 6.337596e+01 9.808571e+00 8.344998e+00 3.728780e+01 3.931462e+01 1.736613e+01 8.491830e+00 3.812449e+01 3.473587e+01
<GCONST> 9.632690e+01
<STATE> 3
<NUMMIXES> 4
<MIXTURE> 1 3.036876e-01
<MEAN> 20
 -6.061082e+00 -1.799387e+00 -1.081709e+01 -1.058025e+01 -6.664713e+00 -1.117422e+01 -9.835336e+00 -1.471201e+01 -2.199189e+00 -1.123933e+01 -7.058247e+00 -1.215930e+01 2.131006e+00 -1.048992e+01 -3.092637e+00 -7.467575e+00 6.404336e+00 -9.060424e+00 8.573307e-01 -6.864213e+00
<VARIANCE> 20
 1.107905e+01 7.813573e-01 6.718127e+01 9.327417e+00 1.863591e+01 3.014700e+00 3.943031e+01 2.771858e+01 7.280486e+00 2.561965e+00 3.067041e+01 2.373461e+01 6.039525e+00 1.831354e+00 1.474479e+01 1.225045e+01 1.402885e+01 1.375347e+00 1.209358e+01 8.910457e+00
<GCONST> 8.113721e+01
<MIXTURE> 2 4.273319e-01
<MEAN> 20
 -8.913346e+00 -2.142733e+00 -1.546405e+01 -1.337451e+01 -1.095240e+01 -1.396282e+01 -1.524536e+01 -1.766928e+01 -5.129269e+00 -1.429967e+01 -1.155820e+01 -1.540728e+01 7.480628e-01 -1.359618e+01 -5.931152e+00 -1.022156e+01 6.733928e+00 -1.200261e+01 -8.516410e-01 -1.021695e+01
<VARIANCE> 20
 7.455900e-01 7.201458e-01 3.337399e+01 9.097887e+00 6.572394e+00 1.299754e+00 1.057147e+01 5.358377e+01 5.467277e+00 1.249977e+00 1.156945e+01 5.804813e+01 5.166961e+00 1.028879e+00 4.028746e+00 2.916142e+01 5.441965e+00 9.906681e-01 6.348825e+00 2.443826e+01
<GCONST> 7.193372e+01
<MIXTURE> 3 1.106291e-01
<MEAN> 20
 -8.031694e+00 -2.281867e+00 -2.336255e+01 -9.458320e+00 -1.058309e+01 -1.256272e+01 -2.370282e+01 -1.548614e+01 -6.910617e+00 -1.242626e+01 -2.363405e+01 -1.299203e+01 -3.536497e+00 -1.130218e+01 -1.567255e+01 -8.972863e+00 -5.733921e-01 -9.378644e+00 -1.141255e+01 -8.633145e+00
<VARIANCE> 20
 5.440126e+00 2.461411e+00 2.803578e+01 1.200302e+01 1.137478e+01 5.687383e+00 3.664297e+01 3.135100e+01 9.371381e+00 5.434519e+00 5.532390e+01 3.044624e+01 9.808311e+00 7.682394e+00 2.717798e+01 4.181384e+01 1.698657e+01 1.179802e+01 3.502750e+01 4.856996e+01
<GCONST> 9.184373e+01
<MIXTURE> 4 1.583514e-01
<MEAN> 20
 -1.142942e+01 -1.590764e+00 -2.748474e+01 -1.246632e+01 -1.691282e+01 -1.587419e+01 -2.643897e+01 -2.490782e+01 -1.000976e+01 -1.700350e+01 -2.225222e+01 -2.452035e+01 -2.768734e+00 -1.665101e+01 -1.386968e+01 -1.518930e+01 4.547700e+00 -1.501700e+01 -6.588062e+00 -1.434945e+01
<VARIANCE> 20
 2.994060e+00 8.869601e-01 4.993959e+01 2.675432e+01 7.841768e+00 3.190726e+00 2.690338e+01 2.760190e+01 5.569155e+00 3.112753e+00 2.223997e+01 5.436645e+01 7.048677e+00 3.024710e+00 2.326779e+01 7.890775e+01 1.237528e+01 3.158973e+00 2.299471e+01 7.867661e+01
<GCONST> 8.645353e+01
<STATE> 4
<NUMMIXES> 4
<MIXTURE> 1 4.155629e-01
<MEAN> 20
 -6.022713e+00 -1.291416e+00 -1.011293e+01 -9.050288e+00 -7.757060e+00 -9.384725e+00 -9.743971e+00 -1.282346e+01 -3.449846e+00 -9.581150e+00 -6.535396e+00 -1.044968e+01 8.652094e-01 -9.199054e+00 -2.732064e+00 -6.659285e+00 5.307088e+00 -8.302829e+00 9.093435e-01 -6.711105e+00
<VARIANCE> 20
 5.613374e-01 3.186243e-01 1.655926e+01 4.674207e+00 2.346608e+00 1.406042e+00 3.956275e+00 2.048816e+01 1.748646e+00 1.231647e+00 3.695516e+00 1.144173e+01 1.692905e+00 1.006481e+00 2.035987e+00 9.742373e+00 2.105862e+00 8.337616e-01 2.847490e+00 7.552580e+00
<GCONST> 5.663746e+01
<MIXTURE> 2 2.980132e-01
<MEAN> 20
 -7.689140e+00 -2.239109e+00 -1.371378e+01 -1.233021e+01 -8.066046e+00 -1.308863e+01 -1.193433e+01 -1.663231e+01 -2.601635e+00 -1.323288e+01 -8.752968e+00 -1.454292e+01 2.854551e+00 -1.227330e+01 -4.444879e+00 -7.896696e+00 8.161731e+00 -1.044068e+01 4.174124e-01 -7.123609e+00
<VARIANCE> 20
 3.927704e-01 3.383868e-01 2.787548e+01 4.629192e+00 1.740028e+00 7.187815e-01 9.591691e+00 4.843697e+01 1.343124e+00 6.241819e-01 9.442218e+00 7.387048e+01 1.105186e+00 4.662426e-01 5.118800e+00 1.302779e+01 1.256542e+00 5.240021e-01 4.249651e+00 8.183642e+00
<GCONST> 5.900368e+01
<MIXTURE> 3 1.771523e-01
<MEAN> 20
 -7.620096e+00 -2.041934e+00 -1.652162e+01 -1.264416e+01 -1.006306e+01 -1.359818e+01 -1.684098e+01 -1.837887e+01 -5.127060e+00 -1.393690e+01 -1.469508e+01 -1.544888e+01 -2.049786e-01 -1.313737e+01 -8.304704e+00 -8.497716e+00 4.548122e+00 -1.143422e+01 -3.506844e+00 -8.608546e+00
<VARIANCE> 20
 1.938592e+01 1.483741e+00 1.154083e+02 2.072591e+01 4.038810e+01 6.655673e+00 1.012835e+02 6.102441e+01 1.729411e+01 7.150230e+00 8.331102e+01 5.866592e+01 9.903067e+00 7.975490e+00 2.929572e+01 3.635821e+01 2.006351e+01 8.971376e+00 2.018767e+01 3.967924e+01
<GCONST> 9.875060e+01
<MIXTURE> 4 1.092715e-01
<MEAN> 20
 -9.878232e+00 -2.450193e+00 -2.711656e+01 -9.486227e+00 -9.361381e+00 -1.381563e+01 -2.447387e+01 -1.696466e+01 -6.073111e+00 -1.398314e+01 -2.457913e+01 -1.557501e+01 -3.469233e+00 -1.321019e+01 -2.259746e+01 -1.326985e+01 -1.771520e+00 -1.149580e+01 -1.910439e+01 -1.274386e+01
<VARIANCE> 20
 1.093618e+00 7.598429e-01 8.782432e+00 7.030806e+00 1.177112e+01 8.228159e-01 9.758238e+00 1.393873e+01 9.129975e+00 6.930465e-01 1.232139e+01 1.322539e+01 4.958879e+00 8.379642e-01 8.450459e+00 1.553645e+01 4.442254e+00 1.502725e+00 1.358579e+01 1.379908e+01
<GCONST> 6.825111e+01
<STATE> 5
<NUMMIXES> 4
<MIXTURE> 1 2.108963e-01
<MEAN> 20
 -6.084628e+00 -1.570927e+00 -1.106173e+01 -1.036403e+01 -7.826519e+00 -1.099559e+01 -1.138971e+01 -1.495736e+01 -3.342796e+00 -1.118609e+01 -7.922025e+00 -1.241304e+01 1.129211e+00 -1.052669e+01 -3.543852e+00 -6.787230e+00 5.595454e+00 -9.180228e+00 5.894728e-01 -7.140508e+00
<VARIANCE> 20
 1.434515e+01 1.164711e+00 7.817162e+01 1.708347e+01 2.799680e+01 5.919909e+00 6.309390e+01 4.191146e+01 1.143938e+01 6.087497e+00 3.968915e+01 4.608718e+01 7.687881e+00 5.709498e+00 1.242921e+01 1.634741e+01 1.696655e+01 5.451726e+00 1.154677e+01 2.203900e+01
<GCONST> 9.067823e+01
<MIXTURE> 2 2.934974e-01
<MEAN> 20
 -7.726518e+00 -2.815989e+00 -1.350684e+01 -1.440446e+01 -6.451128e+00 -1.405643e+01 -1.269894e+01 -2.116093e+01 -1.012882e+00 -1.407839e+01 -1.517831e+01 -1.485459e+01 3.924176e+00 -1.288758e+01 -6.657633e+00 -5.131922e+00 8.112821e+00 -1.078391e+01 -2.106930e+00 -5.089177e+00
<VARIANCE> 20
 4.244398e-01 8.982701e-01 7.576144e+00 3.993223e+00 4.607839e+00 7.284936e-01 1.192284e+01 3.509468e+01 3.546455e+00 5.092484e-01 1.796375e+01 2.698213e+01 2.338308e+00 6.535531e-01 4.338826e+00 2.519860e+00 2.711864e+00 1.064607e+00 5.291915e+00 1.777254e+00
<GCONST> 5.934241e+01
<MIXTURE> 3 1.933216e-01
<MEAN> 20
 -9.461662e+00 -2.820420e+00 -2.042949e+01 -1.383452e+01 -1.023846e+01 -1.436131e+01 -2.003726e+01 -2.363718e+01 -5.260955e+00 -1.433039e+01 -2.662774e+01 -1.445210e+01 -1.015381e+00 -1.281156e+01 -1.153720e+01 -3.952039e+00 2.265170e+00 -1.035157e+01 -7.785565e+00 -3.744902e+00
<VARIANCE> 20
 1.629449e+00 1.184005e+00 8.975093e+00 3.778429e+00 8.682204e+00 1.884951e+00 2.038177e+01 1.722346e+01 5.802903e+00 2.058131e+00 2.462326e+01 2.434142e+01 5.005011e+00 3.261518e+00 1.101654e+01 1.744617e+00 1.024876e+01 4.943596e+00 1.618898e+01 1.588860e+00
<GCONST> 7.139174e+01
<MIXTURE> 4 3.022847e-01
<MEAN> 20
 -7.915049e+00 -1.924427e+00 -2.111850e+01 -9.943160e+00 -1.008499e+01 -1.278382e+01 -2.024022e+01 -1.696387e+01 -5.823172e+00 -1.303823e+01 -1.797863e+01 -1.695603e+01 -1.320095e+00 -1.241240e+01 -1.352760e+01 -1.404744e+01 3.190155e+00 -1.092330e+01 -8.029153e+00 -1.359721e+01
<VARIANCE> 20
 8.302235e-01 7.723049e-01 3.425628e+01 8.408385e+00 6.825779e+00 1.688252e+00 9.013818e+00 1.010165e+01 4.524419e+00 1.662318e+00 1.084835e+01 1.437640e+01 3.045998e+00 1.662602e+00 1.259101e+01 1.914595e+01 4.101384e+00 1.775283e+00 1.979564e+01 2.126398e+01
<GCONST> 7.113441e+01
<STATE> 6
<NUMMIXES> 4
<MIXTURE> 1 6.991526e-02
<MEAN> 20
 8.473699e+00 -2.762452e+00 1.587574e+01 -1.621734e+01 8.840976e+00 -1.394349e+01 1.402195e+01 -2.047472e+01 3.172568e+00 -1.399176e+01 1.143857e+01 -1.475364e+01 -2.376169e+00 -1.314366e+01 5.129707e+00 -6.895818e+00 -7.626435e+00 -1.156018e+01 -1.523998e+00 -1.007730e+01
<VARIANCE> 20
 2.239833e+00 3.796889e-01 1.040747e+01 4.589658e+00 2.015201e+01 2.464494e+00 6.434414e+01 6.380907e+01 9.170210e+00 4.040482e+00 1.650148e+01 4.832043e+01 2.068936e+00 5.424218e+00 1.042014e+01 4.154091e+00 2.399439e+00 6.337537e+00 3.222439e+01 4.956416e+01
<GCONST> 7.926439e+01
<MIXTURE> 2 4.597458e-01
<MEAN> 20
 -7.064232e+00 -2.108835e+00 -1.344980e+01 -1.119763e+01 -7.130443e+00 -1.193679e+01 -1.247029e+01 -1.653555e+01 -2.317008e+00 -1.199003e+01 -1.084902e+01 -1.298576e+01 2.372858e+00 -1.117097e+01 -6.176690e+00 -7.705576e+00 6.807171e+00 -9.614071e+00 -1.494210e+00 -8.293027e+00
<VARIANCE> 20
 8.739663e-01 8.026237e-01 2.649771e+01 5.445152e+00 6.238363e+00 2.045165e+00 1.148116e+01 3.127475e+01 5.083763e+00 1.762181e+00 1.515507e+01 2.396118e+01 4.715294e+00 1.142221e+00 1.016986e+01 1.610674e+01 5.190803e+00 8.929515e-01 1.678819e+01 2.587766e+01
<GCONST> 7.228201e+01
<MIXTURE> 3 1.186441e-01
<MEAN> 20
 -5.858922e+00 -9.517198e-01 -1.528745e+01 -5.076247e+00 -1.014645e+01 -8.001148e+00 -1.684981e+01 -9.181743e+00 -6.103707e+00 -7.992283e+00 -1.436863e+01 -6.987862e+00 -2.274084e+00 -7.080595e+00 -7.127025e+00 -3.142403e+00 1.085970e+00 -5.617505e+00 -4.189387e+00 -2.037725e+00
<VARIANCE> 20
 5.234604e+00 2.436905e+00 2.941738e+01 2.111343e+01 2.330486e+01 5.197146e+00 4.144343e+01 5.760033e+01 1.964385e+01 5.643136e+00 6.834315e+01 5.689315e+01 2.010959e+01 8.143546e+00 2.487933e+01 3.849960e+01 2.715930e+01 1.231844e+01 3.292294e+01 2.891923e+01
<GCONST> 9.591822e+01
<MIXTURE> 4 3.516949e-01
<MEAN> 20
 -9.675407e+00 -2.161393e+00 -1.997373e+01 -1.493493e+01 -1.253156e+01 -1.488599e+01 -2.079420e+01 -2.145780e+01 -6.591652e+00 -1.545995e+01 -1.899340e+01 -1.805232e+01 -5.417697e-01 -1.472247e+01 -1.107500e+01 -8.843964e+00 5.304038e+00 -1.291498e+01 -4.712862e+00 -9.006273e+00
<VARIANCE> 20
 1.302726e+00 1.347072e+00 3.286039e+01 9.014547e+00 1.253177e+01 2.081834e+00 2.756659e+01 5.235700e+01 8.813584e+00 2.431791e+00 4.344316e+01 7.775456e+01 7.657174e+00 2.875525e+00 2.527860e+01 2.916295e+01 1.242090e+01 3.378057e+00 3.962369e+01 3.347120e+01
<GCONST> 8.535871e+01
<STATE> 7
<MEAN> 20
 -7.640455e+00 -2.072582e+00 -1.510806e+01 -1.211328e+01 -8.819878e+00 -1.285150e+01 -1.472153e+01 -1.836406e+01 -3.883598e+00 -1.302669e+01 -1.372291e+01 -1.399558e+01 8.751626e-01 -1.214384e+01 -7.145547e+00 -7.660771e+00 5.386350e+00 -1.043641e+01 -2.720322e+00 -7.734509e+00
<VARIANCE> 20
 9.506268e+00 1.476388e+00 6.687704e+01 1.544438e+01 2.174614e+01 6.904273e+00 6.173565e+01 5.306775e+01 1.234705e+01 7.202676e+00 7.857706e+01 4.305234e+01 1.021724e+01 6.905372e+00 3.333484e+01 2.984607e+01 1.686704e+01 6.475149e+00 3.292983e+01 3.140325e+01
<GCONST> 9.485320e+01
<TRANSP> 8
 0.000000e+00 1.000000e+00 0.000000e+00 0.000000e+00 0.000000e+00 0.000000e+00 0.000000e+00 0.000000e+00
 0.000000e+00 4.365079e-02 9.563492e-01 0.000000e+00 0.000000e+00 0.000000e+00 0.000000e+00 0.000000e+00
 0.000000e+00 0.000000e+00 4.772234e-01 5.227765e-01 0.000000e+00 0.000000e+00 0.000000e+00 0.000000e+00
 0.000000e+00 0.000000e+00 0.000000e+00 6.009934e-01 3.990066e-01 0.000000e+00 0.000000e+00 0.000000e+00
 0.000000e+00 0.000000e+00 0.000000e+00 0.000000e+00 5.764499e-01 4.235501e-01 0.000000e+00 0.000000e+00
 0.000000e+00 0.000000e+00 0.000000e+00 0.000000e+00 0.000000e+00 4.894068e-01 5.105932e-01 0.000000e+00
 0.000000e+00 0.000000e+00 0.000000e+00 0.000000e+00 0.000000e+00 0.000000e+00 2.032520e-02 9.796748e-01
 0.000000e+00 0.000000e+00 0.000000e+00 0.000000e+00 0.000000e+00 0.000000e+00 0.000000e+00 0.000000e+00
<ENDHMM>
