~o
<STREAMINFO> 1 20
<VECSIZE> 20<NULLD><USER><DIAGC>
~h "l"
<BEGINHMM>
<NUMSTATES> 8
<STATE> 2
<MEAN> 20
 -7.476796e+00 -1.842775e+00 -1.799320e+01 -1.036362e+01 -9.058543e+00 -1.216772e+01 -1.478069e+01 -1.614345e+01 -4.075946e+00 -1.233599e+01 -1.068293e+01 -1.101325e+01 7.754481e-01 -1.149238e+01 -6.032800e+00 -8.590082e+00 5.513351e+00 -9.888603e+00 -1.409302e+00 -8.909448e+00
<VARIANCE> 20
 8.814577e+00 1.370242e+00 9.388735e+01 1.816793e+01 2.372519e+01 7.484820e+00 6.373532e+01 5.272749e+01 1.412658e+01 8.035204e+00 5.456924e+01 5.124735e+01 1.182800e+01 8.266867e+00 3.594701e+01 3.640558e+01 1.826765e+01 8.458909e+00 3.931441e+01 3.673490e+01
<GCONST> 9.673318e+01
<STATE> 3
<NUMMIXES> 4
<MIXTURE> 1 2.530242e-01
<MEAN> 20
 -5.366757e+00 -9.041694e-01 -1.312091e+01 -6.156468e+00 -7.122479e+00 -8.307226e+00 -8.837488e+00 -1.205349e+01 -3.004371e+00 -8.510454e+00 -5.269732e+00 -7.791439e+00 1.042831e+00 -8.094479e+00 -2.029809e+00 -5.989237e+00 5.075155e+00 -7.207495e+00 1.423688e+00 -6.243373e+00
<VARIANCE> 20
 6.175985e-01 2.109732e-01 2.398196e+01 7.633305e+00 1.616585e+00 9.760672e-01 4.301824e+00 1.683485e+01 8.653342e-01 9.128119e-01 2.399120e+00 2.074257e+01 7.967415e-01 9.158065e-01 2.715232e+00 1.405784e+01 1.158653e+00 1.116132e+00 3.485949e+00 1.291546e+01
<GCONST> 5.573061e+01
<MIXTURE> 2 2.550403e-01
<MEAN> 20
 -7.557411e+00 -2.322194e+00 -1.714128e+01 -1.228167e+01 -7.167521e+00 -1.302530e+01 -1.235498e+01 -1.617839e+01 -1.445407e+00 -1.301533e+01 -7.532897e+00 -9.019072e+00 3.992971e+00 -1.193979e+01 -3.159940e+00 -6.156730e+00 9.180023e+00 -1.007730e+01 1.351051e+00 -6.627082e+00
<VARIANCE> 20
 8.639688e-01 5.518014e-01 4.950771e+01 8.823882e+00 4.512323e+00 1.605453e+00 1.180580e+01 4.245021e+01 3.807011e+00 1.618244e+00 6.726517e+00 2.103904e+01 3.203261e+00 1.508612e+00 5.573213e+00 4.376934e+00 2.804937e+00 1.591480e+00 7.672387e+00 6.904366e+00
<GCONST> 6.729962e+01
<MIXTURE> 3 3.558468e-01
<MEAN> 20
 -8.233681e+00 -1.808247e+00 -1.713020e+01 -1.103924e+01 -1.114636e+01 -1.272164e+01 -1.739454e+01 -1.767244e+01 -5.973611e+00 -1.314913e+01 -1.285883e+01 -1.609006e+01 -6.599562e-01 -1.257738e+01 -8.115060e+00 -1.300264e+01 4.830124e+00 -1.116501e+01 -2.738566e+00 -1.337729e+01
<VARIANCE> 20
 1.125890e+00 8.344406e-01 5.525661e+01 7.263731e+00 4.952451e+00 1.776413e+00 1.262992e+01 3.996388e+01 2.869514e+00 1.706957e+00 1.304659e+01 5.867443e+01 2.307152e+00 1.475753e+00 1.322788e+01 4.669193e+01 3.148450e+00 1.545682e+00 1.678540e+01 3.671515e+01
<GCONST> 7.497507e+01
<MIXTURE> 4 1.360887e-01
<MEAN> 20
 -6.801343e+00 -2.075852e+00 -2.154795e+01 -7.492421e+00 -1.106175e+01 -1.097517e+01 -2.385781e+01 -1.199336e+01 -7.781380e+00 -1.052793e+01 -1.984361e+01 -6.187357e+00 -4.726604e+00 -8.865005e+00 -1.239410e+01 -3.550142e+00 -2.081112e+00 -6.518037e+00 -9.161198e+00 -3.532453e+00
<VARIANCE> 20
 2.991724e+01 5.195604e+00 2.208092e+02 6.505002e+01 8.602474e+01 3.313730e+01 2.487728e+02 1.306879e+02 5.000875e+01 3.629672e+01 2.205624e+02 1.443597e+02 3.807194e+01 4.059241e+01 1.192201e+02 8.084322e+01 5.672770e+01 4.358691e+01 1.250177e+02 8.448021e+01
<GCONST> 1.211878e+02
<STATE> 4
<NUMMIXES> 4
<MIXTURE> 1 8.566810e-02
<MEAN> 20
 3.837229e+00 -1.533295e+00 1.014892e+01 -7.557160e+00 6.298975e+00 -1.018306e+01 7.902258e+00 -1.288037e+01 3.815800e+00 -1.013261e+01 5.058432e+00 -8.219165e+00 1.180286e+00 -9.074458e+00 3.263302e+00 -5.920746e+00 -1.527204e+00 -7.363830e+00 1.542471e+00 -6.114257e+00
<VARIANCE> 20
 3.932545e+01 1.865606e+00 3.578670e+02 3.031464e+01 9.757505e+01 1.795064e+01 2.684737e+02 8.745500e+01 4.752784e+01 2.229529e+01 1.719936e+02 8.724923e+01 3.223178e+01 2.568620e+01 6.445087e+01 5.419685e+01 4.925458e+01 2.797218e+01 5.110556e+01 6.387816e+01
<GCONST> 1.146553e+02
<MIXTURE> 2 3.065733e-01
<MEAN> 20
 -7.165564e+00 -1.717765e+00 -1.911091e+01 -1.052273e+01 -8.002099e+00 -1.114707e+01 -1.071703e+01 -1.553519e+01 -2.628479e+00 -1.118335e+01 -6.008689e+00 -6.673300e+00 2.576475e+00 -1.038183e+01 -1.817076e+00 -5.404585e+00 7.757336e+00 -8.985178e+00 2.196707e+00 -5.830274e+00
<VARIANCE> 20
 1.104553e+00 3.983503e-01 2.817033e+01 1.139015e+01 2.567266e+00 1.853909e+00 4.700791e+00 4.067342e+01 2.437394e+00 1.748320e+00 1.524745e+00 2.419690e+00 2.774111e+00 1.340599e+00 1.289479e+00 2.151613e+00 3.275769e+00 1.054629e+00 2.216319e+00 2.363394e+00
<GCONST> 5.650566e+01
<MIXTURE> 3 3.238147e-01
<MEAN> 20
 -7.489896e+00 -1.978505e+00 -1.621843e+01 -1.088520e+01 -8.335668e+00 -1.244828e+01 -1.463633e+01 -1.732951e+01 -3.262997e+00 -1.261722e+01 -1.097700e+01 -1.392958e+01 1.742013e+00 -1.179552e+01 -6.462787e+00 -1.061315e+01 6.659713e+00 -1.016004e+01 -1.122534e+00 -1.105655e+01
<VARIANCE> 20
 9.164865e-01 7.851959e-01 4.372855e+01 7.755963e+00 5.301749e+00 2.414639e+00 1.210755e+01 3.595059e+01 3.961214e+00 2.078359e+00 1.639606e+01 4.590893e+01 3.726681e+00 1.644238e+00 1.440047e+01 3.140637e+01 4.748261e+00 1.619579e+00 2.880771e+01 3.074538e+01
<GCONST> 7.636576e+01
<MIXTURE> 4 2.839440e-01
<MEAN> 20
 -9.582608e+00 -2.303669e+00 -2.418350e+01 -1.167961e+01 -1.107418e+01 -1.413024e+01 -2.286257e+01 -1.840675e+01 -6.265972e+00 -1.441006e+01 -2.033237e+01 -1.340084e+01 -1.912745e+00 -1.349388e+01 -1.490721e+01 -1.025140e+01 1.929115e+00 -1.166434e+01 -1.023697e+01 -1.057374e+01
<VARIANCE> 20
 1.785656e+00 2.038555e+00 3.159047e+01 1.330292e+01 2.508293e+01 4.263765e+00 2.844659e+01 4.324162e+01 1.565625e+01 4.020998e+00 3.421194e+01 4.528654e+01 8.453246e+00 4.569324e+00 4.035299e+01 3.856821e+01 1.360335e+01 6.086150e+00 5.650476e+01 4.178678e+01
<GCONST> 9.055280e+01
<STATE> 5
<NUMMIXES> 4
<MIXTURE> 1 1.635282e-01
<MEAN> 20
 -5.305868e+00 -1.479416e+00 -1.446324e+01 -6.987544e+00 -6.707306e+00 -9.736360e+00 -1.335850e+01 -1.214940e+01 -3.000244e+00 -9.670216e+00 -1.038847e+01 -6.463730e+00 4.037109e-01 -8.571386e+00 -5.369626e+00 -4.456776e+00 3.476056e+00 -6.856249e+00 -1.693315e+00 -4.524171e+00
<VARIANCE> 20
 1.655315e+01 1.749723e+00 1.478577e+02 1.740342e+01 4.790824e+01 6.764792e+00 1.381493e+02 4.233977e+01 2.469897e+01 7.143803e+00 1.083518e+02 4.955646e+01 1.674827e+01 8.014907e+00 5.057986e+01 2.761501e+01 2.607289e+01 9.612847e+00 5.079178e+01 2.876079e+01
<GCONST> 1.011453e+02
<MIXTURE> 2 2.670961e-01
<MEAN> 20
 -8.241316e+00 -1.732278e+00 -2.622588e+01 -1.073665e+01 -9.378407e+00 -1.322229e+01 -1.357654e+01 -2.369543e+01 -2.816131e+00 -1.348079e+01 -7.378683e+00 -6.739936e+00 3.338876e+00 -1.243183e+01 -2.521719e+00 -5.273812e+00 9.191763e+00 -1.058574e+01 1.623396e+00 -5.818213e+00
<VARIANCE> 20
 5.318637e-01 5.742509e-01 1.407664e+01 9.414134e+00 3.295035e+00 1.041537e+00 8.981774e+00 1.413251e+01 2.769729e+00 1.000323e+00 3.219572e+00 2.681429e+00 2.317338e+00 8.629594e-01 2.670458e+00 1.857323e+00 2.027570e+00 8.956311e-01 4.816864e+00 2.178282e+00
<GCONST> 5.495137e+01
<MIXTURE> 3 3.666997e-01
<MEAN> 20
 -7.619840e+00 -2.001735e+00 -1.342891e+01 -1.106832e+01 -9.093934e+00 -1.193805e+01 -1.314989e+01 -1.443538e+01 -4.229999e+00 -1.206147e+01 -8.936670e+00 -1.238674e+01 7.466937e-01 -1.146512e+01 -4.931412e+00 -9.680033e+00 6.003281e+00 -1.024214e+01 -2.247155e-01 -1.125432e+01
<VARIANCE> 20
 5.807925e-01 4.451224e-01 3.281476e+01 5.243646e+00 2.336530e+00 1.138875e+00 3.806985e+00 3.029171e+01 1.651214e+00 9.183638e-01 4.293719e+00 3.262838e+01 1.529381e+00 7.009000e-01 4.404733e+00 1.582104e+01 1.779296e+00 7.411900e-01 4.084767e+00 2.360851e+01
<GCONST> 6.079686e+01
<MIXTURE> 4 2.026759e-01
<MEAN> 20
 -1.069698e+01 -2.085376e+00 -2.584005e+01 -1.530217e+01 -1.401376e+01 -1.618407e+01 -2.165193e+01 -2.141747e+01 -7.360286e+00 -1.694498e+01 -1.549010e+01 -1.516657e+01 -6.547941e-01 -1.628744e+01 -8.754761e+00 -1.173174e+01 6.026655e+00 -1.457565e+01 -2.260431e+00 -1.377504e+01
<VARIANCE> 20
 2.659934e+00 1.740082e+00 7.329717e+01 1.243303e+01 1.833895e+01 5.176234e+00 2.737491e+01 7.809178e+01 1.369889e+01 5.228389e+00 3.195099e+01 8.436126e+01 1.114827e+01 4.748860e+00 2.358645e+01 6.032724e+01 1.185778e+01 4.662230e+00 4.027299e+01 7.247819e+01
<GCONST> 9.271710e+01
<STATE> 6
<NUMMIXES> 4
<MIXTURE> 1 2.955912e-01
<MEAN> 20
 -6.287206e+00 -1.114766e+00 -1.586784e+01 -7.191383e+00 -8.352617e+00 -9.907716e+00 -1.130379e+01 -1.523866e+01 -3.610460e+00 -1.015390e+01 -7.049706e+00 -1.027191e+01 1.111380e+00 -9.600366e+00 -2.847458e+00 -7.660137e+00 5.870564e+00 -8.445676e+00 1.844811e+00 -8.072674e+00
<VARIANCE> 20
 8.615657e-01 3.360308e-01 3.789376e+01 9.121044e+00 3.514187e+00 1.264075e+00 6.563520e+00 2.628095e+01 2.607815e+00 1.165552e+00 4.700494e+00 3.146694e+01 2.591769e+00 9.562409e-01 3.508229e+00 1.766207e+01 2.989749e+00 9.876848e-01 7.295668e+00 1.745104e+01
<GCONST> 6.507679e+01
<MIXTURE> 2 3.026052e-01
<MEAN> 20
 -7.923595e+00 -2.585528e+00 -2.074524e+01 -1.357338e+01 -6.728024e+00 -1.359085e+01 -1.041523e+01 -1.934539e+01 -6.758053e-01 -1.341077e+01 -6.227877e+00 -8.143926e+00 4.947671e+00 -1.218734e+01 -1.908762e+00 -6.673106e+00 1.032713e+01 -1.024175e+01 3.181055e+00 -8.452604e+00
<VARIANCE> 20
 6.042085e-01 4.755841e-01 2.858664e+01 6.051027e+00 2.300068e+00 8.692834e-01 4.518340e+00 5.669168e+01 1.899480e+00 8.389330e-01 2.949954e+00 5.403246e+00 1.939479e+00 6.983359e-01 3.374009e+00 4.034014e+00 1.953492e+00 7.594178e-01 1.169331e+01 2.166330e+01
<GCONST> 5.898031e+01
<MIXTURE> 3 8.216433e-02
<MEAN> 20
 -6.293793e+00 -1.947553e+00 -1.724434e+01 -9.253309e+00 -9.048691e+00 -1.147882e+01 -1.871810e+01 -1.341610e+01 -5.899967e+00 -1.155913e+01 -1.627693e+01 -9.539204e+00 -2.923942e+00 -1.046618e+01 -1.007894e+01 -7.240045e+00 -2.118834e-01 -8.606681e+00 -6.833728e+00 -7.226841e+00
<VARIANCE> 20
 3.894184e+01 2.981381e+00 3.047758e+02 4.376860e+01 1.087072e+02 2.056131e+01 2.883256e+02 9.161040e+01 5.850892e+01 2.397729e+01 2.235059e+02 1.190757e+02 3.367472e+01 2.823349e+01 1.084923e+02 9.064964e+01 4.010963e+01 3.234431e+01 9.312347e+01 8.824991e+01
<GCONST> 1.185728e+02
<MIXTURE> 4 3.196393e-01
<MEAN> 20
 -9.283460e+00 -1.578663e+00 -2.410007e+01 -1.171411e+01 -1.250379e+01 -1.382500e+01 -1.759062e+01 -1.943166e+01 -6.163936e+00 -1.438999e+01 -1.089290e+01 -1.104348e+01 2.099215e-01 -1.374322e+01 -5.521478e+00 -8.646953e+00 6.627120e+00 -1.223106e+01 -1.896909e-01 -1.043475e+01
<VARIANCE> 20
 1.510790e+00 9.841854e-01 7.914285e+01 1.280262e+01 6.054960e+00 2.739202e+00 1.324813e+01 6.647807e+01 3.680084e+00 2.559303e+00 7.877676e+00 4.692061e+01 3.295803e+00 2.066992e+00 7.419739e+00 2.312702e+01 4.507952e+00 1.915345e+00 1.103151e+01 3.253342e+01
<GCONST> 7.692223e+01
<STATE> 7
<MEAN> 20
 -7.493880e+00 -1.754053e+00 -1.897260e+01 -1.039455e+01 -8.920705e+00 -1.226264e+01 -1.383163e+01 -1.712747e+01 -3.615677e+00 -1.246186e+01 -9.261292e+00 -1.031930e+01 1.511844e+00 -1.159363e+01 -4.616772e+00 -7.828598e+00 6.505975e+00 -9.968893e+00 2.817262e-01 -8.862744e+00
<VARIANCE> 20
 8.606449e+00 1.216208e+00 1.029544e+02 1.829815e+01 2.578254e+01 6.959123e+00 6.261432e+01 5.923689e+01 1.499173e+01 7.434638e+00 4.702785e+01 5.061713e+01 1.131522e+01 7.476208e+00 2.913265e+01 3.132987e+01 1.604308e+01 7.629591e+00 3.830107e+01 3.933471e+01
<GCONST> 9.592304e+01
<TRANSP> 8
 0.000000e+00 1.000000e+00 0.000000e+00 0.000000e+00 0.000000e+00 0.000000e+00 0.000000e+00 0.000000e+00
 0.000000e+00 8.678103e-02 9.132190e-01 0.000000e+00 0.000000e+00 0.000000e+00 0.000000e+00 0.000000e+00
 0.000000e+00 0.000000e+00 5.438508e-01 4.561492e-01 0.000000e+00 0.000000e+00 0.000000e+00 0.000000e+00
 0.000000e+00 0.000000e+00 0.000000e+00 5.123922e-01 4.876077e-01 0.000000e+00 0.000000e+00 0.000000e+00
 0.000000e+00 0.000000e+00 0.000000e+00 0.000000e+00 5.515362e-01 4.484638e-01 0.000000e+00 0.000000e+00
 0.000000e+00 0.000000e+00 0.000000e+00 0.000000e+00 0.000000e+00 5.465932e-01 4.534068e-01 0.000000e+00
 0.000000e+00 0.000000e+00 0.000000e+00 0.000000e+00 0.000000e+00 0.000000e+00 6.988694e-02 9.301131e-01
 0.000000e+00 0.000000e+00 0.000000e+00 0.000000e+00 0.000000e+00 0.000000e+00 0.000000e+00 0.000000e+00
<ENDHMM>
