~o
<STREAMINFO> 1 20
<VECSIZE> 20<NULLD><USER><DIAGC>
~h "p"
<BEGINHMM>
<NUMSTATES> 8
<STATE> 2
<MEAN> 20
 -7.460325e+00 -1.923224e+00 -1.735809e+01 -9.084889e+00 -1.022605e+01 -1.144370e+01 -1.807933e+01 -1.368679e+01 -5.608738e+00 -1.142682e+01 -1.448544e+01 -9.302629e+00 -1.114083e+00 -1.031483e+01 -8.287539e+00 -6.490036e+00 3.195615e+00 -8.477085e+00 -4.148223e+00 -6.100492e+00
<VARIANCE> 20
 9.299365e+00 2.053926e+00 9.355914e+01 2.807008e+01 3.681939e+01 1.238531e+01 1.177998e+02 6.032897e+01 2.912677e+01 1.385069e+01 1.047180e+02 8.484366e+01 2.667235e+01 1.601332e+01 5.069845e+01 4.318380e+01 3.290577e+01 1.843266e+01 5.552772e+01 4.127259e+01
<GCONST> 1.055572e+02
<STATE> 3
<NUMMIXES> 4
<MIXTURE> 1 2.715341e-01
<MEAN> 20
 -5.676748e+00 -8.981482e-01 -1.198959e+01 -6.750805e+00 -7.665775e+00 -8.975411e+00 -9.971940e+00 -1.087648e+01 -3.215661e+00 -9.181043e+00 -6.699359e+00 -8.597654e+00 1.141703e+00 -8.656915e+00 -2.872974e+00 -6.091426e+00 5.461681e+00 -7.550593e+00 1.263160e+00 -5.918446e+00
<VARIANCE> 20
 5.438198e-01 3.286980e-01 1.798546e+01 6.193670e+00 2.792487e+00 9.361928e-01 6.188536e+00 1.285772e+01 2.373602e+00 8.427168e-01 4.758636e+00 2.033898e+01 2.843055e+00 6.866239e-01 4.658884e+00 1.021588e+01 3.637351e+00 8.001237e-01 6.512231e+00 9.687568e+00
<GCONST> 6.009673e+01
<MIXTURE> 2 4.011485e-01
<MEAN> 20
 -8.335331e+00 -2.024605e+00 -1.499196e+01 -1.157505e+01 -1.018881e+01 -1.339588e+01 -1.535184e+01 -1.816199e+01 -4.689662e+00 -1.370123e+01 -1.111925e+01 -1.567185e+01 8.210968e-01 -1.289754e+01 -6.098919e+00 -9.893070e+00 6.347576e+00 -1.120171e+01 -1.469364e+00 -9.415451e+00
<VARIANCE> 20
 1.018904e+00 8.874324e-01 4.300919e+01 5.871818e+00 6.823756e+00 1.789219e+00 1.415152e+01 4.361417e+01 5.229185e+00 1.657412e+00 1.305930e+01 6.698936e+01 4.479701e+00 1.446643e+00 1.096911e+01 2.119426e+01 4.249315e+00 1.561189e+00 1.399333e+01 1.734841e+01
<GCONST> 7.475127e+01
<MIXTURE> 3 1.665299e-01
<MEAN> 20
 -7.621581e+00 -1.494368e+00 -2.140063e+01 -5.799299e+00 -1.164648e+01 -1.008375e+01 -2.391114e+01 -1.155113e+01 -6.430952e+00 -1.020203e+01 -1.961947e+01 -4.273928e-01 -1.586177e+00 -8.582726e+00 -9.123672e+00 1.883730e-01 2.622166e+00 -6.127894e+00 -4.520871e+00 -3.193884e-05
<VARIANCE> 20
 2.077046e+00 6.415612e-01 1.849669e+01 5.148910e+00 8.972658e+00 2.379798e+00 2.912932e+01 1.796342e+01 9.450298e+00 2.006637e+00 2.472684e+01 1.204341e+01 9.710019e+00 2.045906e+00 1.083343e+01 4.515544e+00 1.012541e+01 2.648407e+00 9.640271e+00 3.608088e+00
<GCONST> 7.327851e+01
<MIXTURE> 4 1.607875e-01
<MEAN> 20
 -7.160277e+00 -2.242620e+00 -2.379212e+01 -5.937102e+00 -1.386760e+01 -9.996541e+00 -2.926102e+01 -1.054171e+01 -1.077074e+01 -9.348657e+00 -2.668013e+01 -4.852896e+00 -7.722662e+00 -7.440611e+00 -1.716689e+01 -2.683274e+00 -4.966882e+00 -4.882972e+00 -1.357663e+01 -1.829964e+00
<VARIANCE> 20
 2.484021e+01 4.942861e+00 1.781409e+02 4.784983e+01 8.547411e+01 2.057075e+01 2.510301e+02 7.484628e+01 5.927473e+01 2.106892e+01 2.272942e+02 1.020696e+02 4.364107e+01 2.405079e+01 1.127439e+02 6.088551e+01 4.402427e+01 2.782726e+01 9.188451e+01 5.753490e+01
<GCONST> 1.165875e+02
<STATE> 4
<NUMMIXES> 4
<MIXTURE> 1 4.269871e-01
<MEAN> 20
 -7.279160e+00 -1.742119e+00 -1.396797e+01 -1.020079e+01 -9.023052e+00 -1.135475e+01 -1.188258e+01 -1.267862e+01 -3.900814e+00 -1.152930e+01 -7.500503e+00 -9.874531e+00 1.227657e+00 -1.093775e+01 -3.188265e+00 -7.767191e+00 6.527633e+00 -9.709054e+00 1.186292e+00 -8.192377e+00
<VARIANCE> 20
 9.746200e-01 6.187241e-01 3.661255e+01 8.781514e+00 2.695241e+00 1.911189e+00 3.983735e+00 2.972098e+01 2.791026e+00 1.584691e+00 2.464224e+00 2.762388e+01 3.274427e+00 1.246228e+00 2.624849e+00 1.337321e+01 3.418152e+00 1.221105e+00 2.838345e+00 1.726607e+01
<GCONST> 6.443078e+01
<MIXTURE> 2 1.072089e-01
<MEAN> 20
 1.479125e+00 -1.209541e+00 3.486136e+00 -4.078944e+00 3.268498e+00 -7.016907e+00 3.642170e+00 -4.235727e+00 3.142349e+00 -6.838387e+00 3.634587e+00 -8.962837e-01 2.711571e+00 -5.725482e+00 3.326259e+00 -7.784327e-02 2.102103e+00 -4.095963e+00 3.381430e+00 -8.616016e-02
<VARIANCE> 20
 4.410539e+01 4.198948e+00 3.017260e+02 7.544064e+01 1.089036e+02 3.171486e+01 2.768156e+02 1.087200e+02 4.878609e+01 3.063920e+01 1.646992e+02 1.188643e+02 3.089120e+01 3.020396e+01 7.204703e+01 7.116192e+01 4.989432e+01 3.003942e+01 5.608631e+01 4.795208e+01
<GCONST> 1.182533e+02
<MIXTURE> 3 3.243993e-01
<MEAN> 20
 -8.587879e+00 -2.115748e+00 -2.049423e+01 -1.025286e+01 -1.013445e+01 -1.290078e+01 -2.096139e+01 -1.578849e+01 -5.498970e+00 -1.303717e+01 -1.864955e+01 -1.272642e+01 -1.167746e+00 -1.199900e+01 -1.301435e+01 -8.682990e+00 2.730806e+00 -1.008350e+01 -8.507696e+00 -8.012423e+00
<VARIANCE> 20
 1.967453e+00 1.895429e+00 2.946863e+01 1.278444e+01 2.098515e+01 4.786500e+00 2.276104e+01 2.937804e+01 1.364459e+01 4.285190e+00 2.936443e+01 4.710647e+01 8.257256e+00 4.680431e+00 2.799442e+01 3.086602e+01 1.094532e+01 5.958284e+00 3.413668e+01 3.088527e+01
<GCONST> 8.797540e+01
<MIXTURE> 4 1.414048e-01
<MEAN> 20
 -8.615240e+00 -1.679656e+00 -3.018833e+01 5.863762e-01 -2.052445e+01 -5.453266e+00 -3.885077e+01 -1.908194e+00 -1.649715e+01 -4.274708e+00 -3.062103e+01 8.421991e+00 -1.186036e+01 -1.856199e+00 -1.532632e+01 5.052927e+00 -7.319948e+00 1.002863e+00 -1.186935e+01 5.848923e+00
<VARIANCE> 20
 3.342326e+00 1.502764e+00 1.980614e+01 1.351599e+01 1.061787e+01 7.940580e+00 3.670625e+01 3.720288e+01 8.294738e+00 9.430418e+00 4.840451e+01 2.497215e+01 8.452880e+00 1.006315e+01 2.057409e+01 9.174095e+00 1.158865e+01 1.037445e+01 2.143552e+01 9.887539e+00
<GCONST> 8.690165e+01
<STATE> 5
<NUMMIXES> 4
<MIXTURE> 1 4.353932e-01
<MEAN> 20
 -7.267907e+00 -2.108986e+00 -1.423527e+01 -1.037305e+01 -7.874551e+00 -1.223650e+01 -1.472826e+01 -1.515366e+01 -2.777130e+00 -1.232217e+01 -1.167116e+01 -1.070999e+01 2.149035e+00 -1.135885e+01 -6.712833e+00 -7.330100e+00 6.844268e+00 -9.588404e+00 -1.812787e+00 -7.069569e+00
<VARIANCE> 20
 6.106388e-01 5.984066e-01 3.333478e+01 5.396375e+00 5.293149e+00 1.919220e+00 1.338650e+01 2.747586e+01 4.770823e+00 1.561672e+00 1.183672e+01 3.527489e+01 4.850269e+00 1.141013e+00 1.138645e+01 1.451547e+01 5.596394e+00 1.234507e+00 1.436285e+01 1.644563e+01
<GCONST> 7.142776e+01
<MIXTURE> 2 2.031835e-01
<MEAN> 20
 -4.610798e+00 -1.036016e+00 -1.211121e+01 -3.425942e+00 -6.296372e+00 -7.883111e+00 -1.086876e+01 -7.701583e+00 -1.885614e+00 -7.914828e+00 -8.920165e+00 -4.565657e-01 1.966774e+00 -6.590720e+00 -3.722412e+00 -4.369212e-01 5.094513e+00 -4.626580e+00 -5.852396e-02 -3.825800e-01
<VARIANCE> 20
 1.021379e+01 8.307685e-01 7.190431e+01 1.349009e+01 2.981911e+01 3.393020e+00 8.831597e+01 2.375886e+01 1.521808e+01 3.702503e+00 5.730762e+01 2.899953e+01 9.702082e+00 4.363025e+00 2.248635e+01 1.009479e+01 1.256348e+01 5.315186e+00 1.851992e+01 8.622499e+00
<GCONST> 8.793113e+01
<MIXTURE> 3 2.631086e-01
<MEAN> 20
 -1.032354e+01 -1.707519e+00 -2.414643e+01 -1.260186e+01 -1.501608e+01 -1.465336e+01 -2.353870e+01 -1.801011e+01 -9.160475e+00 -1.534596e+01 -1.874316e+01 -1.565972e+01 -3.172315e+00 -1.483138e+01 -1.196713e+01 -1.084266e+01 2.829973e+00 -1.333135e+01 -6.053248e+00 -1.220361e+01
<VARIANCE> 20
 1.983021e+00 1.984321e+00 4.330972e+01 1.459703e+01 1.533170e+01 4.917290e+00 2.434505e+01 5.545457e+01 1.100888e+01 4.247805e+00 3.856732e+01 8.385646e+01 8.525809e+00 3.973250e+00 3.770690e+01 3.910230e+01 1.119222e+01 4.773263e+00 4.968680e+01 5.604607e+01
<GCONST> 9.076270e+01
<MIXTURE> 4 9.831461e-02
<MEAN> 20
 -8.628273e+00 -2.259029e+00 -3.180237e+01 -1.276446e+00 -2.068643e+01 -6.597045e+00 -4.067819e+01 -4.200241e+00 -1.710320e+01 -5.067878e+00 -3.322806e+01 5.721086e+00 -1.303789e+01 -2.340059e+00 -1.856479e+01 4.371832e+00 -9.071151e+00 7.429869e-01 -1.461924e+01 5.327256e+00
<VARIANCE> 20
 5.514186e+00 2.755619e+00 3.704503e+01 2.933306e+01 2.961999e+01 1.323118e+01 7.126195e+01 6.539024e+01 2.799232e+01 1.429633e+01 9.867928e+01 4.618536e+01 2.667993e+01 1.510956e+01 4.963298e+01 2.391388e+01 2.942124e+01 1.603453e+01 4.623994e+01 2.067855e+01
<GCONST> 1.014013e+02
<STATE> 6
<NUMMIXES> 4
<MIXTURE> 1 2.921456e-01
<MEAN> 20
 -6.160062e+00 -1.590100e+00 -1.417780e+01 -7.921422e+00 -6.790858e+00 -1.082717e+01 -1.166214e+01 -1.273013e+01 -1.723659e+00 -1.089556e+01 -8.479705e+00 -7.024914e+00 2.874343e+00 -9.732018e+00 -3.656431e+00 -4.250804e+00 6.977050e+00 -7.804459e+00 8.418612e-01 -4.358879e+00
<VARIANCE> 20
 9.284058e+00 1.152036e+00 7.760073e+01 1.546417e+01 2.300962e+01 5.984798e+00 6.561030e+01 3.659953e+01 1.178731e+01 5.269520e+00 4.126289e+01 4.860341e+01 7.858835e+00 4.948351e+00 2.010393e+01 1.803954e+01 1.062133e+01 5.207117e+00 1.900326e+01 2.032720e+01
<GCONST> 9.018262e+01
<MIXTURE> 2 3.764368e-01
<MEAN> 20
 -8.549438e+00 -1.543110e+00 -1.961871e+01 -1.005333e+01 -1.246501e+01 -1.259328e+01 -1.980836e+01 -1.566918e+01 -7.062247e+00 -1.315023e+01 -1.519612e+01 -1.254320e+01 -1.478201e+00 -1.256114e+01 -9.199222e+00 -8.940111e+00 4.168026e+00 -1.107270e+01 -4.243735e+00 -9.568067e+00
<VARIANCE> 20
 1.133797e+00 8.230160e-01 4.475581e+01 7.946045e+00 5.312081e+00 1.354137e+00 1.664591e+01 3.625348e+01 3.120133e+00 1.270325e+00 1.885834e+01 6.489129e+01 2.439742e+00 1.410962e+00 1.481062e+01 2.943284e+01 3.270074e+00 2.211065e+00 1.531800e+01 3.822437e+01
<GCONST> 7.508929e+01
<MIXTURE> 3 1.350575e-01
<MEAN> 20
 -8.173148e+00 -8.862281e-01 -2.531297e+01 5.327318e-01 -1.687796e+01 -5.888612e+00 -3.210805e+01 -2.791061e+00 -1.199617e+01 -5.604764e+00 -2.294394e+01 6.440128e+00 -6.766595e+00 -3.816392e+00 -1.131977e+01 4.243032e+00 -1.912099e+00 -1.422288e+00 -6.916063e+00 4.273390e+00
<VARIANCE> 20
 2.299227e+00 1.402194e+00 2.699879e+01 1.992864e+01 1.443082e+01 1.294323e+01 5.222800e+01 4.373071e+01 1.481995e+01 1.506779e+01 5.255577e+01 2.976357e+01 1.493772e+01 1.535768e+01 2.570526e+01 1.289291e+01 1.628243e+01 1.482737e+01 2.322032e+01 1.113058e+01
<GCONST> 9.222356e+01
<MIXTURE> 4 1.963602e-01
<MEAN> 20
 -7.948398e+00 -3.193394e+00 -2.612351e+01 -9.991507e+00 -1.292365e+01 -1.252826e+01 -3.094845e+01 -1.558885e+01 -9.714500e+00 -1.148441e+01 -2.954438e+01 -7.794312e+00 -7.099540e+00 -9.105518e+00 -1.990007e+01 -3.233527e+00 -5.150565e+00 -6.102500e+00 -1.663055e+01 -2.071367e+00
<VARIANCE> 20
 1.453822e+01 2.855286e+00 4.521915e+01 2.031006e+01 3.157429e+01 8.147086e+00 6.872955e+01 3.546890e+01 2.206921e+01 1.182271e+01 8.367404e+01 4.161550e+01 2.122380e+01 1.677862e+01 4.768720e+01 1.540519e+01 3.267117e+01 2.104958e+01 5.374224e+01 1.796805e+01
<GCONST> 1.002553e+02
<STATE> 7
<MEAN> 20
 -7.358984e+00 -1.705094e+00 -1.854240e+01 -7.970978e+00 -1.065492e+01 -1.096614e+01 -1.886861e+01 -1.262501e+01 -5.863062e+00 -1.100511e+01 -1.474797e+01 -7.166048e+00 -1.201501e+00 -9.833277e+00 -8.256947e+00 -4.730139e+00 3.180695e+00 -7.907216e+00 -3.894336e+00 -4.895375e+00
<VARIANCE> 20
 9.242502e+00 1.807003e+00 9.934818e+01 2.913254e+01 4.032361e+01 1.194706e+01 1.392940e+02 5.683853e+01 3.276773e+01 1.369951e+01 1.201668e+02 8.770393e+01 2.943547e+01 1.654996e+01 6.116172e+01 3.936860e+01 3.383631e+01 1.951859e+01 5.806573e+01 4.788668e+01
<GCONST> 1.064658e+02
<TRANSP> 8
 0.000000e+00 1.000000e+00 0.000000e+00 0.000000e+00 0.000000e+00 0.000000e+00 0.000000e+00 0.000000e+00
 0.000000e+00 8.088236e-02 9.191176e-01 0.000000e+00 0.000000e+00 0.000000e+00 0.000000e+00 0.000000e+00
 0.000000e+00 0.000000e+00 5.898277e-01 4.101723e-01 0.000000e+00 0.000000e+00 0.000000e+00 0.000000e+00
 0.000000e+00 0.000000e+00 0.000000e+00 5.378928e-01 4.621072e-01 0.000000e+00 0.000000e+00 0.000000e+00
 0.000000e+00 0.000000e+00 0.000000e+00 0.000000e+00 5.318352e-01 4.681648e-01 0.000000e+00 0.000000e+00
 0.000000e+00 0.000000e+00 0.000000e+00 0.000000e+00 0.000000e+00 5.210728e-01 4.789272e-01 0.000000e+00
 0.000000e+00 0.000000e+00 0.000000e+00 0.000000e+00 0.000000e+00 0.000000e+00 3.288201e-02 9.671180e-01
 0.000000e+00 0.000000e+00 0.000000e+00 0.000000e+00 0.000000e+00 0.000000e+00 0.000000e+00 0.000000e+00
<ENDHMM>
