~o
<STREAMINFO> 1 20
<VECSIZE> 20<NULLD><USER><DIAGC>
~h "q"
<BEGINHMM>
<NUMSTATES> 8
<STATE> 2
<MEAN> 20
 -6.985790e+00 -1.348724e+00 -1.704963e+01 -6.543094e+00 -1.043842e+01 -1.019232e+01 -1.676806e+01 -9.610180e+00 -6.107890e+00 -1.029195e+01 -1.131367e+01 -7.882629e+00 -1.667821e+00 -9.468184e+00 -6.694939e+00 -5.345300e+00 2.805113e+00 -7.997710e+00 -2.828061e+00 -5.221762e+00
<VARIANCE> 20
 2.059846e+01 2.302362e+00 1.291489e+02 5.563406e+01 6.070132e+01 2.428784e+01 1.308680e+02 1.086278e+02 3.228107e+01 2.407112e+01 5.801543e+01 9.670466e+01 2.143483e+01 2.379815e+01 2.415973e+01 5.295433e+01 3.027861e+01 2.317202e+01 2.815573e+01 5.000498e+01
<GCONST> 1.088344e+02
<STATE> 3
<NUMMIXES> 4
<MIXTURE> 1 4.900000e-01
<MEAN> 20
 -8.432697e+00 -1.975076e+00 -1.704781e+01 -1.111940e+01 -1.081665e+01 -1.315674e+01 -1.718222e+01 -1.685679e+01 -4.985435e+00 -1.357997e+01 -1.136780e+01 -1.446947e+01 8.179112e-01 -1.280074e+01 -6.360821e+00 -8.550013e+00 6.516995e+00 -1.113709e+01 -1.396730e+00 -8.301503e+00
<VARIANCE> 20
 2.339419e+00 7.939245e-01 3.762846e+01 1.270626e+01 9.997753e+00 4.841193e+00 2.053703e+01 4.877687e+01 7.753008e+00 5.235126e+00 1.345533e+01 7.973399e+01 7.502377e+00 4.980002e+00 1.061681e+01 2.864602e+01 8.379372e+00 4.870466e+00 1.022993e+01 2.230355e+01
<GCONST> 8.349421e+01
<MIXTURE> 2 3.300000e-01
<MEAN> 20
 -4.798090e+00 -3.905925e-01 -1.141343e+01 -3.842000e+00 -8.182085e+00 -6.823586e+00 -8.736441e+00 -6.757308e+00 -4.199168e+00 -7.225656e+00 -5.282412e+00 -5.793531e+00 -2.188116e-01 -7.043095e+00 -2.100339e+00 -3.332654e+00 3.712169e+00 -6.433240e+00 9.239581e-01 -3.578478e+00
<VARIANCE> 20
 2.787452e-01 3.666330e-01 1.214888e+01 1.364459e+01 2.225674e+00 3.335848e-01 1.795998e+00 2.024247e+01 8.022209e-01 5.092717e-01 5.005537e-01 1.730173e+01 6.121753e-01 4.578557e-01 1.276337e-01 2.458471e+00 6.565303e-01 4.297863e-01 3.703842e-01 2.093761e+00
<GCONST> 4.019594e+01
<MIXTURE> 3 1.000000e-01
<MEAN> 20
 -1.042605e+01 -2.460431e+00 -3.940014e+01 3.387018e+00 -2.521468e+01 -5.506540e+00 -4.251023e+01 8.978218e+00 -1.929908e+01 -3.346695e+00 -2.728582e+01 5.811402e+00 -1.284619e+01 -1.474756e-01 -1.931502e+01 7.328653e+00 -6.832221e+00 3.401414e+00 -1.407201e+01 8.754116e+00
<VARIANCE> 20
 3.199656e+00 1.133386e+00 9.862527e+00 1.373803e+01 2.269729e+01 1.034423e+00 1.399331e+01 1.631019e+01 1.422913e+01 5.647820e-01 7.160606e+01 1.713058e+01 6.169084e+00 7.168956e-01 3.002584e+01 1.322559e+01 2.677961e+00 6.576846e-01 1.751311e+01 9.712999e+00
<GCONST> 7.391057e+01
<MIXTURE> 4 8.000000e-02
<MEAN> 20
 -8.113354e+00 -7.675770e-01 -2.470030e+01 1.678669e+00 -1.703598e+01 -8.120155e+00 -2.869236e+01 1.520633e+00 -1.160964e+01 -7.879078e+00 -1.704829e+01 1.665186e+00 -5.943665e+00 -6.267665e+00 -9.287367e+00 1.543991e+00 -7.725670e-01 -4.063001e+00 -4.481956e+00 1.805197e+00
<VARIANCE> 20
 4.277476e+00 2.670859e+00 5.272269e+01 1.168700e+01 2.876619e+01 3.758839e+00 1.171606e+02 7.471596e+00 3.670575e+01 4.058775e+00 1.234695e+02 5.276138e+00 4.618580e+01 5.458326e+00 3.040496e+01 4.250898e+00 5.925228e+01 7.734661e+00 4.270304e+01 4.122879e+00
<GCONST> 9.024768e+01
<STATE> 4
<NUMMIXES> 4
<MIXTURE> 1 2.929293e-01
<MEAN> 20
 -6.012614e+00 -1.200972e+00 -1.065789e+01 -8.125155e+00 -8.102082e+00 -9.849227e+00 -1.089184e+01 -1.226381e+01 -3.348729e+00 -1.013261e+01 -6.131915e+00 -9.652603e+00 1.318228e+00 -9.510957e+00 -2.120610e+00 -4.870667e+00 5.979896e+00 -8.229302e+00 1.324327e+00 -5.166959e+00
<VARIANCE> 20
 1.006942e+00 3.901702e-01 3.504261e+01 1.091323e+01 1.508152e+00 2.929615e+00 5.254801e+00 2.801970e+01 1.557736e+00 2.785143e+00 9.550295e-01 5.122309e+01 2.208268e+00 1.966933e+00 1.386104e+00 5.133410e+00 3.178937e+00 1.161761e+00 1.075747e+00 7.778596e+00
<GCONST> 6.046717e+01
<MIXTURE> 2 1.414141e-01
<MEAN> 20
 -7.761004e+00 1.264593e-01 -2.122655e+01 3.852137e+00 -1.367998e+01 -7.098649e+00 -1.996886e+01 2.240282e+00 -6.723753e+00 -7.328055e+00 -8.256516e+00 1.353315e+00 -1.235362e-01 -6.023794e+00 -2.956295e+00 1.773663e+00 5.594853e+00 -4.178901e+00 2.226327e+00 1.717482e+00
<VARIANCE> 20
 1.266682e+00 1.432247e+00 1.761600e+01 2.009947e+01 6.841065e+00 9.870332e+00 2.452941e+01 3.605419e+01 5.484066e+00 8.163955e+00 8.810728e+00 9.872458e+00 5.696046e+00 7.092843e+00 7.870173e+00 9.642646e+00 6.958099e+00 6.045733e+00 8.834558e+00 5.060976e+00
<GCONST> 7.805497e+01
<MIXTURE> 3 1.010101e-01
<MEAN> 20
 -1.063904e+01 -1.215574e+00 -3.222924e+01 1.231462e+00 -1.971882e+01 -8.668033e+00 -3.651269e+01 7.944296e-01 -1.447230e+01 -8.016665e+00 -2.199649e+01 1.191757e+00 -9.061490e+00 -5.982155e+00 -1.427968e+01 2.003413e+00 -4.247241e+00 -3.374300e+00 -9.769995e+00 2.479540e+00
<VARIANCE> 20
 4.800530e+00 2.420588e+00 3.959815e+01 2.815114e+01 1.569158e+01 1.599747e+01 2.705041e+01 4.921498e+01 1.437826e+01 1.579573e+01 4.354641e+01 3.208278e+01 1.230271e+01 1.588323e+01 1.520610e+01 2.288369e+01 1.214063e+01 1.665971e+01 1.088414e+01 2.173673e+01
<GCONST> 9.351678e+01
<MIXTURE> 4 4.646465e-01
<MEAN> 20
 -9.167793e+00 -1.676196e+00 -2.057796e+01 -9.948044e+00 -1.386555e+01 -1.343743e+01 -2.078367e+01 -1.696766e+01 -8.159744e+00 -1.403130e+01 -1.467955e+01 -1.648671e+01 -2.231141e+00 -1.354850e+01 -8.046653e+00 -1.113387e+01 3.865345e+00 -1.217010e+01 -2.591555e+00 -1.152280e+01
<VARIANCE> 20
 2.069417e+00 1.104599e+00 6.099617e+01 2.139715e+01 6.589310e+00 3.505862e+00 1.814722e+01 3.746744e+01 5.339839e+00 3.248794e+00 1.745115e+01 6.035334e+01 5.108443e+00 3.244676e+00 8.752880e+00 2.864423e+01 6.171044e+00 3.752776e+00 1.274043e+01 2.634241e+01
<GCONST> 8.152391e+01
<STATE> 5
<NUMMIXES> 4
<MIXTURE> 1 5.073529e-01
<MEAN> 20
 -7.471558e+00 -1.907183e+00 -1.354406e+01 -1.036948e+01 -8.310041e+00 -1.165636e+01 -1.272965e+01 -1.224870e+01 -3.425903e+00 -1.182356e+01 -8.210679e+00 -1.038119e+01 1.455042e+00 -1.125455e+01 -4.264349e+00 -8.915696e+00 6.471306e+00 -1.005155e+01 2.502871e-01 -1.094886e+01
<VARIANCE> 20
 1.283536e+00 4.102048e-01 2.439002e+01 1.137665e+01 1.742502e+00 3.197105e+00 8.749826e+00 1.868719e+01 2.219287e+00 2.829000e+00 5.484037e+00 2.630321e+01 3.093853e+00 2.273837e+00 4.129149e+00 2.133742e+01 3.650483e+00 2.193942e+00 2.363748e+00 3.584929e+01
<GCONST> 6.831443e+01
<MIXTURE> 2 2.426471e-01
<MEAN> 20
 -9.048655e+00 -1.209917e+00 -2.520535e+01 -5.182095e+00 -1.519446e+01 -1.186324e+01 -2.535158e+01 -1.136124e+01 -9.142958e+00 -1.277876e+01 -1.385586e+01 -6.580454e+00 -2.949887e+00 -1.227182e+01 -7.327419e+00 -4.510350e+00 3.137928e+00 -1.084146e+01 -2.547872e+00 -5.252227e+00
<VARIANCE> 20
 3.498468e+00 1.934399e+00 2.004705e+01 4.280019e+01 7.978638e+00 6.769016e+00 2.517828e+01 4.562925e+01 9.013934e+00 5.005679e+00 2.735859e+01 2.132885e+01 9.455741e+00 4.810142e+00 8.002166e+00 1.193447e+01 1.035039e+01 5.997355e+00 9.432023e+00 2.235403e+01
<GCONST> 8.449433e+01
<MIXTURE> 3 1.911765e-01
<MEAN> 20
 -9.162922e+00 7.530898e-01 -2.762470e+01 6.630326e+00 -2.124744e+01 -5.530102e+00 -3.258797e+01 5.456028e+00 -1.601589e+01 -6.053083e+00 -1.530116e+01 2.736944e+00 -9.852091e+00 -5.167974e+00 -9.879635e+00 2.288454e+00 -3.923487e+00 -3.613105e+00 -5.568249e+00 2.196745e+00
<VARIANCE> 20
 2.160035e+00 6.487672e-01 1.978421e+01 7.857671e+00 8.544912e+00 4.529342e+00 1.460748e+01 1.397002e+01 6.376833e+00 6.419967e+00 9.016790e+00 3.523358e+00 4.602673e+00 7.896856e+00 7.438715e+00 4.361164e+00 4.117034e+00 8.654264e+00 7.231469e+00 5.468520e+00
<GCONST> 7.260947e+01
<MIXTURE> 4 5.882353e-02
<MEAN> 20
 -8.570837e+00 -1.939090e+00 -2.843676e+01 -2.024685e+00 -1.566379e+01 -1.017916e+01 -3.363728e+01 -3.193728e+00 -1.034978e+01 -9.355876e+00 -2.996393e+01 8.579851e-01 -5.318915e+00 -6.831815e+00 -1.885171e+01 2.659248e+00 -1.021871e+00 -3.634460e+00 -1.391045e+01 3.438886e+00
<VARIANCE> 20
 2.560093e+00 3.221989e+00 5.091534e+00 1.664351e+01 3.987272e+00 6.688901e+00 1.496153e+01 3.282473e+01 1.221808e+00 3.469561e+00 3.323793e+01 4.060481e+01 4.924331e+00 2.790771e+00 2.192089e+01 8.639819e+00 1.462624e+01 3.315196e+00 2.114199e+01 5.821478e+00
<GCONST> 7.799781e+01
<STATE> 6
<NUMMIXES> 4
<MIXTURE> 1 5.256410e-01
<MEAN> 20
 -7.340829e+00 -1.188940e+00 -1.572760e+01 -7.946690e+00 -1.081680e+01 -1.113258e+01 -1.589656e+01 -1.284824e+01 -5.291577e+00 -1.172158e+01 -1.018127e+01 -1.031357e+01 3.196338e-01 -1.124858e+01 -4.509069e+00 -5.396126e+00 5.843745e+00 -9.938406e+00 3.921393e-01 -6.391675e+00
<VARIANCE> 20
 2.839667e+00 1.121898e+00 4.733021e+01 2.213352e+01 9.984000e+00 6.050826e+00 3.000190e+01 2.898044e+01 6.346066e+00 5.361645e+00 2.004794e+01 3.919667e+01 4.472014e+00 4.674590e+00 7.465922e+00 1.627472e+01 4.513081e+00 4.247627e+00 4.672724e+00 3.038710e+01
<GCONST> 8.168241e+01
<MIXTURE> 2 1.923077e-01
<MEAN> 20
 -6.980932e+00 -2.975332e-01 -2.129709e+01 2.652530e+00 -1.282229e+01 -6.816039e+00 -2.106485e+01 2.395367e+00 -6.977479e+00 -7.008432e+00 -9.386763e+00 1.505908e+00 -1.065545e+00 -5.833963e+00 -3.798038e+00 1.432377e+00 4.307972e+00 -4.078882e+00 7.177189e-01 1.697768e+00
<VARIANCE> 20
 1.589214e+00 7.779700e-01 2.005891e+01 7.746057e+00 8.789905e+00 7.225774e+00 4.391443e+01 1.437854e+01 1.236879e+01 8.378559e+00 1.209815e+01 5.050029e+00 1.203224e+01 9.859005e+00 9.843818e+00 5.394004e+00 1.009405e+01 1.119601e+01 7.789820e+00 6.238838e+00
<GCONST> 7.872732e+01
<MIXTURE> 3 7.692308e-02
<MEAN> 20
 -2.801063e+00 -6.604911e+00 -2.846490e+01 -1.227543e+01 -9.805963e+00 -1.392113e+01 -4.288862e+01 -1.904442e+01 -1.020399e+01 -9.732181e+00 -4.881394e+01 -1.628029e+01 -1.206677e+01 -5.154389e+00 -2.067442e+01 -5.540078e+00 -1.445818e+01 -8.604685e-01 -2.060173e+01 -2.361547e+00
<VARIANCE> 20
 2.773130e+00 4.005229e-01 2.054876e+00 1.400656e+00 2.336925e+01 3.387499e-01 1.032111e+00 5.500665e+00 1.252677e+01 2.361856e+00 7.203760e+00 5.774265e+00 5.108742e+00 3.665854e+00 3.556891e-01 1.510324e+00 9.036620e+00 2.417880e+00 5.974598e+00 1.231403e+00
<GCONST> 5.622891e+01
<MIXTURE> 4 2.051282e-01
<MEAN> 20
 -8.238709e+00 -3.276177e-01 -2.639421e+01 1.018779e+00 -1.767520e+01 -6.434816e+00 -2.943297e+01 -4.363937e-01 -1.359371e+01 -6.487704e+00 -2.059359e+01 1.084950e+00 -9.092766e+00 -5.304285e+00 -1.560805e+01 2.118276e+00 -4.786160e+00 -3.472085e+00 -1.117721e+01 1.905102e+00
<VARIANCE> 20
 5.755941e+00 2.211695e+00 5.003219e+01 1.329589e+01 2.127115e+01 6.759529e+00 4.358217e+01 2.058873e+01 1.501078e+01 7.919673e+00 1.359406e+01 9.718203e+00 9.632414e+00 8.220762e+00 1.157823e+01 6.521671e+00 8.044127e+00 8.639115e+00 1.129004e+01 5.917076e+00
<GCONST> 8.437017e+01
<STATE> 7
<MEAN> 20
 -7.233173e+00 -1.010830e+00 -1.663428e+01 -5.646721e+00 -1.130389e+01 -1.015211e+01 -1.803895e+01 -1.118830e+01 -5.972686e+00 -1.055884e+01 -1.179031e+01 -9.396057e+00 -7.024363e-01 -9.736305e+00 -6.138105e+00 -3.074543e+00 4.303607e+00 -8.077361e+00 -1.564830e+00 -3.856949e+00
<VARIANCE> 20
 5.683354e+00 3.258085e+00 7.278326e+01 4.924055e+01 3.363823e+01 1.496882e+01 8.098322e+01 9.604584e+01 2.876896e+01 1.328267e+01 6.977171e+01 9.281281e+01 2.854705e+01 1.325180e+01 3.553764e+01 2.199142e+01 3.682067e+01 1.398562e+01 4.057024e+01 4.082665e+01
<GCONST> 1.040161e+02
<TRANSP> 8
 0.000000e+00 1.000000e+00 0.000000e+00 0.000000e+00 0.000000e+00 0.000000e+00 0.000000e+00 0.000000e+00
 0.000000e+00 5.882353e-02 9.411765e-01 0.000000e+00 0.000000e+00 0.000000e+00 0.000000e+00 0.000000e+00
 0.000000e+00 0.000000e+00 5.200000e-01 4.800000e-01 0.000000e+00 0.000000e+00 0.000000e+00 0.000000e+00
 0.000000e+00 0.000000e+00 0.000000e+00 5.151515e-01 4.848485e-01 0.000000e+00 0.000000e+00 0.000000e+00
 0.000000e+00 0.000000e+00 0.000000e+00 0.000000e+00 6.470588e-01 3.529412e-01 0.000000e+00 0.000000e+00
 0.000000e+00 0.000000e+00 0.000000e+00 0.000000e+00 0.000000e+00 3.846154e-01 6.153846e-01 0.000000e+00
 0.000000e+00 0.000000e+00 0.000000e+00 0.000000e+00 0.000000e+00 0.000000e+00 1.724138e-01 8.275862e-01
 0.000000e+00 0.000000e+00 0.000000e+00 0.000000e+00 0.000000e+00 0.000000e+00 0.000000e+00 0.000000e+00
<ENDHMM>
