~o
<STREAMINFO> 1 20
<VECSIZE> 20<NULLD><USER><DIAGC>
~h "r"
<BEGINHMM>
<NUMSTATES> 5
<STATE> 2
<NUMMIXES> 4
<MIXTURE> 1 2.753818e-01
<MEAN> 20
 -5.697220e+00 -1.053729e+00 -1.018395e+01 -7.841385e+00 -7.613738e+00 -8.953055e+00 -9.409914e+00 -1.246181e+01 -3.491374e+00 -9.235092e+00 -6.185552e+00 -1.221276e+01 6.482610e-01 -8.802055e+00 -2.598900e+00 -7.757776e+00 4.899862e+00 -7.782514e+00 1.042395e+00 -7.171995e+00
<VARIANCE> 20
 5.981575e-01 2.701874e-01 1.430038e+01 4.088363e+00 2.307095e+00 1.169127e+00 3.868346e+00 1.551011e+01 1.338340e+00 1.154582e+00 3.238886e+00 2.503143e+01 1.130919e+00 9.824812e-01 2.492282e+00 1.012595e+01 1.509877e+00 8.631353e-01 3.146213e+00 8.520210e+00
<GCONST> 5.580767e+01
<MIXTURE> 2 2.384628e-01
<MEAN> 20
 -7.453013e+00 -2.851967e+00 -1.548679e+01 -1.209280e+01 -5.304454e+00 -1.324508e+01 -1.441603e+01 -1.571415e+01 -7.664853e-01 -1.305720e+01 -1.179632e+01 -1.414353e+01 3.326445e+00 -1.192921e+01 -8.587497e+00 -1.107335e+01 6.877212e+00 -9.973412e+00 -3.715300e+00 -1.084173e+01
<VARIANCE> 20
 7.879926e-01 7.906598e-01 2.479034e+01 5.770222e+00 7.565633e+00 1.781445e+00 1.746904e+01 2.558061e+01 5.740446e+00 1.453643e+00 2.752106e+01 3.329771e+01 5.141420e+00 1.176311e+00 3.515023e+01 2.237390e+01 9.737269e+00 1.316574e+00 6.055000e+01 2.217513e+01
<GCONST> 7.711358e+01
<MIXTURE> 3 3.149857e-01
<MEAN> 20
 -8.260779e+00 -1.882981e+00 -1.220072e+01 -1.077642e+01 -1.089689e+01 -1.310205e+01 -1.491852e+01 -1.900463e+01 -5.554833e+00 -1.354926e+01 -1.138237e+01 -2.019718e+01 -3.946402e-02 -1.283098e+01 -6.046184e+00 -1.232812e+01 5.658864e+00 -1.116078e+01 -1.005279e+00 -1.105197e+01
<VARIANCE> 20
 6.640028e-01 4.825358e-01 2.980887e+01 4.889375e+00 2.418483e+00 1.133016e+00 1.019011e+01 3.372930e+01 1.305171e+00 1.049763e+00 7.399856e+00 5.075714e+01 1.183447e+00 8.448886e-01 5.984193e+00 2.326134e+01 1.718825e+00 9.051738e-01 8.701610e+00 1.925475e+01
<GCONST> 6.419154e+01
<MIXTURE> 4 1.711697e-01
<MEAN> 20
 -6.764202e+00 -2.877778e+00 -2.063818e+01 -1.048017e+01 -8.897146e+00 -1.281977e+01 -2.296008e+01 -1.561770e+01 -5.553018e+00 -1.211766e+01 -2.010984e+01 -1.194938e+01 -2.847117e+00 -1.024155e+01 -1.296736e+01 -6.323610e+00 -7.554425e-01 -7.690759e+00 -9.865854e+00 -5.581831e+00
<VARIANCE> 20
 2.028590e+01 3.601350e+00 9.416145e+01 2.208039e+01 5.359038e+01 9.852176e+00 1.236082e+02 4.355338e+01 3.224227e+01 1.283847e+01 1.247391e+02 7.105781e+01 2.685959e+01 1.799426e+01 6.143860e+01 3.216152e+01 4.407711e+01 2.285227e+01 6.908982e+01 4.208055e+01
<GCONST> 1.073236e+02
<STATE> 3
<NUMMIXES> 4
<MIXTURE> 1 2.881765e-01
<MEAN> 20
 -6.601237e+00 -1.810040e+00 -1.179990e+01 -1.000547e+01 -6.987551e+00 -1.109643e+01 -1.054701e+01 -1.377146e+01 -2.055181e+00 -1.114415e+01 -6.622596e+00 -1.288866e+01 2.798804e+00 -1.027970e+01 -2.873536e+00 -7.819561e+00 7.562743e+00 -8.678956e+00 1.792620e+00 -7.466019e+00
<VARIANCE> 20
 6.990883e-01 5.369063e-01 2.249930e+01 7.915267e+00 3.352955e+00 1.276103e+00 7.513897e+00 2.037426e+01 3.072291e+00 9.384556e-01 6.152607e+00 3.491818e+01 3.246270e+00 6.695473e-01 5.340921e+00 1.044418e+01 3.462532e+00 7.555403e-01 9.913295e+00 1.220507e+01
<GCONST> 6.442858e+01
<MIXTURE> 2 3.324742e-01
<MEAN> 20
 -7.766629e+00 -2.364382e+00 -1.040423e+01 -1.130629e+01 -8.082881e+00 -1.320128e+01 -1.102056e+01 -1.876266e+01 -2.812730e+00 -1.328515e+01 -7.672004e+00 -1.916743e+01 2.503265e+00 -1.225714e+01 -4.080885e+00 -9.803448e+00 7.855588e+00 -1.034332e+01 5.267147e-01 -8.718438e+00
<VARIANCE> 20
 3.970983e-01 3.967539e-01 2.038284e+01 4.903017e+00 1.814248e+00 5.049078e-01 8.009315e+00 3.192433e+01 1.500691e+00 4.171913e-01 5.553155e+00 5.471260e+01 1.671497e+00 3.231255e-01 3.730906e+00 7.699850e+00 1.905328e+00 4.630333e-01 3.646316e+00 6.721999e+00
<GCONST> 5.603418e+01
<MIXTURE> 3 2.986469e-01
<MEAN> 20
 -8.992789e+00 -1.186758e+00 -1.976452e+01 -1.079799e+01 -1.395077e+01 -1.294370e+01 -2.117275e+01 -1.889308e+01 -8.134033e+00 -1.381046e+01 -1.670281e+01 -1.935502e+01 -2.006857e+00 -1.334329e+01 -1.000212e+01 -1.083549e+01 4.175801e+00 -1.179582e+01 -3.918348e+00 -1.030149e+01
<VARIANCE> 20
 1.487863e+00 1.186606e+00 3.683255e+01 1.191952e+01 7.736099e+00 3.988299e+00 1.841336e+01 4.124948e+01 5.312147e+00 3.493720e+00 2.166253e+01 7.207806e+01 4.364610e+00 3.040230e+00 1.763272e+01 3.980243e+01 5.275460e+00 2.996974e+00 2.330864e+01 4.065168e+01
<GCONST> 8.250050e+01
<MIXTURE> 4 8.070232e-02
<MEAN> 20
 -5.439154e+00 -1.983310e+00 -1.640647e+01 -4.849090e+00 -8.941119e+00 -8.940347e+00 -1.863101e+01 -7.740310e+00 -5.994857e+00 -8.126968e+00 -1.635860e+01 -2.938782e+00 -3.332072e+00 -6.182241e+00 -1.022139e+01 -3.237782e-01 -1.138335e+00 -3.696658e+00 -7.077512e+00 1.914181e-01
<VARIANCE> 20
 3.478173e+01 3.788874e+00 2.696331e+02 2.916636e+01 1.457235e+02 1.456224e+01 3.836092e+02 7.048678e+01 1.190381e+02 1.698203e+01 3.236960e+02 7.862783e+01 1.030914e+02 2.022984e+01 1.736310e+02 3.579775e+01 9.942720e+01 2.338325e+01 1.404884e+02 3.063315e+01
<GCONST> 1.187263e+02
<STATE> 4
<NUMMIXES> 4
<MIXTURE> 1 1.043671e-01
<MEAN> 20
 1.314925e+00 -2.043489e+00 2.512878e-01 -9.883714e+00 2.424364e+00 -1.169738e+01 1.212165e+00 -1.449414e+01 1.487571e+00 -1.161524e+01 2.254161e-01 -1.273292e+01 2.981599e-01 -1.044631e+01 -3.055633e-01 -8.101612e+00 -1.075024e+00 -8.538821e+00 -6.082917e-01 -7.008252e+00
<VARIANCE> 20
 5.584393e+01 2.137697e+00 2.841117e+02 1.878126e+01 1.098993e+02 8.122537e+00 3.434827e+02 5.014873e+01 4.931110e+01 9.715743e+00 2.249788e+02 7.330035e+01 3.126186e+01 1.231603e+01 1.043971e+02 3.706109e+01 5.105520e+01 1.538531e+01 6.781404e+01 3.284327e+01
<GCONST> 1.111418e+02
<MIXTURE> 2 3.810140e-01
<MEAN> 20
 -7.014893e+00 -1.182620e+00 -1.270145e+01 -8.516629e+00 -9.858800e+00 -1.077841e+01 -1.316154e+01 -1.586265e+01 -4.975227e+00 -1.123503e+01 -9.637279e+00 -1.621629e+01 5.276543e-02 -1.068931e+01 -4.651492e+00 -9.424617e+00 5.210862e+00 -9.347668e+00 1.659019e-01 -8.726480e+00
<VARIANCE> 20
 6.690105e-01 4.454412e-01 2.206912e+01 4.340641e+00 2.472687e+00 1.084842e+00 8.313024e+00 2.266616e+01 1.585467e+00 9.834161e-01 7.926555e+00 3.708243e+01 1.529819e+00 8.470833e-01 5.923504e+00 1.397255e+01 2.071253e+00 9.596234e-01 6.998085e+00 1.504316e+01
<GCONST> 6.248077e+01
<MIXTURE> 3 3.042191e-01
<MEAN> 20
 -8.284451e+00 -2.567986e+00 -1.239962e+01 -1.301882e+01 -8.280498e+00 -1.428812e+01 -1.196424e+01 -2.041941e+01 -2.599270e+00 -1.442476e+01 -8.262688e+00 -2.061708e+01 2.996365e+00 -1.333740e+01 -4.415222e+00 -1.146431e+01 8.500280e+00 -1.127792e+01 9.318030e-01 -1.074368e+01
<VARIANCE> 20
 7.597067e-01 7.076405e-01 3.227083e+01 6.200247e+00 4.666602e+00 1.260983e+00 1.784774e+01 4.174742e+01 3.774523e+00 1.054199e+00 1.274852e+01 7.115728e+01 3.261176e+00 8.399763e-01 8.456593e+00 2.241330e+01 3.181433e+00 1.027308e+00 1.668429e+01 2.156114e+01
<GCONST> 7.133479e+01
<MIXTURE> 4 2.103997e-01
<MEAN> 20
 -1.062834e+01 -2.062620e+00 -2.192995e+01 -1.542213e+01 -1.466010e+01 -1.652944e+01 -2.129510e+01 -2.071284e+01 -7.679082e+00 -1.734800e+01 -1.565384e+01 -2.102996e+01 -5.665584e-01 -1.663429e+01 -8.446832e+00 -1.269384e+01 6.449645e+00 -1.471052e+01 -9.228878e-01 -1.338667e+01
<VARIANCE> 20
 2.177594e+00 1.560176e+00 5.926604e+01 1.285086e+01 1.403779e+01 5.538767e+00 2.780915e+01 6.946561e+01 1.152491e+01 4.788332e+00 2.998954e+01 1.165892e+02 1.037628e+01 3.938632e+00 2.908798e+01 5.882715e+01 1.102854e+01 3.727558e+00 5.247208e+01 6.473420e+01
<GCONST> 9.170802e+01
<TRANSP> 5
 0.000000e+00 1.000000e+00 0.000000e+00 0.000000e+00 0.000000e+00
 0.000000e+00 7.288136e-01 2.711864e-01 0.000000e+00 0.000000e+00
 0.000000e+00 0.000000e+00 7.396907e-01 2.603093e-01 0.000000e+00
 0.000000e+00 0.000000e+00 0.000000e+00 7.009622e-01 2.990378e-01
 0.000000e+00 0.000000e+00 0.000000e+00 0.000000e+00 0.000000e+00
<ENDHMM>
