~o
<STREAMINFO> 1 20
<VECSIZE> 20<NULLD><USER><DIAGC>
~h "s"
<BEGINHMM>
<NUMSTATES> 5
<STATE> 2
<NUMMIXES> 4
<MIXTURE> 1 4.744733e-02
<MEAN> 20
 7.901337e+00 -1.502520e+00 1.669872e+01 -9.993927e+00 1.222983e+01 -1.207393e+01 1.836954e+01 -1.296811e+01 7.138332e+00 -1.251576e+01 1.318979e+01 -1.196586e+01 1.930203e+00 -1.183447e+01 7.742334e+00 -9.336449e+00 -3.236276e+00 -1.028723e+01 2.986205e+00 -7.787951e+00
<VARIANCE> 20
 6.276262e+00 1.559722e+00 7.266439e+01 1.491902e+01 2.238017e+01 6.973326e+00 6.174192e+01 3.333244e+01 1.688283e+01 8.842261e+00 5.425874e+01 4.151624e+01 1.680442e+01 1.082780e+01 3.114896e+01 3.931679e+01 2.373153e+01 1.271212e+01 2.871816e+01 3.266891e+01
<GCONST> 9.630026e+01
<MIXTURE> 2 4.951604e-01
<MEAN> 20
 -7.095160e+00 -2.163795e+00 -1.158210e+01 -1.118664e+01 -7.100039e+00 -1.225629e+01 -1.139453e+01 -1.412937e+01 -1.880514e+00 -1.223973e+01 -7.256709e+00 -1.201684e+01 3.200838e+00 -1.130515e+01 -3.064837e+00 -7.868640e+00 8.206221e+00 -9.648743e+00 1.833210e+00 -8.282880e+00
<VARIANCE> 20
 7.418385e-01 5.775173e-01 3.236215e+01 6.830273e+00 4.436656e+00 2.256712e+00 8.249409e+00 3.242272e+01 4.440396e+00 1.967495e+00 8.232940e+00 4.040448e+01 4.322721e+00 1.446067e+00 6.724191e+00 1.077677e+01 4.086154e+00 1.195897e+00 9.193956e+00 1.614588e+01
<GCONST> 6.987820e+01
<MIXTURE> 3 1.081799e-01
<MEAN> 20
 -7.251147e+00 -2.364370e+00 -2.386146e+01 -6.953815e+00 -1.249067e+01 -1.010517e+01 -2.749970e+01 -9.294752e+00 -9.242827e+00 -9.278425e+00 -2.223875e+01 -4.327850e+00 -6.301258e+00 -7.417967e+00 -1.427940e+01 -2.152516e+00 -3.741647e+00 -5.074873e+00 -1.090301e+01 -1.867724e+00
<VARIANCE> 20
 1.234049e+01 4.815523e+00 6.951068e+01 4.514867e+01 5.153016e+01 1.938872e+01 1.237498e+02 7.051019e+01 4.032290e+01 2.101416e+01 1.322943e+02 7.224503e+01 3.688708e+01 2.543428e+01 5.481647e+01 4.206347e+01 4.823632e+01 3.117706e+01 6.519979e+01 4.977135e+01
<GCONST> 1.107696e+02
<MIXTURE> 4 3.492124e-01
<MEAN> 20
 -8.869916e+00 -1.800223e+00 -1.801439e+01 -1.208499e+01 -1.225086e+01 -1.346751e+01 -1.829464e+01 -1.602529e+01 -6.767261e+00 -1.399619e+01 -1.346377e+01 -1.524280e+01 -1.056798e+00 -1.352136e+01 -7.931055e+00 -1.139446e+01 4.879971e+00 -1.219465e+01 -2.085902e+00 -1.254123e+01
<VARIANCE> 20
 1.316739e+00 9.296738e-01 4.436159e+01 7.937047e+00 7.922119e+00 2.268874e+00 1.383173e+01 3.495601e+01 6.092903e+00 2.035486e+00 1.378862e+01 5.219156e+01 5.256911e+00 1.744554e+00 1.282470e+01 3.032823e+01 5.629436e+00 1.947550e+00 1.787058e+01 3.695530e+01
<GCONST> 7.805727e+01
<STATE> 3
<NUMMIXES> 4
<MIXTURE> 1 3.241131e-01
<MEAN> 20
 -5.837780e+00 -1.058287e+00 -1.069251e+01 -7.921210e+00 -8.069867e+00 -9.091223e+00 -1.005363e+01 -9.935755e+00 -3.728920e+00 -9.305956e+00 -6.148871e+00 -8.668457e+00 6.081718e-01 -8.959009e+00 -2.428522e+00 -7.133132e+00 5.117073e+00 -8.112817e+00 1.682873e+00 -7.474634e+00
<VARIANCE> 20
 5.682430e-01 3.186437e-01 1.657917e+01 4.474177e+00 3.358057e+00 1.142481e+00 4.655354e+00 1.005967e+01 1.986392e+00 1.050141e+00 3.083291e+00 1.096293e+01 1.572817e+00 9.131297e-01 2.445999e+00 7.546695e+00 1.859358e+00 9.092669e-01 3.575849e+00 9.564419e+00
<GCONST> 5.613692e+01
<MIXTURE> 2 3.595874e-01
<MEAN> 20
 -7.799827e+00 -1.950302e+00 -1.293148e+01 -1.088635e+01 -9.860062e+00 -1.197817e+01 -1.371000e+01 -1.179738e+01 -4.968732e+00 -1.214161e+01 -9.219331e+00 -1.061156e+01 7.682370e-02 -1.167092e+01 -4.979801e+00 -9.488629e+00 5.511002e+00 -1.059835e+01 -2.662781e-01 -1.085398e+01
<VARIANCE> 20
 6.030129e-01 5.025620e-01 2.262415e+01 4.030727e+00 3.080199e+00 1.220108e+00 3.162241e+00 8.846911e+00 2.214165e+00 9.794778e-01 3.706841e+00 8.102959e+00 2.030026e+00 7.659793e-01 4.141208e+00 6.520295e+00 2.231901e+00 7.513419e-01 4.000113e+00 1.604829e+01
<GCONST> 5.732471e+01
<MIXTURE> 3 1.484607e-01
<MEAN> 20
 -5.937948e+00 -2.669926e+00 -1.458677e+01 -1.037397e+01 -4.737839e+00 -1.191073e+01 -1.476046e+01 -1.282630e+01 -9.973782e-01 -1.127334e+01 -1.153177e+01 -9.280478e+00 1.995243e+00 -9.617735e+00 -6.967355e+00 -5.924052e+00 4.334319e+00 -7.363367e+00 -3.457629e+00 -5.570727e+00
<VARIANCE> 20
 1.158364e+01 2.460024e+00 9.160894e+01 1.863955e+01 3.485611e+01 7.015587e+00 1.011596e+02 3.419412e+01 2.280889e+01 6.630244e+00 8.145493e+01 3.732682e+01 2.081820e+01 7.594492e+00 4.634163e+01 1.856108e+01 3.304653e+01 9.378722e+00 5.659939e+01 2.292215e+01
<GCONST> 9.896160e+01
<MIXTURE> 4 1.678387e-01
<MEAN> 20
 -1.094101e+01 -2.581579e+00 -2.334083e+01 -1.640628e+01 -1.445922e+01 -1.717720e+01 -2.101897e+01 -1.724122e+01 -7.773314e+00 -1.769654e+01 -1.440756e+01 -1.470641e+01 -1.071281e+00 -1.697920e+01 -7.772287e+00 -1.136971e+01 5.584045e+00 -1.529811e+01 -1.593175e+00 -1.322665e+01
<VARIANCE> 20
 1.800544e+00 1.271593e+00 4.840260e+01 1.337771e+01 1.323151e+01 4.242499e+00 2.632304e+01 4.964318e+01 1.055690e+01 3.765635e+00 2.381713e+01 6.061442e+01 9.230522e+00 3.050937e+00 1.914405e+01 2.886148e+01 1.027979e+01 2.896027e+00 3.269508e+01 4.525623e+01
<GCONST> 8.656530e+01
<STATE> 4
<NUMMIXES> 4
<MIXTURE> 1 3.946923e-01
<MEAN> 20
 -7.380539e+00 -2.229083e+00 -1.076563e+01 -1.163944e+01 -8.962260e+00 -1.185680e+01 -1.080683e+01 -9.707309e+00 -3.864141e+00 -1.189993e+01 -6.026670e+00 -8.886267e+00 1.275854e+00 -1.127843e+01 -1.761576e+00 -7.886613e+00 6.699223e+00 -1.008180e+01 2.227431e+00 -7.700797e+00
<VARIANCE> 20
 5.663208e-01 4.368916e-01 1.352783e+01 3.556780e+00 2.311297e+00 1.382391e+00 1.356963e+00 1.350503e+00 1.870587e+00 1.310077e+00 9.413602e-01 1.066412e+00 1.737418e+00 1.023148e+00 9.970353e-01 1.149137e+00 1.751883e+00 7.861354e-01 1.262204e+00 1.165896e+00
<GCONST> 4.331977e+01
<MIXTURE> 2 2.951252e-01
<MEAN> 20
 -8.350193e+00 -2.864885e+00 -1.282231e+01 -1.417404e+01 -8.269976e+00 -1.450942e+01 -1.302845e+01 -1.257390e+01 -2.679976e+00 -1.445449e+01 -7.906544e+00 -1.071044e+01 2.740674e+00 -1.348485e+01 -3.151544e+00 -8.877515e+00 8.144586e+00 -1.175976e+01 1.186186e+00 -8.723425e+00
<VARIANCE> 20
 1.205205e+00 6.839684e-01 2.634408e+01 5.796090e+00 9.370519e+00 2.285284e+00 8.117571e+00 7.529150e+00 7.547888e+00 2.229664e+00 6.415930e+00 5.164278e+00 5.647497e+00 1.971882e+00 4.830896e+00 4.890017e+00 4.271890e+00 1.989446e+00 5.499464e+00 5.847048e+00
<GCONST> 6.627624e+01
<MIXTURE> 3 6.587616e-02
<MEAN> 20
 -3.212161e+00 -2.016309e+00 -7.680145e+00 -6.642013e+00 -3.334978e+00 -8.983508e+00 -8.204913e+00 -7.783947e+00 -9.662191e-01 -8.329870e+00 -6.063708e+00 -5.189329e+00 1.034827e+00 -6.888215e+00 -2.583651e+00 -2.769265e+00 2.713418e+00 -5.022363e+00 -2.943181e-01 -2.556278e+00
<VARIANCE> 20
 3.519064e+01 3.942677e+00 3.450571e+02 4.991493e+01 1.342518e+02 2.376653e+01 3.661084e+02 7.697211e+01 8.706268e+01 2.652548e+01 3.141476e+02 7.571655e+01 6.524354e+01 3.004494e+01 1.330684e+02 4.731641e+01 7.054653e+01 3.366465e+01 1.067871e+02 4.670252e+01
<GCONST> 1.201961e+02
<MIXTURE> 4 2.443064e-01
<MEAN> 20
 -8.865337e+00 -1.893775e+00 -2.069020e+01 -1.091841e+01 -1.145961e+01 -1.302108e+01 -2.029404e+01 -1.635328e+01 -6.610991e+00 -1.343654e+01 -1.707108e+01 -1.490497e+01 -1.735262e+00 -1.284292e+01 -1.189736e+01 -1.157271e+01 3.061549e+00 -1.138669e+01 -6.400143e+00 -1.183417e+01
<VARIANCE> 20
 2.661413e+00 1.532734e+00 5.043741e+01 1.168104e+01 2.255087e+01 3.948972e+00 3.306944e+01 3.392685e+01 1.708602e+01 3.445694e+00 3.373035e+01 4.401160e+01 1.134146e+01 3.253512e+00 3.578236e+01 3.256208e+01 1.016970e+01 3.910709e+00 4.855660e+01 3.416735e+01
<GCONST> 8.919836e+01
<TRANSP> 5
 0.000000e+00 1.000000e+00 0.000000e+00 0.000000e+00 0.000000e+00
 0.000000e+00 7.043082e-01 2.956918e-01 0.000000e+00 0.000000e+00
 0.000000e+00 0.000000e+00 7.565244e-01 2.434755e-01 0.000000e+00
 0.000000e+00 0.000000e+00 0.000000e+00 7.067570e-01 2.932430e-01
 0.000000e+00 0.000000e+00 0.000000e+00 0.000000e+00 0.000000e+00
<ENDHMM>
