~o
<STREAMINFO> 1 20
<VECSIZE> 20<NULLD><USER><DIAGC>
~h "sil1"
<BEGINHMM>
<NUMSTATES> 5
<STATE> 2
<MEAN> 20
 -7.354755e+00 -2.101370e+00 -1.203732e+01 -1.086262e+01 -7.794076e+00 -1.233828e+01 -1.176708e+01 -1.363448e+01 -2.477266e+00 -1.232491e+01 -7.584649e+00 -1.034018e+01 2.611747e+00 -1.142286e+01 -3.196158e+00 -7.700009e+00 7.623786e+00 -9.831759e+00 2.147366e+00 -8.718607e+00
<VARIANCE> 20
 3.234584e+00 1.028468e+00 5.688364e+01 1.219610e+01 1.155368e+01 4.883611e+00 2.910006e+01 3.814956e+01 9.669137e+00 4.910238e+00 2.241371e+01 3.268973e+01 1.032977e+01 4.754958e+00 1.666813e+01 1.524909e+01 1.361954e+01 4.843419e+00 3.097318e+01 2.470587e+01
<GCONST> 8.626530e+01
<STATE> 3
<MEAN> 20
 -9.679868e+00 -2.120983e+00 -1.879053e+01 -1.289969e+01 -1.155259e+01 -1.512321e+01 -1.797448e+01 -1.899446e+01 -5.482469e+00 -1.549517e+01 -1.447526e+01 -1.525890e+01 3.264152e-01 -1.460734e+01 -8.223088e+00 -1.119867e+01 5.920375e+00 -1.275083e+01 -2.430112e+00 -1.167518e+01
<VARIANCE> 20
 1.966252e+00 1.661520e+00 6.341695e+01 1.277486e+01 1.892147e+01 4.610965e+00 3.456486e+01 5.411545e+01 1.349588e+01 4.384574e+00 4.471116e+01 5.916438e+01 1.142926e+01 4.203422e+00 4.366355e+01 3.584314e+01 1.816881e+01 4.563139e+00 6.961645e+01 3.697587e+01
<GCONST> 9.210106e+01
<STATE> 4
<MEAN> 20
 -5.369245e+00 -2.278983e+00 -1.717807e+01 -8.156708e+00 -7.958326e+00 -1.077990e+01 -1.922997e+01 -9.556733e+00 -4.807634e+00 -9.842877e+00 -1.346928e+01 -4.827191e+00 -2.139863e+00 -7.873995e+00 -9.015135e+00 -2.365833e+00 7.077248e-03 -5.394390e+00 -5.873774e+00 -1.894858e+00
<VARIANCE> 20
 3.139291e+01 4.824017e+00 2.010636e+02 5.947567e+01 9.283669e+01 2.309092e+01 2.627063e+02 9.942463e+01 6.030953e+01 2.688365e+01 1.795934e+02 8.015285e+01 5.700629e+01 3.107700e+01 1.164989e+02 5.278751e+01 8.542597e+01 3.364085e+01 1.240050e+02 4.978352e+01
<GCONST> 1.188685e+02
<TRANSP> 5
 0.000000e+00 1.000000e+00 0.000000e+00 0.000000e+00 0.000000e+00
 0.000000e+00 8.166037e-01 5.568924e-02 1.277071e-01 0.000000e+00
 0.000000e+00 0.000000e+00 8.417196e-01 1.582804e-01 0.000000e+00
 0.000000e+00 1.864280e-02 0.000000e+00 6.021626e-01 3.791946e-01
 0.000000e+00 0.000000e+00 0.000000e+00 0.000000e+00 0.000000e+00
<ENDHMM>
