~o
<STREAMINFO> 1 20
<VECSIZE> 20<NULLD><USER><DIAGC>
~h "t"
<BEGINHMM>
<NUMSTATES> 8
<STATE> 2
<MEAN> 20
 -7.327270e+00 -2.097149e+00 -1.490978e+01 -1.137251e+01 -8.757792e+00 -1.229511e+01 -1.592598e+01 -1.460258e+01 -3.977363e+00 -1.239195e+01 -1.115368e+01 -1.066781e+01 6.600001e-01 -1.153398e+01 -6.119508e+00 -7.550685e+00 5.203001e+00 -9.955955e+00 -1.793677e+00 -8.178239e+00
<VARIANCE> 20
 9.247188e+00 1.486431e+00 7.674214e+01 1.587115e+01 2.756974e+01 6.941440e+00 7.493972e+01 3.422959e+01 1.771950e+01 7.748766e+00 6.399825e+01 4.487034e+01 1.532635e+01 8.727543e+00 3.175943e+01 2.759338e+01 2.271152e+01 9.932095e+00 3.571265e+01 3.227611e+01
<GCONST> 9.661233e+01
<STATE> 3
<NUMMIXES> 4
<MIXTURE> 1 3.534940e-01
<MEAN> 20
 -6.540648e+00 -1.450976e+00 -1.217188e+01 -9.401116e+00 -8.070742e+00 -1.037422e+01 -1.258456e+01 -1.345018e+01 -3.334016e+00 -1.057188e+01 -7.984889e+00 -1.020690e+01 1.361685e+00 -9.970902e+00 -3.843792e+00 -7.125679e+00 6.104841e+00 -8.735738e+00 5.484889e-01 -7.486272e+00
<VARIANCE> 20
 6.286209e-01 4.291042e-01 2.311452e+01 4.751403e+00 5.330009e+00 1.170608e+00 7.475184e+00 1.613809e+01 4.575476e+00 9.108243e-01 4.761224e+00 2.629047e+01 4.209229e+00 6.462339e-01 4.202510e+00 1.382334e+01 4.015958e+00 7.600490e-01 6.359370e+00 1.427647e+01
<GCONST> 6.371400e+01
<MIXTURE> 2 3.715663e-01
<MEAN> 20
 -7.872061e+00 -2.413810e+00 -1.467737e+01 -1.215946e+01 -8.307811e+00 -1.321173e+01 -1.528713e+01 -1.708075e+01 -3.168693e+00 -1.337199e+01 -1.091394e+01 -1.468120e+01 1.916318e+00 -1.254466e+01 -6.550385e+00 -1.076212e+01 6.918881e+00 -1.088879e+01 -1.216516e+00 -1.109873e+01
<VARIANCE> 20
 6.663021e-01 7.808588e-01 3.463385e+01 6.415094e+00 6.593385e+00 1.340178e+00 1.267721e+01 3.043554e+01 5.063281e+00 1.062958e+00 1.357212e+01 5.281539e+01 4.681352e+00 7.625239e-01 1.486477e+01 3.187845e+01 5.847778e+00 8.904060e-01 2.660884e+01 3.021110e+01
<GCONST> 7.367265e+01
<MIXTURE> 3 1.732530e-01
<MEAN> 20
 -1.072005e+01 -2.160779e+00 -2.249253e+01 -1.715187e+01 -1.526239e+01 -1.611371e+01 -2.476160e+01 -1.698320e+01 -8.549485e+00 -1.689675e+01 -1.484910e+01 -9.402750e+00 -1.799997e+00 -1.639537e+01 -8.156892e+00 -7.431066e+00 5.033649e+00 -1.493225e+01 -2.787400e+00 -1.073362e+01
<VARIANCE> 20
 2.034162e+00 1.025246e+00 2.970626e+01 1.455333e+01 7.121822e+00 5.278713e+00 2.470965e+01 3.501048e+01 6.744399e+00 4.918851e+00 1.386521e+01 2.659785e+01 7.471154e+00 3.989088e+00 1.032362e+01 1.376341e+01 9.552738e+00 3.394532e+00 1.556714e+01 4.556527e+01
<GCONST> 8.175779e+01
<MIXTURE> 4 1.016867e-01
<MEAN> 20
 -8.477410e-02 -2.435329e+00 -3.058554e+00 -9.469357e+00 1.830655e-01 -1.143699e+01 -4.789016e+00 -1.289062e+01 -3.118595e-01 -1.082028e+01 -5.569449e+00 -9.364856e+00 -1.201871e+00 -9.189367e+00 -4.132062e+00 -5.756119e+00 -2.373065e+00 -6.985521e+00 -4.623930e+00 -5.310468e+00
<VARIANCE> 20
 5.746674e+01 3.766631e+00 4.676792e+02 2.731731e+01 1.399068e+02 1.190687e+01 5.656780e+02 5.468779e+01 7.489123e+01 1.445143e+01 4.330956e+02 6.319785e+01 4.747328e+01 1.932578e+01 1.688083e+02 4.704368e+01 5.539689e+01 2.480074e+01 1.177482e+02 4.781003e+01
<GCONST> 1.182147e+02
<STATE> 4
<NUMMIXES> 4
<MIXTURE> 1 1.481868e-01
<MEAN> 20
 -4.229238e+00 -1.682050e+00 -7.981255e+00 -9.507331e+00 -3.829981e+00 -1.005668e+01 -7.389670e+00 -1.180643e+01 -6.913500e-01 -1.003365e+01 -4.650118e+00 -7.942364e+00 2.102801e+00 -9.252465e+00 -1.984668e+00 -5.907318e+00 4.725111e+00 -7.912272e+00 9.476991e-01 -6.402705e+00
<VARIANCE> 20
 2.093229e+01 1.014314e+00 1.030275e+02 7.510830e+00 3.991305e+01 3.747504e+00 9.551754e+01 1.659847e+01 1.497528e+01 2.963572e+00 4.336187e+01 1.344423e+01 9.643221e+00 2.280587e+00 1.546552e+01 1.002903e+01 2.419650e+01 2.395273e+00 1.637905e+01 1.380018e+01
<GCONST> 8.661691e+01
<MIXTURE> 2 5.076963e-01
<MEAN> 20
 -7.624120e+00 -2.146847e+00 -1.249672e+01 -1.160187e+01 -8.656955e+00 -1.205576e+01 -1.333756e+01 -1.394646e+01 -3.594819e+00 -1.218716e+01 -8.548206e+00 -1.112720e+01 1.540589e+00 -1.155666e+01 -4.349270e+00 -8.169367e+00 6.883534e+00 -1.026737e+01 4.661102e-01 -9.510510e+00
<VARIANCE> 20
 4.861533e-01 4.412287e-01 2.482351e+01 4.974624e+00 2.681176e+00 8.779872e-01 6.133403e+00 2.101987e+01 2.241708e+00 7.220050e-01 3.674077e+00 2.816912e+01 2.349918e+00 5.460632e-01 3.627096e+00 9.985471e+00 2.590259e+00 6.155654e-01 4.361524e+00 2.044867e+01
<GCONST> 5.966687e+01
<MIXTURE> 3 2.603705e-01
<MEAN> 20
 -9.708323e+00 -2.399956e+00 -2.146927e+01 -1.387211e+01 -1.177607e+01 -1.512159e+01 -2.186628e+01 -1.936323e+01 -6.093410e+00 -1.557076e+01 -1.658007e+01 -1.589833e+01 -5.432255e-01 -1.477400e+01 -1.065397e+01 -1.177551e+01 4.812857e+00 -1.296999e+01 -5.188821e+00 -1.182620e+01
<VARIANCE> 20
 2.189128e+00 1.874070e+00 5.898390e+01 1.342372e+01 2.578975e+01 3.775479e+00 3.431358e+01 4.231430e+01 1.947113e+01 3.593088e+00 3.687012e+01 7.764928e+01 1.454686e+01 3.484516e+00 3.916475e+01 5.562024e+01 1.691146e+01 3.836440e+00 5.350444e+01 4.517798e+01
<GCONST> 9.248511e+01
<MIXTURE> 4 8.374641e-02
<MEAN> 20
 -7.421778e+00 -2.116105e+00 -2.493250e+01 -4.312215e+00 -1.383211e+01 -9.350021e+00 -2.957119e+01 -6.293936e+00 -1.039082e+01 -8.255466e+00 -2.474163e+01 -1.502971e+00 -7.138059e+00 -5.933268e+00 -1.568906e+01 1.193769e+00 -4.368896e+00 -3.115765e+00 -1.230194e+01 1.769201e+00
<VARIANCE> 20
 1.605712e+01 4.926445e+00 8.809551e+01 3.248545e+01 5.404478e+01 1.144856e+01 1.356820e+02 6.056612e+01 4.567981e+01 1.246322e+01 1.638616e+02 6.313937e+01 4.572849e+01 1.583800e+01 7.120165e+01 2.652200e+01 5.656561e+01 1.957400e+01 7.229593e+01 2.308318e+01
<GCONST> 1.086762e+02
<STATE> 5
<NUMMIXES> 4
<MIXTURE> 1 3.132789e-01
<MEAN> 20
 -5.824383e+00 -1.245105e+00 -1.007043e+01 -8.886022e+00 -7.553345e+00 -9.031570e+00 -1.037773e+01 -1.120342e+01 -3.236416e+00 -9.235725e+00 -6.016059e+00 -7.645150e+00 1.032495e+00 -8.857054e+00 -2.469923e+00 -5.741736e+00 5.453147e+00 -7.982796e+00 1.215062e+00 -6.377268e+00
<VARIANCE> 20
 6.226616e-01 2.932834e-01 1.603993e+01 4.349385e+00 3.256523e+00 1.403255e+00 4.605480e+00 1.093790e+01 1.918364e+00 1.299368e+00 1.943541e+00 1.142815e+01 1.503670e+00 1.072661e+00 1.718815e+00 7.169384e+00 1.790465e+00 8.878908e-01 2.731256e+00 8.494071e+00
<GCONST> 5.535238e+01
<MIXTURE> 2 3.296089e-01
<MEAN> 20
 -7.913367e+00 -2.585479e+00 -1.320849e+01 -1.398106e+01 -7.898955e+00 -1.359275e+01 -1.601213e+01 -1.574743e+01 -2.169445e+00 -1.374782e+01 -9.478563e+00 -8.327103e+00 3.334527e+00 -1.286510e+01 -4.624095e+00 -5.844785e+00 8.678756e+00 -1.117766e+01 -1.531751e-02 -6.380407e+00
<VARIANCE> 20
 4.782217e-01 4.732354e-01 1.679300e+01 3.639905e+00 4.639483e+00 1.349002e+00 1.104498e+01 1.914269e+01 3.869509e+00 1.243132e+00 5.657672e+00 1.094779e+01 3.192654e+00 9.641272e-01 4.309372e+00 2.872294e+00 2.815795e+00 8.788889e-01 4.751830e+00 1.926165e+00
<GCONST> 5.902982e+01
<MIXTURE> 3 2.713795e-01
<MEAN> 20
 -8.366954e+00 -1.411899e+00 -1.859549e+01 -1.056463e+01 -1.213442e+01 -1.193689e+01 -1.963518e+01 -1.529472e+01 -7.141041e+00 -1.250410e+01 -1.464840e+01 -1.296733e+01 -1.921834e+00 -1.215214e+01 -9.498677e+00 -9.529423e+00 3.468100e+00 -1.101070e+01 -4.529559e+00 -1.103765e+01
<VARIANCE> 20
 1.011715e+00 9.030200e-01 3.237563e+01 6.853592e+00 9.187032e+00 2.022749e+00 2.107842e+01 2.665567e+01 6.394279e+00 1.694887e+00 2.208668e+01 4.576845e+01 5.089529e+00 1.550631e+00 2.176606e+01 2.632600e+01 6.064690e+00 1.992730e+00 2.444045e+01 3.574179e+01
<GCONST> 7.830576e+01
<MIXTURE> 4 8.573271e-02
<MEAN> 20
 -6.337765e+00 -2.985824e+00 -1.704624e+01 -1.197864e+01 -7.291715e+00 -1.349558e+01 -1.909118e+01 -1.521266e+01 -4.268107e+00 -1.288904e+01 -1.574683e+01 -1.025285e+01 -1.831249e+00 -1.113297e+01 -9.774730e+00 -6.626577e+00 1.244510e-01 -8.726608e+00 -7.080698e+00 -6.502947e+00
<VARIANCE> 20
 3.871136e+01 3.173606e+00 2.374469e+02 3.456010e+01 9.181376e+01 1.469904e+01 2.970927e+02 5.825111e+01 5.294212e+01 2.000131e+01 2.403991e+02 6.475726e+01 4.361226e+01 2.662205e+01 1.022841e+02 4.587654e+01 6.753854e+01 3.217300e+01 1.028400e+02 5.641146e+01
<GCONST> 1.160259e+02
<STATE> 6
<NUMMIXES> 4
<MIXTURE> 1 4.536154e-01
<MEAN> 20
 -7.099385e+00 -2.475838e+00 -1.126863e+01 -1.296175e+01 -6.379659e+00 -1.242212e+01 -1.258083e+01 -1.412551e+01 -9.750866e-01 -1.235135e+01 -7.115419e+00 -7.738167e+00 4.184871e+00 -1.140351e+01 -2.774577e+00 -5.561576e+00 9.247620e+00 -9.750594e+00 1.681266e+00 -5.938867e+00
<VARIANCE> 20
 4.303153e-01 3.614571e-01 2.163146e+01 3.141476e+00 4.474725e+00 1.365730e+00 6.247384e+00 1.834842e+01 4.205561e+00 1.211511e+00 3.594850e+00 5.174230e+00 3.557646e+00 9.264008e-01 3.311755e+00 1.856991e+00 2.702421e+00 8.061321e-01 3.075264e+00 1.157630e+00
<GCONST> 5.527634e+01
<MIXTURE> 2 2.850500e-01
<MEAN> 20
 -9.162767e+00 -2.087801e+00 -1.778087e+01 -1.394245e+01 -1.170864e+01 -1.419829e+01 -1.916268e+01 -1.703214e+01 -5.677731e+00 -1.467115e+01 -1.190071e+01 -1.160350e+01 3.566459e-01 -1.406127e+01 -6.325330e+00 -8.752316e+00 6.501287e+00 -1.259418e+01 -1.086473e+00 -1.042029e+01
<VARIANCE> 20
 1.626438e+00 1.224578e+00 3.925230e+01 1.278082e+01 9.031029e+00 3.896049e+00 2.394782e+01 2.911884e+01 6.264780e+00 3.824092e+00 1.056779e+01 4.238639e+01 5.103529e+00 3.253977e+00 8.177341e+00 2.322771e+01 5.372148e+00 2.895167e+00 1.183493e+01 3.263364e+01
<GCONST> 7.981046e+01
<MIXTURE> 3 1.671704e-01
<MEAN> 20
 -5.826382e+00 -1.566662e+00 -1.322721e+01 -8.446535e+00 -7.004659e+00 -1.016211e+01 -1.371172e+01 -1.156493e+01 -3.348732e+00 -1.016097e+01 -1.025098e+01 -8.354556e+00 1.475725e-02 -9.282777e+00 -6.097462e+00 -5.849711e+00 3.130692e+00 -7.812461e+00 -2.569490e+00 -5.945622e+00
<VARIANCE> 20
 1.489724e+01 1.788239e+00 1.126331e+02 1.214744e+01 4.740694e+01 5.962243e+00 1.193392e+02 3.045254e+01 2.438095e+01 6.152912e+00 8.980592e+01 4.479459e+01 1.249565e+01 7.398400e+00 4.710510e+01 3.325324e+01 1.661292e+01 9.260127e+00 4.198912e+01 3.245765e+01
<GCONST> 9.855045e+01
<MIXTURE> 4 9.416415e-02
<MEAN> 20
 -3.954674e+00 -4.831336e+00 -2.368645e+01 -1.044312e+01 -8.506281e+00 -1.218835e+01 -3.190158e+01 -1.540376e+01 -8.378480e+00 -9.554010e+00 -3.316336e+01 -1.177278e+01 -9.011630e+00 -6.166479e+00 -1.857780e+01 -4.264376e+00 -1.012400e+01 -2.638278e+00 -1.810923e+01 -2.067966e+00
<VARIANCE> 20
 9.599173e+00 1.366318e+00 2.613979e+01 1.285050e+01 2.481661e+01 4.540368e+00 7.118982e+01 1.704525e+01 3.125233e+01 6.317574e+00 1.287887e+02 2.271816e+01 3.644599e+01 8.108039e+00 3.395582e+01 5.833503e+00 3.789032e+01 9.003059e+00 3.229924e+01 6.079743e+00
<GCONST> 9.233032e+01
<STATE> 7
<MEAN> 20
 -7.287695e+00 -2.227783e+00 -1.438597e+01 -1.186385e+01 -8.413061e+00 -1.242018e+01 -1.593123e+01 -1.488712e+01 -3.649798e+00 -1.244608e+01 -1.115917e+01 -1.013932e+01 9.198372e-01 -1.152253e+01 -6.070904e+00 -7.022390e+00 5.391016e+00 -9.887109e+00 -1.857432e+00 -7.523916e+00
<VARIANCE> 20
 8.556684e+00 1.716816e+00 7.205485e+01 1.403099e+01 2.682115e+01 6.671570e+00 7.559467e+01 3.107169e+01 1.820980e+01 7.306721e+00 7.083073e+01 3.716882e+01 1.729407e+01 8.232883e+00 3.303962e+01 2.132450e+01 2.664779e+01 9.433534e+00 3.765551e+01 2.591441e+01
<GCONST> 9.600500e+01
<TRANSP> 8
 0.000000e+00 1.000000e+00 0.000000e+00 0.000000e+00 0.000000e+00 0.000000e+00 0.000000e+00 0.000000e+00
 0.000000e+00 4.419066e-02 9.558094e-01 0.000000e+00 0.000000e+00 0.000000e+00 0.000000e+00 0.000000e+00
 0.000000e+00 0.000000e+00 5.361446e-01 4.638554e-01 0.000000e+00 0.000000e+00 0.000000e+00 0.000000e+00
 0.000000e+00 0.000000e+00 0.000000e+00 4.977824e-01 5.022176e-01 0.000000e+00 0.000000e+00 0.000000e+00
 0.000000e+00 0.000000e+00 0.000000e+00 0.000000e+00 5.863773e-01 4.136227e-01 0.000000e+00 0.000000e+00
 0.000000e+00 0.000000e+00 0.000000e+00 0.000000e+00 0.000000e+00 5.524297e-01 4.475703e-01 0.000000e+00
 0.000000e+00 0.000000e+00 0.000000e+00 0.000000e+00 0.000000e+00 0.000000e+00 6.097561e-02 9.390244e-01
 0.000000e+00 0.000000e+00 0.000000e+00 0.000000e+00 0.000000e+00 0.000000e+00 0.000000e+00 0.000000e+00
<ENDHMM>
