~o
<STREAMINFO> 1 20
<VECSIZE> 20<NULLD><USER><DIAGC>
~h "z"
<BEGINHMM>
<NUMSTATES> 5
<STATE> 2
<NUMMIXES> 4
<MIXTURE> 1 2.345679e-01
<MEAN> 20
 -4.766168e+00 -1.306291e+00 -7.206768e+00 -8.495916e+00 -5.442350e+00 -8.213752e+00 -6.319429e+00 -1.233675e+01 -1.396330e+00 -8.235675e+00 -3.593495e+00 -5.257073e+00 2.390378e+00 -7.738872e+00 -1.006315e+00 -4.155661e+00 6.169106e+00 -6.838392e+00 3.865979e+00 -6.899403e+00
<VARIANCE> 20
 3.745421e-01 6.736063e-02 1.166913e+01 4.227019e-01 2.636161e+00 8.467755e-01 7.140135e+00 4.970850e+00 6.073593e-01 1.060338e+00 1.287147e+00 5.825632e-01 1.552527e-01 9.138816e-01 2.619094e-01 1.096760e+00 1.099917e+00 5.897215e-01 3.206358e+00 8.992469e+00
<GCONST> 3.804654e+01
<MIXTURE> 2 2.098765e-01
<MEAN> 20
 -9.573890e+00 -8.647354e-01 -1.974338e+01 -1.045916e+01 -1.439714e+01 -1.128134e+01 -1.564659e+01 -9.074662e+00 -9.489100e+00 -1.213531e+01 -1.037533e+01 -7.904084e+00 -4.262414e+00 -1.265975e+01 -7.150381e+00 -8.076385e+00 1.394297e+00 -1.278043e+01 -6.364175e+00 -2.209569e+01
<VARIANCE> 20
 1.405365e-01 7.403643e-02 5.378169e+00 2.064920e-01 1.050895e+00 2.932553e-01 6.273115e+00 4.852777e+00 9.438818e-01 9.782701e-02 4.001303e+00 1.234849e+00 1.751058e+00 2.823634e-02 5.430393e+00 5.867516e-01 2.868887e+00 9.870332e-02 1.243481e+01 2.837775e+00
<GCONST> 3.420466e+01
<MIXTURE> 3 4.567901e-01
<MEAN> 20
 -8.428502e+00 -2.329854e+00 -1.726452e+01 -1.336273e+01 -9.780651e+00 -1.309194e+01 -1.498949e+01 -1.383799e+01 -3.833914e+00 -1.333630e+01 -8.042423e+00 -7.283300e+00 2.158125e+00 -1.261798e+01 -3.244802e+00 -6.197947e+00 8.229507e+00 -1.111603e+01 1.162232e+00 -6.687452e+00
<VARIANCE> 20
 9.220701e-01 9.054127e-01 1.077889e+01 7.517488e+00 1.017911e+00 1.532400e+00 1.733239e+01 2.974269e+01 1.285368e+00 1.588329e+00 2.664953e+00 3.209452e+00 1.721753e+00 1.182804e+00 1.439332e+00 3.633253e+00 1.668133e+00 9.493842e-01 2.246540e+00 2.314685e+00
<GCONST> 5.499558e+01
<MIXTURE> 4 9.876543e-02
<MEAN> 20
 -8.306862e+00 -1.701756e+00 -1.291413e+01 -1.020440e+01 -1.243035e+01 -1.356121e+01 -1.786925e+01 -2.222294e+01 -7.344945e+00 -1.419772e+01 -1.248442e+01 -2.189375e+01 -2.026601e+00 -1.365664e+01 -7.372266e+00 -2.110270e+01 3.845688e+00 -1.210119e+01 -1.114990e+00 -1.835334e+01
<VARIANCE> 20
 1.262871e-01 1.402784e+00 3.307108e+01 3.532437e+00 1.256742e+01 2.376515e+00 4.340914e+01 2.859828e+01 9.643705e+00 1.158587e+00 4.230135e+00 8.709133e+01 6.024483e+00 5.211561e-01 4.157577e+00 8.153902e+01 3.177170e+00 1.631620e-01 6.696372e+00 5.131493e+01
<GCONST> 7.078358e+01
<STATE> 3
<NUMMIXES> 4
<MIXTURE> 1 5.084746e-01
<MEAN> 20
 -6.925927e+00 -1.657346e+00 -1.182117e+01 -1.037333e+01 -8.926970e+00 -1.222932e+01 -1.192750e+01 -1.637383e+01 -2.679757e+00 -1.262368e+01 -6.649096e+00 -6.440802e+00 3.202908e+00 -1.178404e+01 -2.115912e+00 -5.040104e+00 8.933236e+00 -1.014789e+01 2.187537e+00 -5.521420e+00
<VARIANCE> 20
 6.701021e-01 1.848865e-01 2.053910e+01 2.966472e+00 2.370812e+00 2.718072e+00 1.578650e+01 3.423555e+01 1.751356e+00 3.588417e+00 3.890114e+00 6.381983e-01 2.282502e+00 2.847617e+00 2.145018e+00 8.040857e-01 3.429782e+00 1.864340e+00 2.085536e+00 7.843912e-01
<GCONST> 5.444635e+01
<MIXTURE> 2 1.694915e-01
<MEAN> 20
 -9.779399e+00 -2.562883e+00 -1.806735e+01 -1.520070e+01 -1.324996e+01 -1.507723e+01 -1.660710e+01 -1.319223e+01 -7.607659e+00 -1.537252e+01 -1.038015e+01 -1.146018e+01 -1.931557e+00 -1.502750e+01 -5.586446e+00 -1.060125e+01 4.012368e+00 -1.420594e+01 -2.116528e+00 -1.672892e+01
<VARIANCE> 20
 7.033938e-01 1.497484e+00 1.518537e+01 1.036086e+01 2.264120e+00 4.780352e+00 1.788348e+00 4.216454e+00 1.770142e+00 3.674629e+00 1.608911e+00 4.620889e+00 1.589826e+00 2.820726e+00 2.785953e+00 5.728479e+00 1.393835e+00 2.843895e+00 9.573858e+00 4.598769e+01
<GCONST> 6.188380e+01
<MIXTURE> 3 2.372881e-01
<MEAN> 20
 -8.642472e+00 -4.978901e-01 -2.329026e+01 -8.726622e+00 -1.757920e+01 -1.028519e+01 -3.321844e+01 -1.677190e+01 -1.215685e+01 -1.195521e+01 -1.254867e+01 -3.974955e+00 -6.138517e+00 -1.253035e+01 -7.198510e+00 -4.020133e+00 4.290312e-01 -1.223471e+01 -4.424351e+00 -5.571396e+00
<VARIANCE> 20
 1.569776e-01 1.782892e-01 1.086998e+01 3.549710e+00 7.277932e+00 8.083394e-01 3.207204e+01 6.645035e+00 5.853079e+00 4.678265e-01 4.732466e+00 4.149848e+00 4.527617e+00 1.709088e-01 5.328750e+00 3.762255e+00 3.524565e+00 5.901558e-02 1.065188e+01 4.910042e+00
<GCONST> 5.308170e+01
<MIXTURE> 4 8.474576e-02
<MEAN> 20
 -7.871974e+00 -3.454043e+00 -1.937726e+01 -1.508815e+01 -6.928656e+00 -1.406551e+01 -1.077303e+01 -2.630329e+01 -2.353949e+00 -1.379304e+01 -1.347502e+01 -1.294369e+01 2.262547e+00 -1.278804e+01 -9.640924e+00 -1.201215e+01 7.209985e+00 -1.110666e+01 -5.072940e+00 -1.303251e+01
<VARIANCE> 20
 1.708898e-02 4.560971e-02 6.080860e-01 4.252163e-02 6.383014e-02 3.412742e-02 1.490952e-01 8.434425e-02 1.018829e-01 4.898214e-02 2.638634e+00 8.986752e+00 7.501109e-02 6.443924e-02 1.818920e+00 1.070546e+01 1.125504e-01 7.621140e-02 3.088800e-01 8.385238e+00
<GCONST> 7.135900e+00
<STATE> 4
<NUMMIXES> 4
<MIXTURE> 1 5.820895e-01
<MEAN> 20
 -6.782736e+00 -1.518483e+00 -1.103599e+01 -9.468852e+00 -8.532189e+00 -1.204801e+01 -1.258482e+01 -1.646350e+01 -2.288410e+00 -1.259627e+01 -5.666601e+00 -5.617640e+00 3.494355e+00 -1.175180e+01 -1.376310e+00 -4.803705e+00 8.964074e+00 -1.000984e+01 2.946617e+00 -5.718682e+00
<VARIANCE> 20
 6.944290e-01 2.050524e-01 7.204689e+00 3.382035e+00 4.224921e+00 2.912505e+00 1.475920e+01 1.213009e+01 3.460859e+00 3.307803e+00 2.449266e+00 2.379025e+00 3.247324e+00 2.465766e+00 1.496503e+00 2.583368e+00 3.165362e+00 1.782021e+00 2.758103e+00 7.526279e+00
<GCONST> 5.809497e+01
<MIXTURE> 2 2.537313e-01
<MEAN> 20
 -8.022822e+00 -1.568091e+00 -1.699701e+01 -1.208633e+01 -1.098544e+01 -1.262610e+01 -1.787806e+01 -2.016606e+01 -5.050029e+00 -1.321717e+01 -9.078425e+00 -6.532565e+00 8.376921e-01 -1.272757e+01 -4.416948e+00 -5.529025e+00 6.870686e+00 -1.137560e+01 -8.293560e-01 -6.112867e+00
<VARIANCE> 20
 8.908806e-02 3.665720e-01 7.741707e+00 2.200480e+00 3.209671e+00 3.223142e-01 1.683817e+01 1.667085e+01 1.707441e+00 1.579822e-01 7.438437e-01 2.869804e+00 9.876497e-01 1.713239e-01 2.252683e+00 2.390374e+00 1.000308e+00 2.131839e-01 4.599298e+00 1.705208e+00
<GCONST> 4.171169e+01
<MIXTURE> 3 1.194030e-01
<MEAN> 20
 -8.757790e+00 -9.334250e-01 -5.155734e+00 -9.879970e+00 -1.538350e+01 -1.362334e+01 -1.692806e+01 -1.497922e+01 -8.881371e+00 -1.461529e+01 -1.051527e+01 -1.510862e+01 -2.804034e+00 -1.452801e+01 -4.784228e+00 -1.571139e+01 3.384375e+00 -1.348635e+01 9.907999e-01 -1.531025e+01
<VARIANCE> 20
 1.470970e-02 4.101603e-02 1.896250e-01 7.890363e-02 6.917724e-02 1.033750e-02 1.453256e-01 1.491054e-02 1.404116e-01 3.300117e-02 1.970768e-01 1.079639e-02 1.581572e-01 5.050811e-02 1.648462e-01 2.133268e-02 1.081452e-01 7.275368e-02 3.640572e-01 2.715927e-02
<GCONST> -1.970384e+01
<MIXTURE> 4 4.477612e-02
<MEAN> 20
 -1.135646e+01 -2.888952e+00 -2.287892e+01 -1.711709e+01 -1.561934e+01 -1.632661e+01 -1.901092e+01 -1.264665e+01 -1.029244e+01 -1.651001e+01 -1.249942e+01 -1.059982e+01 -4.686506e+00 -1.623895e+01 -8.189757e+00 -9.305387e+00 1.073810e+00 -1.581619e+01 -4.368007e-01 -2.997182e+01
<VARIANCE> 20
 1.000000e-02 1.000000e-02 3.501064e-01 4.944739e-02 1.000000e-02 1.000000e-02 2.318775e-01 1.000000e-02 1.000000e-02 1.000000e-02 5.846002e-02 5.077000e-02 1.586643e-02 1.000000e-02 4.255714e-02 1.000000e-02 1.000000e-02 1.000000e-02 1.770287e-01 1.000000e-02
<GCONST> -3.887418e+01
<TRANSP> 5
 0.000000e+00 1.000000e+00 0.000000e+00 0.000000e+00 0.000000e+00
 0.000000e+00 7.654321e-01 2.345679e-01 0.000000e+00 0.000000e+00
 0.000000e+00 0.000000e+00 6.779661e-01 3.220339e-01 0.000000e+00
 0.000000e+00 0.000000e+00 0.000000e+00 7.164179e-01 2.835821e-01
 0.000000e+00 0.000000e+00 0.000000e+00 0.000000e+00 0.000000e+00
<ENDHMM>
